311	316	
311	317	
311	318	
311	319	
311	320	
311	321	
311	322	
311	323	
312	324	
312	325	
312	326	
312	327	
312	328	
312	329	
312	330	
311	331	
311	332	
311	333	
311	334	
312	335	
311	336	
311	337	
311	338	
311	339	
311	340	
313	341	
313	342	
313	343	
313	344	
313	345	
313	346	
312	347	
312	348	
312	349	
313	349	
312	350	
312	351	
313	352	
313	353	
313	354	
314	355	
313	356	
314	356	
313	357	
313	358	
313	359	
314	360	
313	361	
313	362	
313	363	
313	364	
313	365	
312	366	
311	367	
312	368	
312	369	
312	370	
312	371	
312	372	
312	373	
311	374	
311	375	
311	376	
311	377	
312	378	
311	382	
311	383	
311	384	
311	385	
311	386	
311	387	
311	388	
311	389	
311	390	
311	391	
299	417	
299	418	
297	419	
297	420	
297	421	
299	422	
299	423	
299	424	
299	425	
299	426	
299	427	
299	428	
299	429	
299	430	
299	431	
299	432	
299	433	
299	434	
299	435	
299	436	
299	437	
299	438	
300	439	
299	440	
300	441	
299	442	
299	443	
301	443	
301	444	
301	445	
301	446	
301	447	
301	448	
301	449	
301	450	
301	451	
299	452	
301	453	
301	454	
302	455	
301	456	
302	456	
302	457	
302	458	
301	459	
301	460	
301	461	
302	461	
302	462	
301	463	
302	464	
302	465	
302	466	
302	467	
302	468	
302	469	
302	470	
301	471	
301	472	
301	473	
301	474	
301	475	
301	476	
301	477	
301	478	
299	479	
300	479	
301	480	
302	481	
302	482	
301	483	
301	484	
302	485	
302	486	
301	487	
302	488	
301	489	
302	489	
301	490	
301	491	
301	492	
302	493	
301	494	
301	495	
302	496	
302	497	
301	498	
300	499	
301	499	
300	500	
302	501	
301	502	
302	502	
301	503	
302	503	
300	504	
300	505	
301	505	
301	506	
301	507	
301	508	
301	509	
301	510	
301	511	
301	512	
301	513	
300	514	
301	515	
300	516	
302	517	
301	518	
301	519	
302	520	
302	521	
302	522	
301	523	
301	524	
302	525	
303	525	
303	526	
301	527	
303	528	
304	529	
303	530	
302	531	
302	532	
302	533	
301	534	
301	535	
301	536	
302	536	
302	537	
301	538	
301	539	
299	540	
299	541	
299	542	
298	543	
299	544	
298	545	
298	546	
298	547	
297	548	
297	549	
298	550	
297	551	
297	552	
297	553	
298	553	
297	554	
297	555	
297	556	
297	557	
297	558	
296	559	
295	560	
295	561	
296	562	
295	563	
295	564	
296	565	
295	566	
293	567	
294	568	
294	569	
294	570	
294	571	
294	572	
294	573	
295	574	
294	575	
295	575	
295	576	
294	577	
293	578	
294	578	
294	579	
294	580	
293	581	
294	581	
293	582	
293	583	
293	584	
293	585	
291	586	
293	586	
293	587	
293	588	
293	589	
292	590	
294	591	
294	592	
292	593	
293	593	
291	594	
292	595	
293	595	
293	596	
292	597	
293	597	
293	598	
292	599	
293	599	
293	600	
292	601	
292	602	
293	603	
293	604	
291	605	
291	606	
291	607	
291	608	
291	609	
290	610	
291	610	
291	611	
291	612	
291	613	
292	614	
291	615	
291	616	
291	617	
290	618	
289	619	
289	620	
289	621	
287	622	
287	623	
287	626	
287	627	
288	627	
287	628	
287	629	
287	630	
287	631	
287	632	
288	633	
289	634	
289	635	
288	636	
289	637	
289	638	
289	639	
289	640	
289	641	
289	642	
289	643	
289	644	
287	645	
287	646	
287	647	
288	648	
287	649	
287	650	
288	651	
288	652	
289	653	
288	654	
289	655	
288	656	
288	657	
288	658	
288	659	
288	660	
289	661	
289	662	
288	663	
289	664	
288	665	
288	666	
288	667	
288	668	
288	669	
288	670	
289	670	
288	671	
287	672	
287	673	
289	674	
289	675	
288	676	
289	677	
289	678	
288	679	
289	679	
288	680	
288	681	
288	682	
288	683	
290	684	
288	685	
289	686	
288	687	
288	688	
289	688	
289	689	
289	690	
288	691	
289	692	
288	693	
289	693	
288	694	
289	695	
289	696	
289	697	
289	698	
290	698	
290	699	
289	700	
289	701	
289	702	
289	703	
290	704	
290	705	
291	705	
290	706	
290	707	
290	708	
290	709	
290	710	
290	711	
291	712	
290	713	
291	714	
291	715	
290	716	
290	717	
290	718	
290	719	
290	720	
291	720	
290	721	
291	722	
290	723	
290	724	
291	725	
290	726	
291	727	
291	728	
290	729	
291	729	
291	730	
291	731	
290	732	
290	733	
290	734	
290	735	
290	736	
291	736	
290	737	
290	738	
291	739	
291	740	
291	741	
291	742	
291	743	
291	744	
291	745	
291	746	
291	747	
291	748	
291	749	
291	750	
290	751	
291	752	
291	753	
291	754	
291	755	
290	756	
291	757	
290	758	
290	759	
290	760	
290	761	
292	762	
291	763	
291	764	
291	765	
291	766	
291	767	
291	768	
290	769	
290	770	
290	771	
292	772	
292	773	
291	774	
292	775	
292	776	
292	777	
292	778	
293	779	
293	780	
292	781	
291	782	
291	783	
291	784	
293	785	
293	786	
293	787	
293	788	
292	789	
292	790	
293	791	
294	792	
294	793	
294	794	
294	795	
294	796	
294	797	
295	798	
295	799	
295	800	
295	801	
295	802	
294	803	
295	804	
295	805	
295	806	
296	807	
297	808	
295	809	
295	810	
295	811	
296	811	
297	812	
297	813	
297	814	
298	814	
297	815	
297	816	
298	817	
298	818	
297	819	
297	820	
301	821	
301	822	
300	823	
300	824	
300	825	
301	826	
300	827	
300	828	
300	829	
300	830	
300	831	
300	832	
300	833	
300	834	
301	835	
301	836	
301	837	
300	838	
301	838	
300	839	
301	839	
300	840	
300	841	
300	842	
300	843	
300	844	
300	845	
300	846	
300	847	
302	848	
302	849	
301	850	
300	851	
300	852	
301	853	
300	854	
300	855	
300	856	
300	857	
300	858	
300	859	
300	860	
300	861	
299	862	
299	863	
301	864	
301	865	
300	866	
299	867	
299	868	
300	869	
301	869	
301	870	
300	871	
300	872	
300	873	
301	874	
301	875	
301	876	
301	877	
300	878	
301	878	
301	879	
300	880	
300	881	
301	882	
301	883	
300	884	
302	885	
301	886	
302	886	
300	887	
301	887	
300	888	
301	889	
301	890	
300	891	
300	892	
300	893	
301	894	
301	895	
301	896	
301	897	
300	898	
300	899	
299	900	
299	901	
300	902	
300	903	
300	904	
300	905	
301	906	
301	907	
301	908	
301	909	
301	910	
301	911	
301	912	
301	913	
302	914	
302	915	
301	916	
301	917	
303	917	
301	918	
301	919	
302	920	
303	920	
302	921	
302	922	
298	1011	
298	1012	
299	1015	
298	1016	
297	1017	
296	1021	
296	1022	
288	1069	
288	1070	
