315	313	
315	314	
313	315	
314	316	
315	317	
315	318	
315	319	
313	320	
313	321	
314	322	
314	323	
313	324	
313	325	
313	326	
314	327	
314	328	
313	329	
314	330	
313	331	
313	332	
314	332	
315	333	
315	334	
315	335	
315	336	
315	337	
316	338	
315	339	
315	340	
316	341	
316	342	
316	343	
316	344	
317	345	
317	346	
317	347	
316	348	
316	349	
316	350	
316	351	
316	352	
317	353	
317	354	
317	355	
317	356	
317	357	
317	358	
315	359	
315	360	
315	361	
315	362	
315	363	
315	364	
315	365	
315	366	
315	367	
313	368	
315	369	
315	370	
315	371	
315	372	
315	373	
315	374	
315	375	
315	376	
315	377	
315	378	
315	379	
315	380	
313	381	
313	382	
313	383	
313	384	
313	385	
313	386	
313	387	
301	409	
301	410	
301	411	
303	412	
303	413	
303	414	
301	415	
301	416	
301	417	
302	418	
301	419	
301	420	
301	421	
301	422	
301	423	
301	424	
301	425	
301	426	
301	427	
301	428	
301	429	
302	430	
302	431	
301	432	
301	433	
301	434	
301	435	
302	436	
301	437	
303	438	
303	439	
301	440	
303	441	
303	442	
303	443	
303	444	
303	445	
303	446	
303	447	
303	448	
303	449	
303	450	
304	451	
305	452	
305	453	
303	454	
303	455	
303	456	
304	457	
306	458	
306	459	
305	460	
304	461	
304	462	
305	463	
305	464	
305	465	
304	466	
305	466	
304	467	
304	468	
304	469	
305	470	
304	471	
304	472	
304	473	
305	474	
304	475	
304	476	
304	477	
304	478	
304	479	
304	480	
304	481	
304	482	
304	483	
305	484	
304	485	
304	486	
304	487	
304	488	
304	489	
303	490	
304	491	
304	492	
305	492	
304	493	
304	494	
305	495	
305	496	
304	497	
304	498	
304	499	
304	500	
303	501	
304	501	
304	502	
304	503	
303	504	
304	505	
303	506	
304	507	
303	508	
304	509	
304	510	
304	511	
304	512	
304	513	
304	514	
303	515	
304	515	
304	516	
304	517	
304	518	
304	519	
304	520	
304	521	
303	522	
303	523	
304	524	
304	525	
304	526	
303	527	
306	528	
306	529	
305	530	
305	531	
305	532	
305	533	
305	534	
306	534	
306	535	
305	536	
305	537	
304	538	
304	539	
303	540	
304	541	
305	541	
304	542	
304	543	
303	544	
302	545	
302	546	
302	547	
303	547	
302	548	
302	549	
301	550	
302	551	
300	552	
300	553	
300	554	
300	555	
299	556	
300	557	
300	558	
299	559	
299	560	
298	561	
299	562	
298	563	
298	564	
298	565	
297	566	
298	567	
297	568	
298	568	
298	569	
298	570	
299	571	
299	572	
297	573	
297	574	
298	574	
298	575	
298	576	
297	577	
297	578	
297	579	
297	580	
296	581	
296	582	
296	583	
296	584	
296	585	
296	586	
296	587	
296	588	
296	589	
295	590	
296	590	
296	591	
294	592	
296	593	
294	594	
295	595	
295	596	
293	597	
294	597	
295	597	
294	598	
294	599	
295	600	
294	601	
294	602	
295	603	
295	604	
295	605	
295	606	
295	607	
294	608	
293	609	
293	610	
293	611	
291	612	
291	613	
293	614	
293	615	
291	616	
291	617	
291	618	
292	619	
292	620	
292	621	
291	622	
291	623	
292	624	
292	625	
291	626	
291	627	
291	628	
291	629	
292	630	
292	631	
291	632	
290	633	
290	634	
290	635	
289	636	
289	637	
289	638	
289	639	
290	640	
290	641	
290	642	
289	643	
289	644	
290	645	
290	646	
289	647	
289	648	
289	649	
290	650	
289	651	
289	652	
290	653	
291	654	
289	655	
289	656	
291	657	
291	658	
291	659	
291	660	
291	661	
290	662	
292	662	
290	663	
290	664	
290	665	
292	666	
292	667	
293	668	
293	669	
290	670	
292	670	
290	671	
291	672	
291	673	
290	674	
290	675	
290	676	
290	677	
291	678	
291	679	
290	680	
291	680	
291	681	
290	682	
291	683	
292	684	
291	685	
290	686	
293	687	
292	688	
290	689	
290	690	
291	691	
290	692	
291	693	
292	694	
293	695	
293	696	
293	697	
293	698	
293	699	
293	700	
292	701	
293	701	
294	701	
292	702	
293	702	
293	703	
293	704	
292	705	
293	705	
294	706	
293	707	
292	708	
293	708	
292	709	
293	710	
293	711	
292	712	
293	712	
294	712	
293	713	
293	714	
292	715	
293	715	
294	715	
293	716	
293	717	
294	718	
294	719	
293	720	
293	721	
293	722	
293	723	
293	724	
293	725	
293	726	
294	727	
294	728	
294	729	
294	730	
294	731	
293	732	
293	733	
293	734	
293	735	
293	736	
292	737	
295	738	
292	739	
294	739	
292	740	
292	741	
292	742	
294	742	
294	743	
294	744	
293	745	
293	746	
293	747	
293	748	
292	749	
293	750	
293	751	
292	752	
294	753	
295	753	
295	754	
295	755	
294	756	
294	757	
293	758	
294	758	
294	759	
294	760	
294	761	
294	762	
294	763	
295	763	
294	764	
294	765	
294	766	
294	767	
295	768	
294	769	
294	770	
294	771	
295	772	
296	773	
295	774	
296	774	
296	775	
295	776	
295	777	
295	778	
295	779	
295	780	
295	781	
295	782	
295	783	
295	784	
296	784	
295	785	
295	786	
295	787	
296	787	
296	788	
296	789	
296	790	
296	791	
296	792	
296	793	
295	794	
297	795	
298	795	
296	796	
297	796	
297	797	
297	798	
298	799	
296	800	
296	801	
298	802	
299	802	
298	803	
298	804	
298	805	
298	806	
298	807	
298	808	
298	809	
299	810	
300	810	
298	811	
298	812	
298	813	
300	814	
301	815	
301	816	
301	817	
300	818	
301	819	
302	820	
302	821	
302	822	
302	823	
302	824	
303	825	
303	826	
304	827	
305	828	
305	829	
304	830	
305	830	
304	831	
305	831	
305	832	
305	833	
304	834	
304	835	
304	836	
305	836	
304	837	
305	837	
304	838	
305	839	
305	840	
304	841	
304	842	
304	843	
305	844	
304	845	
305	846	
304	847	
304	848	
304	849	
304	850	
304	851	
304	852	
304	853	
304	854	
304	855	
304	856	
305	856	
305	857	
306	857	
305	858	
304	859	
304	860	
304	861	
305	862	
305	863	
305	864	
305	865	
304	866	
304	867	
305	867	
304	868	
305	869	
304	870	
304	871	
304	872	
304	873	
305	874	
304	875	
304	876	
305	877	
305	878	
305	879	
304	880	
304	881	
305	881	
303	882	
303	883	
303	884	
305	885	
304	886	
304	887	
305	888	
305	889	
305	890	
305	891	
305	892	
304	893	
304	894	
305	894	
305	895	
305	896	
305	897	
305	898	
305	899	
304	900	
304	901	
304	902	
305	902	
304	903	
304	904	
305	904	
304	905	
305	905	
305	906	
305	907	
304	908	
304	909	
304	910	
304	911	
304	912	
304	913	
305	914	
305	915	
305	916	
304	917	
305	918	
305	919	
305	920	
305	921	
305	922	
302	1015	
302	1016	
298	1034	
298	1035	
296	1039	
296	1040	
297	1041	
297	1042	
288	1095	
290	1096	
290	1097	
