177	535	
177	536	
179	537	
179	538	
179	539	
177	540	
178	541	
179	542	
176	543	
175	544	
177	545	
178	546	
176	547	
176	548	
177	549	
177	550	
177	551	
177	552	
177	553	
177	554	
174	555	
175	555	
174	556	
175	556	
175	557	
175	558	
177	558	
176	559	
176	560	
177	561	
177	562	
177	563	
177	564	
176	565	
177	566	
176	567	
177	567	
175	568	
175	569	
176	570	
176	571	
176	572	
177	573	
178	574	
179	575	
179	576	
179	577	
179	578	
180	579	
180	580	
179	581	
178	582	
181	583	
180	584	
181	585	
180	586	
179	587	
173	613	
173	614	
175	616	
175	617	
175	618	
175	619	
175	620	
173	621	
174	622	
174	623	
174	624	
174	625	
174	626	
175	627	
174	628	
174	629	
173	630	
172	631	
173	632	
173	633	
173	634	
174	635	
175	636	
175	637	
174	638	
174	639	
173	640	
174	641	
174	642	
175	643	
174	644	
175	644	
175	645	
172	646	
175	647	
176	648	
175	649	
175	650	
175	651	
175	652	
174	653	
174	654	
174	655	
175	656	
175	657	
174	658	
174	659	
174	660	
174	661	
174	662	
175	663	
175	664	
175	665	
176	666	
173	667	
174	667	
174	668	
177	669	
177	670	
177	671	
177	672	
176	673	
176	674	
177	675	
177	676	
175	677	
175	678	
175	679	
175	680	
177	681	
177	682	
179	683	
179	684	
177	685	
178	685	
177	686	
177	687	
177	688	
178	689	
179	690	
178	691	
178	692	
178	693	
178	694	
178	695	
179	696	
178	697	
178	698	
179	699	
179	700	
179	701	
180	704	
