382	99	
315	312	
315	313	
315	314	
315	315	
315	316	
315	317	
315	318	
316	319	
315	320	
316	320	
316	321	
316	322	
315	323	
314	324	
316	325	
315	326	
315	327	
315	328	
315	329	
315	330	
315	331	
316	331	
315	332	
316	333	
315	334	
315	335	
316	336	
317	337	
317	338	
316	339	
316	340	
316	341	
317	342	
317	343	
317	344	
317	345	
317	346	
317	347	
317	348	
317	349	
317	350	
317	351	
318	352	
317	353	
318	354	
318	355	
318	356	
317	357	
317	358	
317	359	
317	360	
317	361	
317	362	
317	363	
317	364	
317	365	
315	366	
316	367	
316	368	
316	369	
316	370	
316	371	
316	372	
317	373	
317	374	
315	375	
315	378	
315	379	
315	380	
315	381	
315	382	
315	383	
313	384	
315	385	
315	386	
315	391	
315	392	
315	393	
315	394	
313	395	
313	396	
305	405	
305	406	
305	407	
303	408	
303	409	
303	410	
303	411	
303	412	
303	413	
303	414	
301	415	
301	416	
301	417	
302	418	
303	419	
303	420	
303	421	
303	422	
303	423	
302	424	
302	425	
303	426	
302	427	
303	427	
302	428	
302	429	
301	430	
302	431	
302	432	
302	433	
303	434	
303	435	
303	436	
301	437	
301	438	
303	439	
303	440	
303	441	
303	442	
303	443	
305	444	
304	445	
303	446	
303	447	
303	448	
305	449	
305	450	
305	451	
305	452	
305	453	
305	454	
305	455	
306	456	
306	457	
307	458	
307	459	
306	460	
307	460	
305	461	
305	462	
305	463	
305	464	
306	465	
305	466	
305	467	
305	468	
305	469	
304	470	
305	471	
306	472	
306	473	
307	473	
303	474	
304	475	
306	475	
304	476	
304	477	
305	477	
304	478	
304	479	
304	480	
305	481	
305	482	
304	483	
305	483	
306	483	
305	484	
305	485	
306	486	
306	487	
305	488	
305	489	
305	490	
305	491	
305	492	
305	493	
305	494	
305	495	
305	496	
306	496	
305	497	
305	498	
305	499	
305	500	
305	501	
305	502	
305	503	
305	504	
305	505	
305	506	
305	507	
305	508	
305	509	
305	510	
305	511	
305	512	
305	513	
305	514	
305	515	
305	516	
305	517	
306	518	
307	519	
306	520	
306	521	
306	522	
306	523	
306	524	
306	525	
305	526	
306	527	
307	528	
307	529	
306	530	
307	530	
306	531	
307	532	
306	533	
306	534	
306	535	
307	536	
306	537	
305	538	
306	539	
306	540	
305	541	
305	542	
303	543	
303	544	
304	545	
305	546	
305	547	
304	548	
304	549	
303	550	
303	551	
301	552	
301	553	
302	554	
302	555	
302	556	
302	557	
301	558	
299	559	
300	560	
300	561	
300	562	
300	563	
300	564	
300	565	
300	566	
301	567	
300	568	
300	569	
299	570	
300	570	
301	571	
300	572	
300	573	
299	574	
299	575	
299	576	
298	577	
297	578	
298	579	
298	580	
298	581	
297	582	
298	583	
298	584	
297	585	
298	586	
297	587	
299	588	
296	589	
296	590	
297	590	
297	591	
297	592	
297	593	
297	594	
297	595	
297	596	
297	597	
296	598	
296	599	
296	600	
296	601	
297	602	
297	603	
297	604	
293	605	
293	606	
295	607	
295	608	
295	609	
293	610	
293	611	
293	612	
293	613	
293	614	
293	615	
291	616	
292	617	
292	618	
291	619	
292	619	
293	619	
291	620	
292	621	
292	622	
293	623	
293	624	
293	625	
292	626	
292	627	
290	628	
292	628	
292	629	
292	630	
291	631	
292	632	
291	633	
292	634	
292	635	
293	635	
291	636	
291	637	
290	638	
291	639	
291	640	
291	641	
291	642	
291	643	
291	644	
291	645	
291	646	
292	647	
292	648	
292	649	
292	650	
291	651	
290	652	
292	653	
292	654	
292	655	
292	656	
292	657	
292	658	
291	659	
291	660	
292	661	
292	662	
292	663	
292	664	
291	665	
290	666	
291	667	
293	667	
292	668	
291	669	
292	670	
292	671	
294	672	
293	673	
294	673	
292	674	
292	675	
293	676	
293	677	
291	678	
292	679	
292	680	
292	681	
292	682	
293	683	
292	684	
293	685	
293	686	
292	687	
292	688	
293	688	
293	689	
294	690	
293	691	
293	692	
293	693	
292	694	
292	695	
293	696	
292	697	
293	698	
293	699	
294	700	
294	701	
294	702	
294	703	
295	704	
294	705	
293	706	
295	706	
293	707	
294	707	
294	708	
294	709	
294	710	
294	711	
295	712	
295	713	
294	714	
294	715	
293	716	
296	716	
294	717	
294	718	
294	719	
294	720	
294	721	
295	722	
295	723	
294	724	
293	725	
294	726	
294	727	
295	728	
294	729	
294	730	
295	731	
294	732	
294	733	
294	734	
295	735	
295	736	
295	737	
293	738	
295	739	
295	740	
294	741	
294	742	
295	743	
294	744	
294	745	
295	745	
294	746	
294	747	
295	747	
295	748	
295	749	
295	750	
295	751	
295	752	
295	753	
295	754	
295	755	
295	756	
295	757	
296	757	
295	758	
295	759	
295	760	
295	761	
295	762	
295	763	
296	763	
296	764	
296	765	
296	766	
294	767	
296	768	
296	769	
296	770	
296	771	
296	772	
296	773	
296	774	
296	775	
297	776	
296	777	
296	778	
296	779	
296	780	
296	781	
296	782	
296	783	
296	784	
296	785	
296	786	
297	787	
297	788	
298	789	
297	790	
297	791	
298	792	
298	793	
298	794	
298	795	
298	796	
298	797	
299	798	
298	799	
299	800	
298	801	
299	801	
299	802	
299	803	
300	804	
299	805	
299	806	
300	807	
301	808	
301	809	
301	810	
300	811	
301	812	
301	813	
301	814	
302	815	
302	816	
302	817	
302	818	
302	819	
302	820	
305	821	
305	822	
305	823	
305	824	
304	825	
303	826	
304	826	
304	827	
305	828	
305	829	
306	830	
307	831	
307	832	
307	833	
307	834	
307	835	
306	836	
306	837	
307	838	
306	839	
306	840	
306	841	
306	842	
306	843	
306	844	
306	845	
307	845	
307	846	
304	847	
304	848	
307	849	
307	850	
304	851	
307	852	
306	853	
306	854	
306	855	
306	856	
305	857	
305	858	
306	859	
307	860	
307	861	
304	862	
304	863	
304	864	
306	865	
306	866	
306	867	
306	868	
305	869	
305	870	
305	871	
305	872	
305	873	
306	874	
306	875	
306	876	
306	877	
306	878	
307	879	
307	880	
307	881	
307	882	
307	883	
306	884	
307	884	
305	885	
305	886	
307	887	
307	888	
307	889	
306	890	
307	890	
305	891	
305	892	
306	893	
306	894	
305	895	
306	895	
306	896	
306	897	
307	898	
307	899	
307	900	
306	901	
306	902	
306	903	
307	904	
307	905	
307	906	
306	907	
306	908	
306	909	
306	910	
306	911	
306	912	
307	913	
307	914	
307	915	
307	916	
307	917	
306	918	
309	919	
309	920	
308	921	
307	922	
307	923	
305	1003	
305	1004	
304	1005	
303	1006	
292	1090	
292	1091	
292	1092	
292	1093	
292	1094	
290	1095	
290	1096	
292	1099	
290	1101	
