319	314	
319	315	
319	316	
317	317	
318	318	
318	319	
317	320	
317	321	
318	322	
319	323	
319	324	
319	325	
318	326	
318	327	
318	328	
318	329	
319	329	
318	330	
319	331	
319	332	
319	333	
319	334	
319	335	
319	336	
320	337	
320	338	
319	339	
319	340	
319	341	
320	342	
320	343	
320	344	
320	345	
321	346	
321	347	
321	348	
320	349	
320	350	
320	351	
320	352	
321	352	
321	353	
321	354	
320	355	
319	356	
319	357	
319	358	
319	359	
319	360	
319	361	
319	362	
319	363	
318	364	
318	365	
319	366	
319	367	
318	368	
319	368	
318	369	
318	370	
319	371	
319	372	
319	373	
319	374	
317	376	
317	377	
317	378	
317	379	
317	380	
317	381	
317	382	
317	383	
317	384	
317	385	
317	386	
315	391	
315	392	
317	393	
317	394	
317	395	
317	396	
307	401	
307	402	
307	403	
307	404	
307	405	
307	406	
307	407	
306	408	
303	409	
303	410	
305	411	
305	412	
303	413	
303	414	
305	415	
305	416	
305	417	
303	418	
304	419	
305	420	
305	421	
305	422	
305	423	
305	424	
303	425	
303	426	
305	427	
305	428	
305	429	
305	430	
305	431	
304	432	
304	433	
304	434	
304	435	
305	436	
305	437	
305	438	
304	439	
305	440	
305	441	
305	442	
305	443	
305	444	
305	445	
306	446	
306	447	
305	448	
306	449	
306	450	
307	451	
307	452	
308	452	
308	453	
307	454	
307	455	
307	456	
308	457	
309	458	
309	459	
308	460	
308	461	
308	462	
307	463	
307	464	
308	464	
307	465	
307	466	
308	467	
308	468	
308	469	
306	470	
306	471	
307	472	
307	473	
308	473	
308	474	
307	475	
307	476	
308	477	
309	478	
307	479	
307	480	
307	481	
307	482	
307	483	
307	484	
307	485	
308	486	
307	487	
307	488	
308	489	
306	490	
308	491	
308	492	
307	493	
308	494	
309	495	
309	496	
309	497	
307	498	
308	499	
308	500	
307	501	
307	502	
307	503	
308	504	
307	505	
308	506	
307	507	
307	508	
307	509	
307	510	
307	511	
308	512	
308	513	
308	514	
307	515	
307	516	
307	517	
308	518	
308	519	
307	520	
308	521	
307	522	
308	523	
307	524	
308	525	
308	526	
308	527	
309	527	
309	528	
309	529	
309	530	
310	531	
310	532	
309	533	
309	534	
308	535	
308	536	
307	537	
307	538	
307	539	
308	540	
307	541	
306	542	
307	543	
307	544	
307	545	
306	546	
306	547	
305	548	
305	549	
306	550	
305	551	
305	552	
304	553	
304	554	
304	555	
304	556	
305	557	
304	558	
303	559	
303	560	
302	561	
302	562	
303	563	
304	564	
303	565	
304	566	
303	567	
304	568	
303	569	
304	569	
302	570	
301	571	
301	572	
301	573	
302	574	
301	575	
302	576	
301	577	
301	578	
301	579	
301	580	
302	581	
301	582	
301	583	
299	584	
299	585	
300	586	
299	587	
300	588	
300	589	
299	590	
299	591	
298	592	
299	593	
298	594	
300	594	
299	595	
298	596	
298	597	
298	598	
297	599	
297	600	
297	601	
295	602	
296	602	
295	603	
297	604	
295	605	
295	606	
295	607	
297	608	
297	609	
297	610	
297	611	
297	612	
296	613	
296	614	
295	615	
294	616	
295	617	
293	618	
294	619	
294	620	
294	621	
294	622	
294	623	
294	624	
294	625	
294	626	
294	627	
294	628	
293	629	
292	630	
293	631	
294	631	
294	632	
293	633	
293	634	
293	635	
294	636	
294	637	
293	638	
294	639	
294	640	
295	640	
294	641	
293	642	
293	643	
294	644	
293	645	
293	646	
293	647	
293	648	
292	649	
291	650	
291	651	
294	652	
294	653	
293	654	
293	655	
292	656	
292	657	
292	658	
293	659	
294	660	
293	661	
293	662	
293	663	
293	664	
293	665	
293	666	
294	667	
294	668	
294	669	
297	670	
295	671	
294	672	
295	673	
295	674	
295	675	
294	676	
294	677	
294	678	
294	679	
293	680	
294	680	
293	681	
294	682	
295	683	
295	684	
294	685	
294	686	
295	686	
294	687	
294	688	
294	689	
295	690	
294	691	
295	692	
294	693	
296	694	
295	695	
295	696	
295	697	
295	698	
294	699	
297	700	
297	701	
296	702	
297	702	
297	703	
298	704	
297	705	
297	706	
297	707	
297	708	
297	709	
297	710	
298	710	
298	711	
297	712	
297	713	
296	714	
296	715	
296	716	
296	717	
297	718	
296	719	
296	720	
296	721	
295	722	
296	723	
296	724	
297	725	
296	726	
298	727	
297	728	
298	729	
298	730	
298	731	
297	732	
298	732	
297	733	
297	734	
297	735	
297	736	
298	737	
297	738	
297	739	
297	740	
297	741	
296	742	
297	742	
297	743	
297	744	
296	745	
297	745	
296	746	
297	747	
296	748	
297	749	
298	750	
298	751	
298	752	
297	753	
298	754	
298	755	
298	756	
298	757	
298	758	
297	759	
297	760	
297	761	
297	762	
298	762	
297	763	
297	764	
298	765	
298	766	
298	767	
298	768	
297	769	
298	770	
299	771	
300	772	
298	773	
298	774	
299	775	
299	776	
297	777	
297	778	
298	779	
298	780	
298	781	
298	782	
298	783	
298	784	
299	785	
299	786	
300	787	
298	788	
300	789	
299	790	
300	791	
300	792	
301	793	
301	794	
301	795	
300	796	
299	797	
299	798	
300	799	
301	799	
301	800	
301	801	
302	801	
302	802	
301	803	
301	804	
302	805	
302	806	
302	807	
302	808	
303	809	
303	810	
302	811	
303	811	
302	812	
305	813	
305	814	
305	815	
304	816	
305	817	
306	818	
307	819	
307	820	
307	821	
307	822	
306	823	
306	824	
306	825	
307	826	
308	826	
308	827	
308	828	
309	829	
309	830	
308	831	
308	832	
309	833	
309	834	
309	835	
309	836	
309	837	
308	838	
308	839	
309	839	
309	840	
309	841	
309	842	
309	843	
308	844	
309	844	
309	845	
308	846	
307	847	
308	847	
307	848	
308	849	
309	850	
308	851	
309	851	
308	852	
308	853	
309	854	
309	855	
309	856	
309	857	
309	858	
309	859	
307	860	
307	861	
308	862	
308	863	
308	864	
308	865	
309	865	
308	866	
309	867	
309	868	
309	869	
309	870	
309	871	
310	872	
309	873	
309	874	
309	875	
309	876	
309	877	
309	878	
309	879	
309	880	
308	881	
309	882	
308	883	
308	884	
309	885	
309	886	
309	887	
308	888	
309	888	
308	889	
308	890	
308	891	
308	892	
308	893	
309	894	
309	895	
309	896	
309	897	
309	898	
309	899	
309	900	
309	901	
309	902	
309	903	
309	904	
309	905	
309	906	
310	907	
310	908	
310	909	
310	910	
308	911	
308	912	
310	913	
310	914	
310	915	
310	916	
310	917	
311	917	
310	918	
310	919	
310	920	
311	921	
294	1079	
294	1080	
294	1082	
294	1083	
294	1084	
294	1085	
294	1086	
294	1087	
292	1089	
292	1090	
