319	312	
319	313	
319	314	
319	315	
317	316	
317	317	
317	318	
319	319	
318	320	
319	320	
318	321	
319	322	
319	323	
319	324	
319	325	
319	326	
319	327	
319	328	
320	328	
319	329	
320	330	
320	331	
320	332	
319	333	
319	334	
319	335	
320	336	
320	337	
320	338	
320	339	
320	340	
320	341	
320	342	
320	343	
321	344	
321	345	
321	346	
321	347	
321	348	
321	349	
321	350	
321	351	
321	352	
321	353	
321	354	
321	355	
321	356	
321	357	
319	358	
320	359	
320	360	
320	361	
320	362	
320	363	
319	364	
319	365	
319	366	
319	367	
319	368	
319	369	
319	370	
319	371	
319	372	
319	373	
319	374	
319	375	
319	376	
319	377	
319	378	
319	379	
319	380	
319	381	
317	382	
317	383	
317	384	
317	385	
317	386	
307	400	
307	403	
305	404	
305	405	
305	406	
306	407	
307	407	
307	408	
307	409	
307	410	
307	411	
306	412	
307	413	
307	414	
306	415	
306	416	
305	417	
305	418	
306	418	
305	419	
305	420	
305	421	
305	422	
305	423	
305	424	
305	425	
305	426	
304	427	
303	428	
305	429	
305	430	
305	431	
306	432	
305	433	
306	433	
305	434	
305	435	
305	436	
305	437	
305	438	
305	439	
305	440	
306	440	
305	441	
306	441	
306	442	
306	443	
306	444	
306	445	
306	446	
307	447	
308	448	
307	449	
307	450	
307	451	
307	452	
308	453	
308	454	
309	454	
309	455	
309	456	
309	457	
308	458	
309	458	
309	459	
309	460	
307	461	
310	462	
307	463	
308	463	
309	463	
309	464	
308	465	
308	466	
308	467	
308	468	
310	469	
308	470	
309	471	
309	472	
309	473	
308	474	
309	475	
309	476	
309	477	
309	478	
308	479	
308	480	
308	481	
309	482	
308	483	
308	484	
309	485	
309	486	
308	487	
310	488	
309	489	
310	490	
309	491	
308	492	
308	493	
307	494	
307	495	
308	496	
308	497	
309	498	
308	499	
310	500	
310	501	
308	502	
309	502	
308	503	
309	504	
308	505	
309	506	
309	507	
309	508	
308	509	
309	509	
308	510	
308	511	
308	512	
309	513	
309	514	
309	515	
309	516	
309	517	
309	518	
308	519	
309	519	
308	520	
309	521	
310	522	
309	523	
309	524	
309	525	
309	526	
310	527	
309	528	
309	529	
309	530	
310	531	
310	532	
309	533	
310	534	
310	535	
311	536	
310	537	
310	538	
309	539	
308	540	
309	541	
308	542	
307	543	
307	544	
307	545	
307	546	
307	547	
307	548	
306	549	
306	550	
306	551	
306	552	
305	553	
306	553	
305	554	
305	555	
304	556	
304	557	
304	558	
305	559	
305	560	
305	561	
305	562	
305	563	
305	564	
305	565	
305	566	
303	567	
303	568	
304	569	
302	570	
303	571	
302	572	
302	573	
303	573	
301	574	
302	574	
301	575	
303	575	
302	576	
302	577	
302	578	
301	579	
302	580	
301	581	
302	581	
303	582	
301	583	
301	584	
299	585	
300	586	
300	587	
300	588	
301	589	
300	590	
299	591	
300	592	
300	593	
301	593	
301	594	
300	595	
300	596	
300	597	
300	598	
299	599	
299	600	
299	601	
297	602	
297	603	
297	604	
297	605	
296	606	
296	607	
295	608	
295	609	
295	610	
295	611	
296	612	
295	613	
296	613	
296	614	
296	615	
295	616	
295	617	
295	618	
296	618	
295	619	
295	620	
295	621	
296	622	
295	623	
295	624	
295	625	
294	626	
295	627	
294	628	
294	629	
294	630	
294	631	
294	632	
294	633	
294	634	
294	635	
295	636	
295	637	
294	638	
294	639	
294	640	
294	641	
294	642	
294	643	
294	644	
295	645	
294	646	
294	647	
293	648	
294	648	
294	649	
294	650	
295	651	
295	652	
295	653	
294	654	
294	655	
293	656	
294	657	
293	658	
294	659	
294	660	
295	661	
295	662	
294	663	
294	664	
293	665	
294	666	
295	667	
295	668	
295	669	
295	670	
294	671	
296	672	
295	673	
294	674	
294	675	
295	676	
294	677	
293	678	
293	679	
293	680	
295	681	
295	682	
295	683	
295	684	
296	684	
296	685	
295	686	
296	686	
295	687	
296	688	
297	688	
296	689	
296	690	
296	691	
296	692	
296	693	
295	694	
296	695	
296	696	
297	696	
296	697	
296	698	
296	699	
295	700	
296	700	
296	701	
298	702	
296	703	
297	704	
298	704	
298	705	
297	706	
298	706	
298	707	
297	708	
298	708	
297	709	
298	709	
299	710	
299	711	
298	712	
298	713	
297	714	
297	715	
298	716	
298	717	
297	718	
297	719	
297	720	
297	721	
297	722	
297	723	
298	723	
298	724	
298	725	
298	726	
298	727	
297	728	
298	728	
298	729	
298	730	
298	731	
299	731	
299	732	
299	733	
299	734	
299	735	
299	736	
298	737	
298	738	
298	739	
298	740	
299	740	
299	741	
298	742	
299	742	
298	743	
298	744	
299	744	
298	745	
299	746	
299	747	
298	748	
298	749	
299	750	
298	751	
299	751	
298	752	
299	753	
299	754	
299	755	
298	756	
298	757	
298	758	
298	759	
298	760	
299	761	
299	762	
298	763	
299	763	
297	764	
298	765	
298	766	
299	767	
299	768	
299	769	
299	770	
299	771	
298	772	
298	773	
298	774	
298	775	
298	776	
298	777	
299	778	
299	779	
300	780	
299	781	
300	781	
300	782	
301	783	
300	784	
299	785	
299	786	
300	787	
299	788	
299	789	
301	790	
300	791	
300	792	
300	793	
300	794	
300	795	
301	796	
301	797	
301	798	
303	799	
303	800	
303	801	
302	802	
302	803	
302	804	
302	805	
302	806	
303	807	
303	808	
303	809	
302	810	
303	811	
303	812	
304	813	
305	814	
305	815	
304	816	
304	817	
304	818	
306	819	
307	819	
306	820	
305	821	
305	822	
306	823	
307	824	
309	825	
309	826	
309	827	
308	828	
308	829	
308	830	
309	831	
310	832	
310	833	
309	834	
310	835	
310	836	
310	837	
310	838	
310	839	
311	840	
311	841	
310	842	
311	842	
311	843	
308	844	
308	845	
308	846	
308	847	
308	848	
308	849	
308	850	
309	851	
309	852	
309	853	
309	854	
308	855	
307	856	
308	857	
309	858	
309	859	
310	860	
310	861	
311	862	
308	863	
308	864	
311	865	
311	866	
311	867	
310	868	
310	869	
311	870	
310	871	
309	872	
309	873	
309	874	
310	875	
310	876	
310	877	
310	878	
310	879	
311	880	
311	881	
310	882	
311	883	
311	884	
310	885	
310	886	
308	887	
310	888	
310	889	
310	890	
309	891	
309	892	
309	893	
309	894	
309	895	
309	896	
310	897	
310	898	
310	899	
311	900	
311	901	
311	902	
311	903	
309	904	
311	905	
310	906	
310	907	
310	908	
311	909	
311	910	
311	911	
311	912	
311	913	
310	914	
311	915	
311	916	
311	917	
311	918	
310	919	
309	920	
308	1003	
294	1083	
296	1085	
296	1086	
296	1087	
296	1088	
296	1089	
292	1095	
