319	312	
319	313	
320	314	
321	315	
320	316	
320	317	
320	318	
321	319	
320	320	
320	321	
320	322	
320	323	
320	324	
320	325	
320	326	
321	327	
320	328	
321	328	
320	329	
320	330	
320	331	
320	332	
320	333	
321	334	
320	335	
320	336	
320	337	
321	338	
320	339	
321	340	
321	341	
321	342	
321	343	
321	344	
321	345	
322	345	
321	346	
321	347	
322	348	
322	349	
322	350	
323	350	
323	351	
323	352	
323	353	
323	354	
319	355	
322	355	
319	356	
322	357	
321	358	
319	359	
319	360	
321	360	
321	361	
321	362	
321	363	
321	364	
321	365	
321	366	
320	367	
320	368	
321	369	
321	370	
320	371	
319	372	
321	373	
321	374	
321	375	
319	378	
319	379	
319	380	
319	381	
319	382	
319	383	
319	384	
319	385	
319	386	
309	401	
309	402	
307	403	
307	404	
307	405	
307	406	
307	407	
307	408	
307	409	
305	410	
305	411	
305	412	
305	413	
305	414	
306	415	
307	416	
307	417	
307	418	
306	419	
305	420	
305	421	
305	422	
305	423	
306	424	
307	425	
307	426	
307	427	
305	428	
306	428	
306	429	
306	430	
306	431	
306	432	
307	433	
307	434	
307	435	
307	436	
306	437	
306	438	
306	439	
308	440	
308	441	
308	442	
307	443	
307	444	
306	445	
306	446	
307	447	
307	448	
309	449	
309	450	
309	451	
309	452	
310	453	
310	454	
309	455	
309	456	
309	457	
309	458	
309	459	
309	460	
310	461	
309	462	
309	463	
309	464	
310	465	
310	466	
310	467	
310	468	
310	469	
309	470	
309	471	
310	471	
309	472	
309	473	
310	474	
309	475	
309	476	
309	477	
309	478	
308	479	
310	479	
309	480	
309	481	
310	482	
309	483	
309	484	
309	485	
309	486	
310	486	
309	487	
309	488	
309	489	
310	489	
309	490	
309	491	
309	492	
309	493	
309	494	
309	495	
309	496	
309	497	
309	498	
309	499	
309	500	
310	501	
309	502	
309	503	
308	504	
308	505	
308	506	
308	507	
309	508	
309	509	
309	510	
310	511	
309	512	
310	512	
309	513	
310	513	
309	514	
310	515	
310	516	
310	517	
309	518	
310	519	
310	520	
309	521	
310	522	
310	523	
309	524	
310	525	
310	526	
309	527	
310	528	
309	529	
310	529	
309	530	
309	531	
309	532	
310	533	
310	534	
310	535	
310	536	
310	537	
311	538	
311	539	
310	540	
310	541	
309	542	
310	542	
309	543	
309	544	
308	545	
308	546	
307	547	
308	548	
308	549	
308	550	
307	551	
307	552	
307	553	
307	554	
305	555	
305	556	
305	557	
306	558	
305	559	
305	560	
305	561	
303	562	
305	563	
305	564	
304	565	
303	566	
305	567	
304	568	
304	569	
303	570	
303	571	
303	572	
303	573	
304	573	
303	574	
303	575	
304	576	
302	577	
303	578	
304	578	
303	579	
304	580	
303	581	
302	582	
303	583	
302	584	
302	585	
302	586	
302	587	
301	588	
301	589	
301	590	
302	591	
301	592	
301	593	
301	594	
299	595	
299	596	
299	597	
301	598	
301	599	
299	600	
297	601	
297	602	
297	603	
299	604	
299	605	
298	606	
296	607	
295	608	
298	609	
298	610	
298	611	
297	612	
298	613	
298	614	
297	615	
297	616	
297	617	
296	618	
298	619	
297	620	
296	621	
296	622	
296	623	
296	624	
296	625	
296	626	
297	626	
296	627	
296	628	
297	629	
295	630	
296	630	
296	631	
295	632	
296	632	
295	633	
296	634	
296	635	
296	636	
295	637	
296	637	
296	638	
295	639	
296	640	
296	641	
295	642	
296	643	
294	644	
295	644	
296	644	
293	645	
294	645	
295	646	
295	647	
295	648	
295	649	
296	649	
293	650	
293	651	
295	652	
295	653	
294	654	
294	655	
294	656	
294	657	
295	658	
293	659	
293	660	
294	661	
294	662	
294	663	
294	664	
295	665	
295	666	
295	667	
295	668	
295	669	
295	670	
297	671	
298	672	
297	673	
296	674	
297	675	
296	676	
296	677	
296	678	
297	679	
296	680	
297	681	
297	682	
297	683	
298	683	
296	684	
297	684	
296	685	
296	686	
297	687	
296	688	
296	689	
295	690	
295	691	
296	692	
296	693	
297	694	
297	695	
296	696	
297	697	
297	698	
299	699	
299	700	
299	701	
298	702	
299	703	
299	704	
297	705	
298	706	
298	707	
298	708	
298	709	
298	710	
298	711	
298	712	
297	713	
298	714	
298	715	
298	716	
299	717	
299	718	
297	719	
297	720	
297	721	
297	722	
298	723	
298	724	
299	724	
298	725	
299	726	
298	727	
298	728	
299	728	
298	729	
298	730	
298	731	
299	732	
298	733	
298	734	
299	735	
300	735	
299	736	
300	736	
299	737	
298	738	
299	738	
299	739	
300	739	
299	740	
299	741	
298	742	
299	743	
299	744	
298	745	
299	746	
299	747	
298	748	
298	749	
298	750	
298	751	
299	752	
299	753	
299	754	
299	755	
300	756	
300	757	
298	758	
300	759	
299	760	
299	761	
299	762	
299	763	
299	764	
300	765	
300	766	
300	767	
300	768	
300	769	
299	770	
301	771	
301	772	
301	773	
300	774	
300	775	
300	776	
301	776	
300	777	
301	778	
301	779	
301	780	
300	781	
300	782	
300	783	
300	784	
301	785	
301	786	
302	787	
302	788	
302	789	
300	790	
303	791	
303	792	
302	793	
302	794	
302	795	
302	796	
303	797	
303	798	
302	799	
304	800	
304	801	
303	802	
303	803	
304	804	
305	805	
305	806	
305	807	
304	808	
304	809	
304	810	
304	811	
305	812	
305	813	
306	814	
306	815	
307	816	
307	817	
307	818	
307	819	
307	820	
307	821	
307	822	
309	823	
309	824	
311	825	
311	826	
311	827	
311	828	
311	829	
311	830	
311	831	
311	832	
310	833	
310	834	
310	835	
310	836	
310	837	
310	838	
311	838	
311	839	
311	840	
311	841	
310	842	
310	843	
311	844	
311	845	
311	846	
311	847	
311	848	
311	849	
310	850	
310	851	
311	852	
311	853	
311	854	
311	855	
311	856	
311	857	
311	858	
311	859	
311	860	
311	861	
311	862	
311	863	
311	864	
311	865	
310	866	
310	867	
310	868	
310	869	
310	870	
311	870	
310	871	
310	872	
310	873	
310	874	
310	875	
311	875	
311	876	
311	877	
312	877	
312	878	
311	879	
310	880	
311	880	
310	881	
310	882	
309	883	
309	884	
310	885	
310	886	
311	887	
311	888	
310	889	
310	890	
310	891	
311	892	
311	893	
311	894	
311	895	
311	896	
311	897	
311	898	
311	899	
311	900	
312	901	
312	902	
311	903	
311	904	
312	905	
312	906	
312	907	
312	908	
313	909	
313	910	
312	911	
312	912	
312	913	
311	914	
312	914	
311	915	
311	916	
312	917	
313	918	
313	919	
313	920	
313	921	
313	922	
297	1073	
296	1074	
296	1080	
296	1081	
296	1082	
296	1083	
294	1085	
296	1087	
296	1088	
294	1089	
294	1090	
294	1099	
294	1104	
294	1105	
294	1106	
294	1107	
