323	309	
323	310	
323	311	
323	312	
323	313	
323	314	
323	315	
323	316	
323	317	
323	318	
322	319	
323	319	
323	320	
323	321	
324	322	
323	323	
324	323	
323	324	
323	325	
323	326	
323	327	
323	328	
323	329	
325	330	
325	331	
323	332	
323	333	
323	334	
325	335	
325	336	
325	337	
325	338	
325	339	
325	340	
325	341	
326	342	
326	343	
325	344	
326	344	
326	345	
326	346	
325	347	
325	348	
325	349	
325	350	
324	351	
325	352	
325	353	
323	354	
323	355	
325	356	
325	357	
325	358	
325	359	
325	360	
324	361	
323	362	
323	363	
323	364	
323	365	
323	366	
323	367	
323	368	
323	369	
323	370	
323	371	
323	372	
323	373	
323	374	
323	376	
323	377	
323	378	
323	379	
323	380	
321	381	
321	382	
322	383	
322	384	
321	385	
321	386	
321	387	
311	398	
311	399	
311	400	
311	403	
311	404	
311	405	
311	406	
309	407	
309	408	
309	409	
309	410	
309	411	
309	412	
309	413	
308	414	
308	415	
310	416	
309	417	
309	418	
309	419	
309	420	
309	421	
309	422	
309	423	
309	424	
309	425	
309	426	
309	427	
309	428	
309	429	
309	430	
309	431	
310	432	
309	433	
309	434	
309	435	
309	436	
309	437	
310	438	
310	439	
311	440	
310	441	
309	442	
309	443	
310	444	
310	445	
310	446	
311	446	
312	447	
312	448	
312	449	
311	450	
311	451	
312	452	
311	453	
311	454	
312	455	
312	456	
313	457	
313	458	
313	459	
314	460	
313	461	
313	462	
313	463	
314	464	
314	465	
313	466	
312	467	
313	467	
313	468	
313	469	
312	470	
313	470	
313	471	
312	472	
312	473	
311	474	
313	475	
314	476	
314	477	
314	478	
313	479	
312	480	
312	481	
313	482	
312	483	
312	484	
312	485	
311	486	
313	486	
313	487	
313	488	
313	489	
311	490	
312	491	
313	492	
313	493	
313	494	
313	495	
313	496	
311	497	
312	497	
313	497	
312	498	
312	499	
313	500	
313	501	
314	502	
312	503	
311	504	
312	505	
311	506	
312	507	
313	508	
312	509	
313	509	
311	510	
312	511	
312	512	
313	512	
312	513	
313	513	
313	514	
313	515	
314	516	
313	517	
313	518	
313	519	
313	520	
313	521	
312	522	
313	523	
313	524	
312	525	
313	526	
313	527	
313	528	
313	529	
313	530	
313	531	
313	532	
314	533	
314	534	
314	535	
314	536	
313	537	
313	538	
313	539	
313	540	
313	541	
313	542	
312	543	
312	544	
312	545	
310	546	
309	547	
311	548	
311	549	
311	550	
311	551	
311	552	
311	553	
309	554	
310	555	
310	556	
310	557	
310	558	
310	559	
310	560	
308	561	
308	562	
307	563	
308	564	
308	565	
310	566	
308	567	
307	568	
307	569	
307	570	
308	571	
308	572	
307	573	
307	574	
306	575	
307	575	
306	576	
305	577	
306	578	
306	579	
306	580	
305	581	
305	582	
305	583	
305	584	
305	585	
304	586	
304	587	
305	588	
304	589	
303	590	
303	591	
303	592	
303	593	
301	594	
302	595	
301	596	
302	597	
302	598	
303	599	
302	600	
302	601	
301	602	
302	602	
301	603	
302	604	
302	605	
301	606	
299	607	
300	607	
299	608	
301	609	
301	610	
300	611	
300	612	
300	613	
300	614	
300	615	
300	616	
300	617	
301	618	
300	619	
300	620	
300	621	
300	622	
300	623	
300	624	
299	625	
299	626	
300	626	
298	627	
299	627	
300	628	
298	629	
299	630	
298	631	
300	631	
298	632	
298	633	
299	634	
299	635	
299	636	
299	637	
299	638	
300	639	
300	640	
299	641	
299	642	
299	643	
299	644	
299	645	
298	646	
298	647	
298	648	
299	649	
300	650	
299	651	
298	652	
298	653	
298	654	
299	655	
299	656	
298	657	
298	658	
298	659	
299	660	
298	661	
298	662	
297	663	
296	664	
296	665	
298	666	
299	666	
299	667	
299	668	
300	668	
298	669	
298	670	
299	671	
300	672	
299	673	
299	674	
299	675	
299	676	
298	677	
299	678	
298	679	
298	680	
300	681	
300	682	
299	683	
300	684	
300	685	
300	686	
300	687	
301	687	
300	688	
300	689	
300	690	
300	691	
300	692	
300	693	
301	694	
301	695	
300	696	
300	697	
300	698	
301	699	
301	700	
301	701	
301	702	
302	703	
301	704	
302	705	
302	706	
302	707	
302	708	
303	709	
302	710	
303	710	
302	711	
301	712	
303	713	
303	714	
304	715	
303	716	
302	717	
302	718	
302	719	
301	720	
302	720	
301	721	
301	722	
302	723	
302	724	
301	725	
302	726	
302	727	
302	728	
303	729	
303	730	
303	731	
303	732	
303	733	
304	733	
303	734	
304	734	
303	735	
302	736	
302	737	
302	738	
302	739	
302	740	
302	741	
302	742	
303	742	
303	743	
302	744	
302	745	
302	746	
302	747	
302	748	
303	749	
302	750	
302	751	
302	752	
302	753	
303	754	
303	755	
302	756	
303	757	
303	758	
304	759	
303	760	
303	761	
302	762	
303	762	
303	763	
303	764	
303	765	
304	766	
304	767	
302	768	
302	769	
303	770	
304	771	
304	772	
303	773	
303	774	
304	775	
304	776	
304	777	
304	778	
304	779	
305	780	
305	781	
305	782	
305	783	
305	784	
305	785	
305	786	
305	787	
305	788	
305	789	
303	790	
305	791	
305	792	
305	793	
306	794	
307	795	
307	796	
307	797	
307	798	
307	799	
306	800	
306	801	
305	802	
306	802	
306	803	
306	804	
307	805	
307	806	
306	807	
306	808	
308	809	
309	809	
308	810	
309	811	
308	812	
308	813	
309	814	
310	815	
311	816	
311	817	
311	818	
309	819	
309	820	
311	821	
311	822	
310	823	
313	824	
313	825	
313	826	
313	827	
313	828	
314	829	
314	830	
314	831	
314	832	
314	833	
315	833	
315	834	
315	835	
315	836	
315	837	
315	838	
315	839	
315	840	
315	841	
315	842	
314	843	
314	844	
314	845	
314	846	
315	847	
315	848	
314	849	
314	850	
314	851	
314	852	
314	853	
314	854	
314	855	
314	856	
314	857	
315	857	
314	858	
314	859	
315	860	
315	861	
315	862	
314	863	
314	864	
315	865	
315	866	
315	867	
315	868	
316	869	
315	870	
315	871	
315	872	
315	873	
316	873	
315	874	
315	875	
315	876	
313	877	
313	878	
315	879	
315	880	
315	881	
314	882	
315	883	
315	884	
316	885	
316	886	
316	887	
316	888	
316	889	
314	890	
314	891	
315	892	
314	893	
314	894	
317	895	
316	896	
316	897	
316	898	
315	899	
316	900	
317	901	
316	902	
315	903	
315	904	
315	905	
317	906	
317	907	
317	908	
317	909	
317	910	
315	911	
316	912	
316	913	
316	914	
315	915	
316	916	
317	917	
317	918	
317	919	
317	920	
302	1059	
303	1063	
298	1083	
299	1083	
300	1084	
300	1085	
300	1089	
299	1091	
299	1092	
298	1093	
