388	48	
388	49	
390	75	
390	76	
325	306	
325	307	
325	308	
325	309	
325	310	
325	311	
325	312	
325	313	
325	314	
325	315	
325	316	
325	317	
325	318	
325	319	
326	319	
326	320	
325	321	
326	321	
325	322	
325	323	
325	324	
325	325	
325	326	
325	327	
326	327	
327	328	
327	329	
327	330	
326	331	
326	332	
326	333	
327	334	
327	335	
327	336	
327	337	
327	338	
327	339	
327	340	
327	341	
327	342	
328	343	
328	344	
327	345	
328	345	
327	346	
327	347	
327	348	
327	349	
327	350	
327	351	
327	352	
327	353	
327	354	
327	355	
326	356	
327	357	
326	358	
325	359	
325	360	
325	361	
325	362	
325	363	
325	364	
324	365	
325	365	
324	366	
324	367	
325	368	
325	369	
325	370	
325	371	
325	372	
325	373	
325	375	
325	376	
325	377	
325	378	
323	379	
323	380	
324	381	
323	382	
323	383	
323	384	
323	385	
323	386	
323	387	
323	388	
323	389	
313	396	
313	397	
313	398	
313	399	
313	400	
313	401	
313	402	
313	403	
312	404	
311	405	
311	406	
311	407	
313	408	
312	409	
312	410	
312	411	
312	412	
312	413	
311	414	
311	415	
311	416	
311	417	
311	418	
312	419	
311	420	
312	420	
309	421	
309	422	
309	423	
309	424	
310	425	
311	425	
311	426	
311	427	
311	428	
311	429	
311	430	
311	431	
311	432	
310	433	
311	434	
311	435	
311	436	
311	437	
310	438	
312	439	
312	440	
312	441	
312	442	
311	443	
311	444	
312	445	
311	446	
313	447	
313	448	
312	449	
312	450	
312	451	
312	452	
314	453	
314	454	
315	455	
315	456	
314	457	
314	458	
314	459	
314	460	
316	461	
316	462	
315	463	
315	464	
315	465	
315	466	
315	467	
315	468	
315	469	
315	470	
315	471	
315	472	
316	473	
316	474	
314	475	
314	476	
314	477	
314	478	
314	479	
314	480	
314	481	
314	482	
314	483	
316	484	
314	485	
315	485	
313	486	
315	487	
315	488	
315	489	
314	490	
315	490	
316	490	
316	491	
315	492	
315	493	
315	494	
315	495	
315	496	
314	497	
314	498	
314	499	
314	500	
314	501	
315	502	
314	503	
314	504	
314	505	
313	506	
314	507	
315	507	
314	508	
315	509	
314	510	
314	511	
314	512	
314	513	
313	514	
313	515	
314	516	
315	516	
315	517	
315	518	
314	519	
315	519	
314	520	
315	520	
314	521	
315	521	
315	522	
315	523	
315	524	
315	525	
315	526	
315	527	
315	528	
316	529	
316	530	
316	531	
316	532	
316	533	
317	534	
316	535	
317	536	
316	537	
317	538	
316	539	
315	540	
315	541	
315	542	
315	543	
315	544	
314	545	
314	546	
314	547	
313	548	
314	549	
314	550	
313	551	
313	552	
313	553	
312	554	
313	554	
312	555	
314	556	
312	557	
311	558	
312	558	
312	559	
311	560	
310	561	
311	562	
310	563	
310	564	
311	565	
311	566	
310	567	
309	568	
309	569	
310	570	
309	571	
310	572	
310	573	
309	574	
308	575	
309	575	
308	576	
310	577	
307	578	
307	579	
309	579	
307	580	
307	581	
307	582	
308	583	
307	584	
306	585	
307	585	
308	585	
306	586	
306	587	
307	587	
307	588	
307	589	
305	590	
305	591	
305	592	
303	593	
303	594	
305	595	
305	596	
305	597	
305	598	
305	599	
304	600	
304	601	
304	602	
302	603	
302	604	
303	605	
304	606	
303	607	
302	608	
303	609	
302	610	
302	611	
303	612	
302	613	
301	614	
302	614	
301	615	
302	615	
302	616	
302	617	
303	617	
302	618	
303	619	
304	620	
303	621	
303	622	
302	623	
302	624	
302	625	
302	626	
301	627	
301	628	
301	629	
301	630	
302	630	
301	631	
301	632	
302	633	
303	634	
300	635	
301	636	
301	637	
301	638	
302	639	
301	640	
301	641	
302	642	
301	643	
301	644	
300	645	
302	646	
301	647	
300	648	
301	648	
301	649	
300	650	
299	651	
299	652	
300	653	
300	654	
300	655	
299	656	
300	657	
300	658	
301	659	
300	660	
299	661	
301	661	
300	662	
300	663	
300	664	
300	665	
300	666	
300	667	
300	668	
300	669	
300	670	
301	671	
301	672	
302	673	
300	674	
301	675	
300	676	
301	676	
301	677	
300	678	
301	679	
300	680	
301	681	
301	682	
301	683	
300	684	
300	685	
302	686	
301	687	
301	688	
301	689	
301	690	
301	691	
302	692	
301	693	
301	694	
302	695	
302	696	
302	697	
302	698	
303	698	
302	699	
302	700	
302	701	
302	702	
302	703	
303	704	
303	705	
304	705	
304	706	
304	707	
304	708	
304	709	
305	709	
305	710	
305	711	
305	712	
305	713	
305	714	
304	715	
305	716	
304	717	
304	718	
304	719	
304	720	
305	721	
304	722	
305	723	
304	724	
304	725	
305	725	
305	726	
304	727	
304	728	
304	729	
303	730	
304	730	
304	731	
304	732	
304	733	
304	734	
305	735	
304	736	
304	737	
304	738	
304	739	
304	740	
304	741	
304	742	
305	742	
305	743	
305	744	
305	745	
305	746	
305	747	
305	748	
305	749	
305	750	
304	751	
305	751	
304	752	
304	753	
304	754	
305	755	
305	756	
305	757	
305	758	
305	759	
305	760	
305	761	
305	762	
304	763	
306	764	
304	765	
304	766	
304	767	
305	768	
304	769	
303	770	
304	771	
304	772	
307	773	
306	774	
307	774	
306	775	
306	776	
306	777	
306	778	
306	779	
305	780	
305	781	
305	782	
306	783	
305	784	
306	785	
306	786	
306	787	
306	788	
306	789	
307	790	
308	791	
308	792	
307	793	
306	794	
306	795	
307	796	
308	797	
308	798	
307	799	
308	800	
308	801	
308	802	
308	803	
308	804	
309	805	
309	806	
310	807	
311	808	
311	809	
311	810	
309	811	
309	812	
309	813	
310	814	
312	815	
312	816	
312	817	
311	818	
313	819	
313	820	
311	821	
312	821	
311	822	
314	823	
313	824	
313	825	
314	826	
314	827	
314	828	
316	829	
317	830	
317	831	
317	832	
317	833	
317	834	
317	835	
317	836	
317	837	
317	838	
317	839	
317	840	
316	841	
316	842	
316	843	
316	844	
316	845	
316	846	
316	847	
316	848	
317	849	
317	850	
317	851	
317	852	
317	853	
317	854	
317	855	
316	856	
317	857	
316	858	
317	858	
316	859	
317	859	
317	860	
317	861	
317	862	
316	863	
316	864	
317	865	
317	866	
317	867	
318	868	
318	869	
318	870	
317	871	
317	872	
317	873	
318	874	
318	875	
317	876	
316	877	
317	877	
316	878	
317	879	
318	880	
319	881	
319	882	
318	883	
317	884	
317	885	
316	886	
318	886	
319	887	
318	888	
317	889	
318	889	
317	890	
317	891	
318	892	
318	893	
319	894	
318	895	
318	896	
317	897	
317	898	
318	899	
319	900	
319	901	
319	902	
319	903	
319	904	
319	905	
319	906	
318	907	
320	908	
320	909	
319	910	
320	911	
320	912	
320	913	
319	914	
319	915	
319	916	
321	917	
321	918	
318	919	
316	998	
317	999	
317	1000	
302	1113	
