390	46	
390	47	
390	48	
390	52	
329	307	
327	308	
327	309	
327	310	
329	311	
328	312	
326	313	
327	313	
327	314	
328	315	
328	316	
328	317	
328	318	
327	319	
327	320	
327	321	
327	322	
327	323	
328	324	
328	325	
329	326	
329	327	
328	328	
328	329	
328	330	
328	331	
329	332	
329	333	
329	334	
329	335	
329	336	
329	337	
329	338	
330	339	
329	340	
329	341	
330	342	
330	343	
330	344	
330	345	
329	346	
329	347	
329	348	
331	349	
330	350	
329	351	
329	352	
329	353	
329	354	
327	355	
327	356	
327	357	
327	358	
328	359	
329	360	
327	361	
328	361	
327	362	
327	363	
327	364	
327	365	
327	366	
327	367	
327	368	
328	369	
327	370	
327	371	
327	372	
327	373	
327	374	
327	375	
327	376	
327	377	
327	378	
327	379	
327	380	
327	381	
326	382	
326	383	
326	384	
325	385	
325	386	
325	387	
325	388	
326	389	
326	390	
327	391	
327	392	
315	395	
315	396	
315	397	
317	398	
315	399	
315	400	
313	401	
313	402	
314	403	
315	403	
315	404	
313	405	
313	406	
313	407	
314	408	
314	409	
313	410	
313	411	
313	412	
314	413	
313	414	
313	415	
313	416	
313	417	
314	418	
315	418	
313	419	
313	420	
313	421	
313	422	
313	423	
313	424	
313	425	
313	426	
313	427	
314	427	
313	428	
314	429	
314	430	
313	431	
313	432	
313	433	
313	434	
314	435	
313	436	
313	437	
314	438	
313	439	
314	440	
314	441	
314	442	
315	443	
315	444	
315	445	
316	446	
316	447	
314	448	
315	449	
315	450	
314	451	
315	451	
315	452	
317	453	
317	454	
317	455	
317	456	
317	457	
317	458	
317	459	
317	460	
316	461	
317	461	
317	462	
316	463	
317	463	
316	464	
316	465	
316	466	
315	467	
315	468	
317	469	
317	470	
317	471	
317	472	
317	473	
316	474	
318	475	
317	476	
317	477	
316	478	
316	479	
315	480	
316	481	
316	482	
316	483	
317	484	
316	485	
316	486	
318	487	
315	488	
316	489	
316	490	
316	491	
318	492	
317	493	
318	494	
317	495	
316	496	
316	497	
316	498	
316	499	
317	500	
316	501	
317	502	
317	503	
318	503	
318	504	
317	505	
316	506	
317	506	
317	507	
316	508	
317	508	
316	509	
316	510	
316	511	
317	512	
315	513	
316	514	
317	514	
315	515	
316	516	
315	517	
316	518	
316	519	
317	519	
317	520	
316	521	
316	522	
317	523	
317	524	
317	525	
318	526	
316	527	
317	528	
317	529	
318	530	
318	531	
319	532	
317	533	
317	534	
318	535	
318	536	
318	537	
318	538	
318	539	
319	540	
318	541	
318	542	
317	543	
316	544	
317	544	
316	545	
316	546	
317	547	
316	548	
316	549	
316	550	
316	551	
315	552	
315	553	
316	554	
315	555	
315	556	
315	557	
314	558	
315	559	
314	560	
314	561	
314	562	
314	563	
313	564	
313	565	
313	566	
312	567	
312	568	
312	569	
312	570	
312	571	
312	572	
312	573	
311	574	
311	575	
312	576	
310	577	
311	578	
310	579	
311	580	
311	581	
311	582	
310	583	
309	584	
309	585	
309	586	
307	587	
307	588	
307	589	
309	590	
306	591	
306	592	
306	593	
307	594	
307	595	
308	596	
308	597	
308	598	
307	599	
307	600	
307	601	
307	602	
307	603	
307	604	
307	605	
306	606	
306	607	
305	608	
305	609	
305	610	
305	611	
305	612	
305	613	
304	614	
305	615	
304	616	
304	617	
305	617	
306	618	
304	619	
305	619	
303	620	
303	621	
304	622	
304	623	
303	624	
305	625	
305	626	
305	627	
304	628	
304	629	
305	629	
304	630	
303	631	
303	632	
304	633	
304	634	
304	635	
303	636	
304	637	
305	638	
303	639	
304	639	
304	640	
303	641	
302	642	
303	643	
304	644	
303	645	
302	646	
303	647	
302	648	
303	649	
303	650	
302	651	
304	651	
302	652	
302	653	
302	654	
302	655	
302	656	
302	657	
302	658	
303	659	
302	660	
303	660	
303	661	
302	662	
302	663	
302	664	
302	665	
302	666	
302	667	
302	668	
302	669	
302	670	
302	671	
302	672	
303	673	
303	674	
303	675	
304	676	
303	677	
303	678	
304	679	
303	680	
304	680	
304	681	
304	682	
303	683	
303	684	
304	685	
304	686	
305	687	
305	688	
305	689	
304	690	
305	691	
304	692	
304	693	
304	694	
304	695	
304	696	
304	697	
304	698	
305	699	
305	700	
305	701	
305	702	
305	703	
305	704	
306	705	
306	706	
305	707	
305	708	
307	709	
307	710	
306	711	
306	712	
307	712	
307	713	
306	714	
307	714	
306	715	
307	715	
307	716	
306	717	
306	718	
306	719	
307	720	
307	721	
307	722	
306	723	
307	724	
307	725	
307	726	
306	727	
306	728	
307	729	
307	730	
307	731	
307	732	
307	733	
307	734	
307	735	
307	736	
307	737	
307	738	
306	739	
306	740	
306	741	
306	742	
305	743	
306	743	
306	744	
307	745	
307	746	
306	747	
307	747	
306	748	
306	749	
307	749	
307	750	
307	751	
306	752	
306	753	
307	754	
306	755	
307	756	
306	757	
306	758	
307	759	
307	760	
307	761	
307	762	
306	763	
307	763	
306	764	
307	765	
306	766	
307	767	
307	768	
307	769	
307	770	
308	770	
307	771	
308	771	
307	772	
308	773	
309	774	
309	775	
309	776	
309	777	
309	778	
309	779	
309	780	
309	781	
309	782	
309	783	
308	784	
308	785	
308	786	
309	787	
309	788	
308	789	
308	790	
308	791	
310	792	
310	793	
309	794	
309	795	
309	796	
310	797	
310	798	
310	799	
310	800	
310	801	
310	802	
310	803	
310	804	
310	805	
310	806	
313	806	
310	807	
310	808	
313	809	
311	810	
311	811	
312	812	
313	813	
313	814	
315	815	
314	816	
313	817	
313	818	
313	819	
314	820	
315	821	
315	822	
315	823	
315	824	
316	825	
316	826	
315	827	
319	828	
319	829	
319	830	
319	831	
320	832	
318	833	
318	834	
318	835	
319	835	
319	836	
320	837	
320	838	
319	839	
319	840	
320	841	
320	842	
320	843	
320	844	
318	845	
318	846	
319	847	
319	848	
319	849	
318	850	
318	851	
320	852	
321	852	
320	853	
320	854	
318	855	
318	856	
320	857	
320	858	
320	859	
321	860	
321	861	
321	862	
321	863	
320	864	
320	865	
319	866	
320	866	
320	867	
320	868	
320	869	
320	870	
320	871	
321	871	
320	872	
320	873	
320	874	
321	875	
321	876	
321	877	
320	878	
320	879	
320	880	
320	881	
321	881	
321	882	
321	883	
321	884	
321	885	
321	886	
321	887	
320	888	
321	888	
320	889	
320	890	
320	891	
320	892	
320	893	
321	894	
321	895	
321	896	
321	897	
321	898	
322	899	
322	900	
322	901	
323	902	
322	903	
322	904	
322	905	
322	906	
322	907	
322	908	
323	909	
323	910	
323	911	
322	912	
321	913	
321	914	
321	915	
321	916	
321	917	
323	918	
323	919	
323	920	
320	990	
319	997	
319	998	
313	1017	
