329	306	
329	307	
329	308	
329	309	
327	310	
328	311	
328	312	
329	313	
328	314	
328	315	
328	316	
328	317	
328	318	
328	319	
328	320	
329	321	
328	322	
329	323	
329	324	
328	325	
329	326	
329	327	
329	328	
329	329	
328	330	
328	331	
330	332	
329	333	
329	334	
329	335	
329	336	
329	337	
329	338	
330	339	
330	340	
331	341	
331	342	
331	343	
331	344	
331	345	
331	346	
329	347	
329	348	
329	349	
330	350	
330	351	
327	352	
327	353	
329	354	
329	355	
329	356	
329	357	
329	358	
327	359	
327	360	
327	361	
329	362	
329	363	
328	364	
327	365	
327	366	
328	367	
328	368	
327	369	
327	370	
327	371	
327	372	
327	373	
327	374	
327	375	
327	376	
327	377	
327	378	
327	379	
327	380	
327	381	
327	382	
325	383	
325	384	
327	385	
327	386	
327	387	
325	388	
325	389	
326	390	
327	391	
315	395	
315	396	
317	397	
317	398	
317	399	
317	400	
315	401	
315	402	
315	403	
315	404	
315	405	
315	406	
315	407	
315	408	
313	409	
313	410	
314	411	
315	412	
315	413	
315	414	
314	415	
314	416	
314	417	
313	418	
313	419	
313	420	
313	421	
313	422	
313	423	
313	424	
314	425	
314	426	
314	427	
313	428	
313	429	
313	430	
314	430	
314	431	
314	432	
314	433	
314	434	
314	435	
314	436	
314	437	
314	438	
314	439	
314	440	
314	441	
314	442	
315	443	
315	444	
314	445	
315	445	
315	446	
315	447	
315	448	
315	449	
315	450	
317	451	
317	452	
317	453	
317	454	
317	455	
317	456	
317	457	
317	458	
318	459	
317	460	
318	460	
317	461	
317	462	
317	463	
316	464	
317	465	
317	466	
317	467	
317	468	
317	469	
317	470	
316	471	
317	471	
317	472	
316	473	
317	473	
317	474	
315	475	
317	475	
316	476	
316	477	
316	478	
316	479	
316	480	
317	481	
318	481	
317	482	
317	483	
317	484	
317	485	
318	486	
316	487	
317	488	
317	489	
317	490	
317	491	
318	492	
317	493	
317	494	
317	495	
318	496	
317	497	
318	498	
317	499	
318	499	
317	500	
318	501	
316	502	
317	503	
317	504	
317	505	
317	506	
317	507	
318	508	
317	509	
317	510	
316	511	
317	512	
318	513	
318	514	
318	515	
317	516	
317	517	
317	518	
317	519	
318	520	
318	521	
317	522	
318	523	
317	524	
318	525	
317	526	
318	527	
318	528	
319	528	
319	529	
317	530	
318	531	
318	532	
318	533	
318	534	
318	535	
319	536	
319	537	
318	538	
319	539	
319	540	
318	541	
317	542	
318	543	
318	544	
317	545	
318	545	
317	546	
317	547	
317	548	
316	549	
316	550	
316	551	
315	552	
315	553	
315	554	
315	555	
316	556	
315	557	
315	558	
315	559	
315	560	
314	561	
315	562	
314	563	
314	564	
314	565	
313	566	
313	567	
314	568	
314	569	
312	570	
313	571	
312	572	
313	572	
313	573	
313	574	
313	575	
312	576	
313	577	
309	578	
311	579	
311	580	
311	581	
311	582	
311	583	
311	584	
311	585	
307	587	
307	588	
307	589	
307	590	
307	591	
308	592	
307	593	
308	594	
307	595	
307	596	
307	597	
307	598	
307	599	
306	600	
306	601	
307	602	
305	603	
305	604	
306	605	
306	606	
306	607	
306	608	
306	609	
306	610	
306	611	
306	612	
306	613	
306	614	
305	615	
305	616	
305	617	
305	618	
305	619	
306	620	
305	621	
304	622	
304	623	
303	624	
303	625	
304	626	
304	627	
303	628	
304	629	
304	630	
304	631	
304	632	
304	633	
304	634	
304	635	
303	636	
304	637	
303	638	
304	639	
304	640	
303	641	
303	642	
303	643	
304	644	
304	645	
304	646	
305	646	
303	647	
304	648	
303	649	
303	650	
304	651	
304	652	
302	653	
304	654	
305	655	
302	656	
302	657	
302	658	
302	659	
302	660	
302	661	
303	661	
303	662	
303	663	
302	664	
303	665	
302	666	
302	667	
304	668	
303	669	
303	670	
304	670	
303	671	
303	672	
303	673	
304	674	
305	675	
304	676	
304	677	
304	678	
304	679	
304	680	
304	681	
304	682	
305	683	
305	684	
303	685	
304	685	
303	686	
304	687	
304	688	
304	689	
304	690	
305	691	
304	692	
305	692	
304	693	
304	694	
305	694	
304	695	
305	695	
306	696	
304	697	
303	698	
303	699	
305	700	
305	701	
305	702	
305	703	
306	703	
307	703	
306	704	
307	705	
307	706	
307	707	
308	708	
307	709	
306	710	
306	711	
306	712	
307	713	
306	714	
306	715	
306	716	
307	716	
307	717	
306	718	
307	718	
307	719	
307	720	
306	721	
306	722	
306	723	
307	724	
307	725	
307	726	
307	727	
308	728	
307	729	
306	730	
307	731	
307	732	
308	732	
308	733	
308	734	
307	735	
307	736	
306	737	
307	737	
307	738	
307	739	
307	740	
306	741	
307	742	
306	743	
307	743	
306	744	
307	745	
307	746	
306	747	
306	748	
308	749	
308	750	
308	751	
307	752	
308	753	
308	754	
308	755	
308	756	
309	756	
309	757	
308	758	
308	759	
309	760	
309	761	
309	762	
309	763	
309	764	
308	765	
308	766	
307	767	
308	768	
308	769	
308	770	
308	771	
309	771	
309	772	
308	773	
309	774	
308	775	
309	776	
309	777	
310	778	
309	779	
309	780	
308	781	
308	782	
308	783	
308	784	
308	785	
308	786	
308	787	
311	788	
310	789	
309	790	
309	791	
310	792	
310	793	
310	794	
311	794	
310	795	
310	796	
311	796	
311	797	
311	798	
312	798	
311	799	
311	800	
310	801	
312	802	
311	803	
312	803	
311	804	
311	805	
314	806	
313	807	
314	807	
313	808	
311	809	
311	810	
315	811	
315	812	
315	813	
315	814	
315	815	
315	816	
315	817	
315	818	
315	819	
315	820	
317	821	
317	822	
317	823	
316	824	
315	825	
317	826	
317	827	
317	828	
317	829	
317	830	
319	831	
320	832	
321	833	
321	834	
321	835	
322	836	
322	837	
321	838	
321	839	
320	840	
321	840	
320	841	
321	842	
321	843	
321	844	
321	845	
321	846	
321	847	
320	848	
320	849	
320	850	
319	851	
320	852	
321	853	
321	854	
320	855	
320	856	
320	857	
320	858	
320	859	
320	860	
320	861	
320	862	
321	863	
321	864	
321	865	
321	866	
321	867	
321	868	
321	869	
320	870	
321	870	
321	871	
321	872	
320	873	
320	874	
321	874	
321	875	
321	876	
320	877	
320	878	
320	879	
320	880	
321	880	
320	881	
320	882	
321	883	
321	884	
321	885	
321	886	
321	887	
321	888	
321	889	
321	890	
321	891	
323	892	
321	893	
321	894	
322	895	
322	896	
321	897	
322	898	
323	899	
323	900	
323	901	
322	902	
322	903	
322	904	
323	905	
323	906	
323	907	
322	908	
322	909	
322	910	
323	911	
324	911	
324	912	
322	913	
322	914	
324	915	
323	916	
323	917	
323	918	
323	919	
323	920	
318	1000	
302	1099	
