329	305	
329	308	
330	309	
329	310	
328	311	
329	311	
329	312	
328	313	
329	314	
329	315	
329	316	
330	317	
329	318	
329	319	
329	320	
327	321	
329	322	
329	323	
330	324	
329	325	
329	326	
329	327	
330	328	
330	329	
329	330	
329	331	
330	332	
330	333	
331	333	
331	334	
330	335	
331	336	
331	337	
331	338	
331	339	
331	340	
331	341	
331	342	
331	343	
331	344	
332	345	
331	346	
331	347	
331	348	
331	349	
331	350	
331	351	
331	352	
331	353	
331	354	
330	355	
329	356	
329	357	
329	358	
329	359	
329	360	
329	361	
329	362	
329	363	
329	364	
329	365	
329	366	
328	367	
329	368	
329	369	
329	370	
329	371	
329	372	
329	373	
328	376	
327	377	
327	378	
327	379	
327	380	
328	381	
327	382	
327	383	
327	384	
327	385	
328	386	
328	387	
328	388	
327	389	
327	390	
327	391	
327	392	
317	393	
317	394	
317	395	
317	396	
317	397	
317	398	
317	399	
317	400	
315	401	
315	402	
315	403	
316	404	
316	405	
316	406	
316	407	
315	408	
314	409	
315	409	
314	410	
314	411	
315	412	
315	413	
315	414	
315	415	
315	416	
315	417	
315	418	
314	419	
314	420	
313	421	
314	421	
313	422	
314	423	
314	424	
314	425	
314	426	
314	427	
314	428	
314	429	
314	430	
314	431	
315	432	
315	433	
315	434	
314	435	
313	436	
314	437	
314	438	
315	439	
315	440	
315	441	
315	442	
315	443	
316	443	
316	444	
315	445	
316	446	
315	447	
315	448	
316	449	
316	450	
316	451	
316	452	
317	453	
318	454	
317	455	
318	455	
318	456	
318	457	
318	458	
317	459	
318	459	
318	460	
318	461	
318	462	
319	463	
319	464	
318	465	
318	466	
317	467	
317	468	
318	469	
317	470	
317	471	
317	472	
317	473	
317	474	
318	475	
317	476	
318	477	
317	478	
317	479	
318	479	
317	480	
317	481	
317	482	
318	482	
317	483	
317	484	
318	485	
317	486	
318	487	
318	488	
318	489	
318	490	
318	491	
317	492	
317	493	
318	494	
318	495	
318	496	
319	496	
318	497	
318	498	
317	499	
318	500	
317	501	
317	502	
318	502	
318	503	
317	504	
317	505	
319	506	
318	507	
318	508	
318	509	
318	510	
318	511	
318	512	
318	513	
318	514	
317	515	
318	515	
318	516	
318	517	
317	518	
318	519	
318	520	
318	521	
318	522	
318	523	
318	524	
318	525	
318	526	
319	527	
318	528	
319	529	
319	530	
319	531	
319	532	
320	533	
319	534	
318	535	
319	536	
318	537	
318	538	
317	539	
318	539	
317	540	
318	541	
318	542	
318	543	
318	544	
318	545	
318	546	
318	547	
317	548	
317	549	
317	550	
317	551	
318	552	
317	553	
317	554	
317	555	
315	556	
315	557	
316	558	
314	559	
314	560	
317	560	
317	561	
316	562	
315	563	
315	564	
315	565	
315	566	
315	567	
315	568	
314	569	
314	570	
315	571	
315	572	
314	573	
314	574	
313	575	
314	576	
313	577	
313	578	
313	579	
313	580	
309	581	
311	582	
309	583	
310	584	
309	585	
309	586	
308	587	
307	588	
308	589	
308	590	
308	591	
308	592	
308	593	
308	594	
308	595	
309	596	
308	597	
309	598	
309	599	
308	600	
308	601	
307	602	
307	603	
307	604	
307	605	
308	606	
308	607	
306	608	
307	609	
307	610	
307	611	
307	612	
306	613	
306	614	
306	615	
306	616	
306	617	
304	618	
304	619	
304	620	
305	621	
305	622	
306	623	
305	624	
306	624	
305	625	
305	626	
304	627	
304	628	
305	628	
304	629	
305	630	
305	631	
305	632	
304	633	
304	634	
304	635	
305	636	
305	637	
305	638	
304	639	
305	640	
304	641	
304	642	
304	643	
305	644	
305	645	
304	646	
303	647	
303	648	
305	649	
306	650	
304	651	
304	652	
304	653	
304	654	
304	655	
304	656	
304	657	
305	657	
303	658	
304	659	
305	660	
305	661	
305	662	
305	663	
305	664	
305	665	
305	666	
304	667	
305	668	
304	669	
305	670	
303	671	
304	671	
303	672	
303	673	
305	674	
305	675	
304	676	
305	677	
306	678	
304	679	
305	680	
305	681	
304	682	
304	683	
304	684	
305	684	
304	685	
305	685	
304	686	
304	687	
304	688	
304	689	
304	690	
305	691	
305	692	
305	693	
305	694	
306	695	
306	696	
306	697	
307	698	
307	699	
307	700	
306	701	
308	702	
308	703	
307	704	
305	705	
305	706	
309	707	
308	708	
307	709	
307	710	
307	711	
307	712	
308	713	
308	714	
308	715	
307	716	
306	717	
306	718	
306	719	
307	720	
307	721	
308	722	
307	723	
308	724	
307	725	
308	726	
308	727	
308	728	
309	728	
309	729	
309	730	
309	731	
308	732	
308	733	
309	734	
309	735	
308	736	
308	737	
309	738	
308	739	
307	740	
308	741	
308	742	
309	742	
309	743	
308	744	
308	745	
308	746	
307	747	
308	748	
308	749	
309	749	
309	750	
307	751	
307	752	
307	753	
307	754	
308	755	
308	756	
308	757	
308	758	
308	759	
308	760	
308	761	
309	762	
308	763	
308	764	
308	765	
307	766	
308	766	
309	766	
309	767	
308	768	
309	768	
309	769	
308	770	
308	771	
308	772	
308	773	
309	773	
309	774	
309	775	
309	776	
310	777	
309	778	
309	779	
310	779	
310	780	
310	781	
309	782	
310	783	
310	784	
309	785	
310	785	
309	786	
309	787	
310	788	
311	789	
311	790	
310	791	
310	792	
310	793	
310	794	
310	795	
312	796	
312	797	
313	798	
310	799	
312	800	
312	801	
311	802	
311	803	
312	804	
312	805	
313	806	
312	807	
315	808	
314	809	
314	810	
314	811	
314	812	
313	813	
314	814	
315	815	
315	816	
314	817	
314	818	
314	819	
316	820	
317	821	
317	822	
316	823	
316	824	
319	825	
319	826	
317	827	
317	828	
319	829	
320	830	
320	831	
320	832	
320	833	
320	834	
320	835	
320	836	
320	837	
320	838	
321	839	
320	840	
320	841	
320	842	
321	842	
320	843	
320	844	
321	845	
321	846	
321	847	
321	848	
321	849	
321	850	
321	851	
321	852	
321	853	
321	854	
321	855	
320	856	
320	857	
322	858	
322	859	
322	860	
322	861	
321	862	
322	863	
322	864	
322	865	
322	866	
323	867	
323	868	
321	869	
320	870	
320	871	
323	871	
320	872	
320	873	
320	874	
323	875	
323	876	
322	877	
321	878	
323	879	
323	880	
323	881	
322	882	
322	883	
322	884	
322	885	
321	886	
321	887	
322	887	
322	888	
323	889	
323	890	
323	891	
323	892	
323	893	
323	894	
322	895	
322	896	
323	897	
323	898	
323	899	
324	900	
324	901	
323	902	
323	903	
324	904	
325	905	
325	906	
325	907	
325	908	
324	909	
324	910	
325	911	
325	912	
325	913	
325	914	
325	915	
325	916	
325	917	
325	918	
325	919	
313	1027	
304	1079	
304	1080	
305	1081	
