331	306	
331	307	
331	308	
331	309	
331	310	
331	311	
331	312	
331	313	
331	314	
331	315	
331	316	
331	317	
331	318	
332	319	
331	320	
331	321	
331	322	
333	323	
332	324	
332	325	
332	326	
332	327	
332	328	
331	329	
331	330	
332	330	
333	331	
333	332	
333	333	
333	334	
333	335	
333	336	
333	337	
333	338	
334	339	
334	340	
334	341	
334	342	
334	343	
334	344	
333	345	
333	346	
333	347	
333	348	
333	349	
331	350	
333	351	
333	352	
333	353	
333	354	
331	355	
331	356	
332	357	
332	358	
331	359	
331	360	
331	361	
331	362	
331	363	
331	364	
331	365	
331	366	
331	367	
331	368	
331	369	
331	370	
331	371	
331	372	
331	373	
331	374	
331	382	
331	383	
331	384	
331	385	
329	386	
329	387	
329	388	
331	389	
331	390	
320	394	
319	395	
319	396	
319	397	
319	398	
317	399	
317	400	
318	401	
318	402	
319	403	
319	404	
319	405	
319	406	
318	407	
318	408	
317	409	
317	410	
317	411	
318	412	
318	413	
317	414	
317	415	
318	416	
318	417	
316	418	
315	419	
317	420	
316	421	
316	422	
316	423	
316	424	
316	425	
317	426	
317	427	
317	428	
317	429	
315	430	
316	431	
316	432	
317	433	
318	433	
318	434	
318	435	
318	436	
318	437	
317	438	
317	439	
318	440	
317	441	
318	441	
318	442	
318	443	
318	444	
318	445	
318	446	
319	447	
319	448	
318	449	
319	449	
318	450	
319	451	
319	452	
319	453	
320	454	
319	455	
320	455	
319	456	
320	457	
319	458	
320	459	
321	460	
321	461	
322	462	
320	463	
321	464	
320	465	
320	466	
320	467	
320	468	
319	469	
319	470	
320	471	
320	472	
320	473	
320	474	
320	475	
320	476	
320	477	
321	478	
320	479	
320	480	
320	481	
320	482	
320	483	
321	484	
321	485	
320	486	
320	487	
321	487	
320	488	
320	489	
321	489	
321	490	
321	491	
321	492	
321	493	
322	494	
319	495	
320	495	
320	496	
320	497	
320	498	
320	499	
320	500	
320	501	
320	502	
320	503	
321	504	
321	505	
320	506	
320	507	
321	508	
320	509	
320	510	
321	510	
321	511	
320	512	
321	512	
320	513	
321	513	
321	514	
321	515	
320	516	
321	516	
320	517	
320	518	
320	519	
321	519	
320	520	
321	520	
322	521	
321	522	
321	523	
320	524	
320	525	
320	526	
321	527	
321	528	
322	529	
322	530	
323	531	
323	532	
322	533	
322	534	
321	535	
322	536	
321	537	
321	538	
321	539	
321	540	
321	541	
322	542	
322	543	
321	544	
322	545	
320	546	
320	547	
320	548	
319	549	
320	549	
320	550	
320	551	
319	552	
319	553	
319	554	
319	555	
319	556	
319	557	
319	558	
317	559	
317	560	
317	561	
317	562	
317	563	
317	564	
317	565	
317	566	
315	567	
315	568	
315	569	
316	569	
316	570	
317	571	
317	572	
317	573	
313	574	
315	575	
315	576	
315	577	
315	578	
313	579	
313	580	
313	581	
313	582	
312	583	
311	584	
312	585	
312	586	
313	587	
313	588	
313	589	
311	590	
310	591	
310	592	
309	593	
310	594	
311	595	
311	596	
311	597	
311	598	
312	599	
311	600	
310	601	
310	602	
310	603	
308	604	
311	605	
310	606	
311	607	
309	608	
309	609	
311	610	
307	611	
308	612	
308	613	
307	614	
307	615	
309	616	
307	617	
308	618	
308	619	
308	620	
307	621	
307	622	
307	623	
308	624	
308	625	
307	626	
307	627	
306	628	
307	629	
307	630	
306	631	
307	632	
307	633	
306	634	
307	635	
306	636	
306	637	
306	638	
307	638	
307	639	
306	640	
306	641	
307	642	
307	643	
306	644	
307	644	
307	645	
306	646	
306	647	
306	648	
306	649	
307	650	
306	651	
306	652	
305	653	
305	654	
306	655	
306	656	
306	657	
306	658	
306	659	
306	660	
307	661	
307	662	
307	663	
306	664	
307	665	
305	666	
307	667	
307	668	
307	669	
306	670	
306	671	
307	671	
307	672	
305	673	
306	674	
306	675	
307	676	
306	677	
307	677	
307	678	
306	679	
306	680	
307	681	
306	682	
306	683	
306	684	
307	685	
307	686	
308	687	
306	688	
309	689	
309	690	
309	691	
308	692	
308	693	
308	694	
308	695	
308	696	
308	697	
307	698	
309	699	
307	700	
308	701	
309	702	
310	702	
309	703	
309	704	
309	705	
309	706	
310	707	
310	708	
309	709	
310	709	
310	710	
310	711	
310	712	
310	713	
310	714	
310	715	
310	716	
309	717	
310	718	
310	719	
311	720	
309	721	
310	722	
309	723	
310	723	
309	724	
310	725	
311	726	
311	727	
310	728	
311	729	
310	730	
310	731	
310	732	
311	733	
311	734	
311	735	
310	736	
310	737	
310	738	
310	739	
310	740	
311	740	
310	741	
310	742	
310	743	
311	744	
311	745	
311	746	
311	747	
311	748	
310	749	
310	750	
309	751	
310	751	
309	752	
310	752	
311	752	
311	753	
312	754	
311	755	
311	756	
311	757	
311	758	
310	759	
311	759	
310	760	
312	761	
312	762	
311	763	
310	764	
311	765	
311	766	
311	767	
311	768	
312	769	
312	770	
312	771	
312	772	
312	773	
312	774	
312	775	
312	776	
313	777	
312	778	
312	779	
312	780	
312	781	
312	782	
312	783	
312	784	
312	785	
312	786	
313	787	
313	788	
313	789	
313	790	
313	791	
313	792	
313	793	
313	794	
314	794	
313	795	
314	795	
314	796	
315	797	
315	798	
315	799	
315	800	
315	801	
315	802	
315	803	
314	804	
315	805	
315	806	
317	807	
316	808	
316	809	
316	810	
317	811	
317	812	
317	813	
317	814	
316	815	
316	816	
319	817	
318	818	
317	819	
317	820	
319	821	
319	822	
321	823	
321	824	
321	825	
321	826	
320	827	
321	827	
323	828	
321	829	
321	830	
321	831	
323	832	
323	833	
324	834	
325	835	
325	836	
325	837	
323	838	
323	839	
323	840	
325	841	
324	842	
324	843	
324	844	
323	845	
324	845	
324	846	
324	847	
325	848	
324	849	
325	849	
325	850	
324	851	
325	852	
325	853	
325	854	
323	855	
324	856	
325	857	
325	858	
325	859	
325	860	
325	861	
324	862	
324	863	
324	864	
324	865	
324	866	
324	867	
324	868	
324	869	
324	870	
324	871	
324	872	
324	873	
325	874	
324	875	
324	876	
325	877	
325	878	
325	879	
325	880	
326	881	
327	882	
325	883	
326	884	
327	885	
327	886	
326	887	
326	888	
327	889	
327	890	
327	891	
327	892	
326	893	
326	894	
327	895	
327	896	
327	897	
327	898	
327	899	
327	900	
327	901	
326	902	
326	903	
326	904	
327	905	
328	906	
328	907	
328	908	
329	909	
329	910	
329	911	
329	912	
328	913	
328	914	
328	915	
329	916	
329	917	
329	918	
325	983	
325	984	
324	985	
324	986	
325	987	
325	988	
320	1007	
320	1008	
321	1009	
316	1022	
316	1023	
307	1095	
