333	305	
333	306	
332	307	
333	308	
333	309	
333	310	
333	311	
333	312	
332	313	
333	314	
332	315	
331	316	
332	316	
331	317	
332	317	
331	318	
332	319	
332	320	
332	321	
332	322	
332	323	
332	324	
332	325	
333	326	
333	327	
333	328	
333	329	
333	330	
334	331	
334	332	
334	333	
334	334	
334	335	
334	336	
334	337	
335	338	
334	339	
335	340	
335	341	
335	342	
334	343	
333	344	
333	345	
333	346	
333	347	
333	348	
335	349	
334	350	
334	351	
333	352	
333	353	
333	354	
333	355	
333	356	
331	357	
331	358	
333	359	
333	360	
331	361	
331	362	
332	363	
332	364	
332	365	
332	366	
333	367	
333	368	
331	369	
331	370	
331	371	
331	372	
332	372	
332	373	
333	374	
321	395	
321	396	
319	397	
319	398	
319	399	
319	400	
318	401	
317	402	
317	403	
318	404	
317	405	
317	406	
318	407	
318	408	
319	409	
319	410	
318	411	
318	412	
318	413	
317	414	
317	415	
317	416	
318	416	
318	417	
318	418	
318	419	
317	420	
318	421	
318	422	
317	423	
317	424	
317	425	
317	426	
317	427	
317	428	
317	429	
317	430	
318	431	
318	432	
318	433	
317	434	
318	435	
318	436	
318	437	
318	438	
318	439	
318	440	
318	441	
318	442	
318	443	
319	443	
319	444	
319	445	
319	446	
319	447	
319	448	
320	449	
319	450	
320	451	
320	452	
320	453	
321	454	
321	455	
321	456	
319	457	
320	458	
321	459	
322	460	
321	461	
321	462	
322	463	
321	464	
321	465	
321	466	
321	467	
321	468	
321	469	
320	470	
321	470	
321	471	
321	472	
321	473	
320	474	
321	475	
320	476	
321	477	
321	478	
321	479	
320	480	
321	480	
320	481	
322	482	
322	483	
321	484	
321	485	
321	486	
321	487	
321	488	
321	489	
321	490	
321	491	
321	492	
321	493	
321	494	
322	495	
322	496	
321	497	
321	498	
321	499	
321	500	
321	501	
321	502	
321	503	
322	504	
321	505	
321	506	
321	507	
321	508	
321	509	
321	510	
321	511	
322	512	
321	513	
321	514	
322	515	
322	516	
321	517	
321	518	
321	519	
321	520	
322	521	
323	522	
323	523	
322	524	
321	525	
322	526	
321	527	
322	528	
322	529	
323	529	
323	530	
323	531	
323	532	
324	533	
324	534	
323	535	
322	536	
323	537	
323	538	
322	539	
322	540	
322	541	
321	542	
322	543	
321	544	
321	545	
321	546	
321	547	
320	548	
319	549	
320	550	
320	551	
319	552	
319	553	
321	554	
320	555	
319	556	
320	557	
319	558	
319	559	
319	560	
318	561	
318	562	
318	563	
319	564	
319	565	
318	566	
318	567	
319	568	
317	569	
317	570	
317	571	
309	572	
315	573	
317	574	
315	575	
316	576	
313	577	
313	578	
315	579	
315	580	
314	581	
313	582	
311	583	
312	584	
315	585	
314	586	
312	587	
313	588	
312	589	
312	590	
313	591	
312	592	
312	593	
312	594	
312	595	
312	596	
313	597	
312	598	
311	599	
312	600	
311	601	
311	602	
311	603	
311	604	
311	605	
310	606	
311	607	
312	608	
311	609	
311	610	
311	611	
310	612	
308	613	
310	614	
310	615	
309	616	
309	617	
309	618	
309	619	
309	620	
308	621	
309	621	
308	622	
307	623	
308	624	
307	625	
308	626	
307	627	
308	628	
309	629	
309	630	
309	631	
308	632	
308	633	
308	634	
308	635	
308	636	
308	637	
308	638	
308	639	
307	640	
307	641	
308	642	
308	643	
307	644	
308	645	
308	646	
308	647	
306	648	
306	649	
306	650	
307	650	
307	651	
307	652	
308	653	
307	654	
307	655	
307	656	
307	657	
306	658	
308	659	
307	660	
307	661	
308	662	
308	663	
307	664	
308	665	
307	666	
307	667	
307	668	
307	669	
308	670	
308	671	
309	672	
309	673	
308	674	
309	675	
309	676	
309	677	
309	678	
308	679	
309	680	
309	681	
308	682	
308	683	
308	684	
308	685	
308	686	
308	687	
308	688	
308	689	
308	690	
309	691	
309	692	
308	693	
308	694	
309	695	
310	696	
309	697	
309	698	
309	699	
308	700	
308	701	
308	702	
311	702	
311	703	
311	704	
311	705	
311	706	
312	707	
310	708	
310	709	
311	710	
311	711	
310	712	
310	713	
310	714	
310	715	
310	716	
310	717	
310	718	
310	719	
310	720	
311	721	
311	722	
312	723	
312	724	
312	725	
312	726	
311	727	
311	728	
311	729	
311	730	
311	731	
311	732	
311	733	
311	734	
311	735	
311	736	
312	737	
312	738	
311	739	
311	740	
311	741	
312	742	
312	743	
312	744	
312	745	
312	746	
311	747	
311	748	
311	749	
311	750	
311	751	
311	752	
312	753	
312	754	
313	755	
313	756	
313	757	
313	758	
311	759	
310	760	
310	761	
313	762	
313	763	
312	764	
312	765	
312	766	
312	767	
312	768	
313	769	
313	770	
312	771	
313	772	
313	773	
313	774	
313	775	
311	776	
312	776	
312	777	
312	778	
313	779	
313	780	
312	781	
312	782	
315	783	
315	784	
314	785	
314	786	
314	787	
312	788	
314	789	
315	790	
315	791	
315	792	
315	793	
315	794	
315	795	
315	796	
315	797	
315	798	
315	799	
316	799	
316	800	
315	801	
316	801	
316	802	
316	803	
317	804	
317	805	
316	806	
316	807	
315	808	
316	809	
316	810	
317	810	
319	811	
319	812	
318	813	
317	814	
318	815	
318	816	
319	816	
319	817	
319	818	
319	819	
319	820	
321	821	
321	822	
321	823	
321	824	
321	825	
322	826	
323	827	
323	828	
321	829	
321	830	
325	831	
325	832	
325	833	
325	834	
324	835	
324	836	
326	837	
326	838	
326	839	
327	840	
327	841	
325	842	
326	842	
325	843	
325	844	
325	845	
325	846	
325	847	
325	848	
326	849	
326	850	
326	851	
326	852	
326	853	
326	854	
326	855	
326	856	
326	857	
326	858	
326	859	
326	860	
326	861	
326	862	
326	863	
326	864	
327	864	
327	865	
327	866	
327	867	
327	868	
326	869	
325	870	
327	871	
327	872	
327	873	
327	874	
327	875	
327	876	
326	877	
327	878	
327	879	
327	880	
327	881	
326	882	
326	883	
326	884	
327	885	
327	886	
328	887	
328	888	
327	889	
328	890	
327	891	
328	891	
327	892	
328	893	
328	894	
327	895	
327	896	
327	897	
328	898	
329	899	
329	900	
329	901	
328	902	
328	903	
327	904	
327	905	
328	906	
329	907	
329	908	
329	909	
329	910	
328	911	
328	912	
328	913	
328	914	
328	915	
329	916	
329	917	
329	918	
306	1093	
308	1094	
307	1099	
308	1100	
308	1101	
