400	81	
400	82	
400	83	
335	305	
335	306	
334	307	
334	308	
334	309	
335	310	
334	311	
334	312	
334	313	
334	314	
335	315	
335	316	
333	317	
333	318	
335	319	
334	320	
335	320	
334	321	
334	322	
334	323	
334	324	
334	325	
336	326	
335	327	
335	328	
335	329	
335	330	
335	331	
335	332	
335	333	
336	333	
336	334	
336	335	
335	336	
337	337	
337	338	
337	339	
337	340	
336	341	
336	342	
336	343	
336	344	
335	345	
335	346	
334	347	
334	348	
335	349	
335	350	
335	351	
335	352	
335	353	
335	354	
335	355	
335	356	
334	357	
335	358	
335	359	
335	360	
333	361	
333	362	
333	363	
333	364	
333	365	
333	366	
333	367	
334	368	
334	369	
333	370	
333	371	
333	372	
333	373	
333	374	
333	375	
333	376	
333	377	
333	378	
333	379	
333	380	
333	381	
333	382	
333	385	
333	386	
331	387	
331	388	
333	389	
333	390	
321	395	
321	396	
323	397	
323	398	
322	399	
322	400	
321	401	
321	402	
321	403	
321	404	
321	405	
321	406	
321	407	
321	408	
321	409	
320	410	
321	411	
321	412	
319	413	
320	413	
320	414	
320	415	
321	416	
321	417	
320	418	
319	419	
319	420	
319	421	
320	422	
319	423	
320	423	
320	424	
320	425	
320	426	
320	427	
319	428	
319	429	
319	430	
320	431	
320	432	
319	433	
319	434	
320	434	
320	435	
320	436	
320	437	
321	437	
321	438	
320	439	
321	440	
321	441	
322	442	
322	443	
322	444	
321	445	
321	446	
321	447	
321	448	
321	449	
322	450	
321	451	
322	451	
321	452	
321	453	
322	454	
322	455	
322	456	
322	457	
323	457	
323	458	
323	459	
323	460	
324	460	
323	461	
324	462	
324	463	
323	464	
322	465	
323	466	
324	467	
324	468	
323	469	
323	470	
323	471	
322	472	
323	472	
323	473	
323	474	
322	475	
322	476	
321	477	
323	477	
323	478	
323	479	
322	480	
324	480	
323	481	
324	482	
323	483	
323	484	
322	485	
324	486	
322	487	
323	488	
322	489	
322	490	
322	491	
323	492	
323	493	
322	494	
324	495	
323	496	
323	497	
323	498	
323	499	
323	500	
323	501	
323	502	
323	503	
323	504	
323	505	
323	506	
323	507	
324	507	
324	508	
322	509	
323	510	
323	511	
322	512	
321	513	
322	514	
321	515	
322	516	
322	517	
322	518	
323	519	
323	520	
323	521	
323	522	
323	523	
324	524	
323	525	
324	525	
323	526	
323	527	
324	528	
323	529	
324	530	
324	531	
323	532	
324	533	
325	534	
324	535	
324	536	
324	537	
323	538	
324	538	
324	539	
323	540	
323	541	
323	542	
323	543	
323	544	
324	545	
325	546	
322	547	
323	548	
323	549	
321	550	
321	551	
321	552	
323	553	
323	554	
323	555	
319	556	
321	557	
321	558	
322	558	
321	559	
321	560	
321	561	
321	562	
321	563	
320	564	
319	565	
318	566	
318	567	
317	569	
317	570	
319	571	
319	572	
319	573	
317	574	
315	575	
315	576	
317	577	
317	578	
315	579	
315	580	
316	580	
316	581	
313	582	
316	583	
315	584	
315	585	
315	586	
314	587	
314	588	
314	589	
315	590	
315	591	
314	592	
314	593	
313	594	
315	594	
314	595	
314	596	
313	597	
313	598	
313	599	
313	600	
313	601	
314	602	
313	603	
312	604	
312	605	
311	606	
312	607	
312	608	
312	609	
311	610	
311	611	
312	612	
310	613	
311	614	
311	615	
310	616	
311	616	
311	617	
310	618	
311	619	
310	620	
311	621	
311	622	
310	623	
310	624	
311	625	
310	626	
310	627	
311	628	
311	629	
310	630	
311	630	
311	631	
307	632	
308	633	
310	634	
310	635	
309	636	
310	636	
310	637	
311	638	
310	639	
309	640	
310	641	
309	642	
309	643	
310	643	
309	644	
310	645	
311	646	
310	647	
310	648	
309	649	
310	650	
310	651	
311	652	
311	653	
310	654	
309	655	
310	656	
310	657	
308	658	
309	659	
310	660	
310	661	
310	662	
310	663	
309	664	
311	665	
310	666	
311	666	
311	667	
311	668	
310	669	
309	670	
309	671	
309	672	
308	673	
309	673	
309	674	
309	675	
310	676	
310	677	
309	678	
310	679	
310	680	
310	681	
310	682	
310	683	
311	683	
310	684	
311	684	
310	685	
310	686	
310	687	
310	688	
310	689	
310	690	
310	691	
310	692	
309	693	
310	694	
310	695	
311	696	
310	697	
311	698	
311	699	
310	700	
310	701	
310	702	
310	703	
312	704	
312	705	
312	706	
312	707	
312	708	
313	709	
312	710	
313	710	
312	711	
311	712	
311	713	
313	714	
313	715	
312	716	
312	717	
312	718	
312	719	
312	720	
312	721	
312	722	
312	723	
313	723	
313	724	
312	725	
312	726	
312	727	
313	728	
313	729	
313	730	
313	731	
313	732	
314	733	
314	734	
313	735	
314	735	
314	736	
314	737	
314	738	
314	739	
314	740	
314	741	
313	742	
314	742	
313	743	
313	744	
313	745	
314	746	
313	747	
314	747	
314	748	
314	749	
314	750	
313	751	
314	752	
313	753	
312	754	
312	755	
315	755	
315	756	
312	757	
312	758	
312	759	
314	760	
314	761	
313	762	
314	763	
314	764	
314	765	
313	766	
314	767	
314	768	
313	769	
313	770	
314	771	
315	772	
313	773	
315	773	
315	774	
315	775	
315	776	
315	777	
315	778	
315	779	
315	780	
316	781	
315	782	
315	783	
315	784	
314	785	
314	786	
314	787	
317	788	
317	789	
316	790	
316	791	
316	792	
316	793	
316	794	
316	795	
316	796	
316	797	
316	798	
316	799	
316	800	
316	801	
316	802	
317	803	
318	804	
318	805	
318	806	
317	807	
318	807	
318	808	
318	809	
318	810	
319	811	
320	812	
318	813	
318	814	
318	815	
320	816	
320	817	
321	818	
322	819	
321	820	
321	821	
321	822	
321	823	
321	824	
323	825	
323	826	
322	827	
322	828	
325	829	
325	830	
325	831	
326	832	
326	833	
327	834	
326	835	
326	836	
327	837	
327	838	
327	839	
327	840	
327	841	
327	842	
327	843	
328	844	
327	845	
327	846	
328	847	
328	848	
328	849	
328	850	
328	851	
328	852	
328	853	
328	854	
328	855	
328	856	
328	857	
328	858	
327	859	
327	860	
328	861	
328	862	
328	863	
328	864	
328	865	
327	866	
328	866	
327	867	
328	867	
328	868	
328	869	
328	870	
329	871	
329	872	
328	873	
328	874	
328	875	
328	876	
328	877	
328	878	
328	879	
329	880	
329	881	
329	882	
329	883	
329	884	
329	885	
329	886	
329	887	
330	888	
329	889	
330	889	
330	890	
331	891	
331	892	
331	893	
331	894	
331	895	
331	896	
331	897	
331	898	
331	899	
332	900	
332	901	
332	902	
329	903	
330	904	
331	905	
331	906	
331	907	
330	908	
331	909	
331	910	
331	911	
331	912	
333	913	
333	914	
333	915	
331	974	
329	986	
328	987	
327	988	
322	1007	
316	1036	
316	1039	
310	1083	
310	1084	
310	1085	
310	1086	
310	1087	
310	1088	
310	1089	
310	1090	
310	1091	
310	1092	
