404	55	
404	56	
406	80	
406	81	
406	85	
406	86	
408	89	
408	100	
408	101	
341	301	
341	302	
339	303	
339	304	
339	305	
341	306	
341	307	
341	308	
341	309	
340	310	
339	311	
339	312	
339	313	
339	314	
339	315	
340	315	
340	316	
341	317	
341	318	
341	319	
341	320	
341	321	
341	322	
341	323	
341	324	
339	325	
340	326	
341	326	
341	327	
341	328	
341	329	
341	330	
342	331	
341	332	
341	333	
342	334	
342	335	
343	336	
343	337	
343	338	
342	339	
343	340	
343	341	
343	342	
343	343	
341	344	
341	345	
341	346	
341	347	
341	348	
341	349	
341	350	
341	351	
341	352	
339	353	
339	354	
340	355	
340	356	
340	357	
339	358	
339	359	
339	360	
340	361	
340	362	
339	363	
339	364	
339	365	
339	366	
339	367	
339	368	
338	369	
338	370	
338	371	
338	372	
339	373	
339	374	
337	375	
337	376	
339	377	
339	378	
337	379	
339	379	
338	380	
338	381	
338	382	
338	383	
338	384	
337	385	
338	385	
337	386	
337	387	
337	388	
337	389	
337	390	
337	391	
329	393	
329	394	
329	395	
329	396	
327	397	
327	398	
327	399	
327	400	
327	401	
327	402	
327	403	
327	404	
327	405	
326	406	
326	407	
326	408	
326	409	
326	410	
325	411	
325	412	
325	413	
326	414	
326	415	
326	416	
325	417	
325	418	
326	419	
326	420	
326	421	
325	422	
325	423	
325	424	
325	425	
326	425	
326	426	
325	427	
325	428	
326	429	
325	430	
326	430	
326	431	
326	432	
326	433	
326	434	
326	435	
325	436	
325	437	
326	438	
325	439	
325	440	
326	440	
325	441	
326	442	
326	443	
327	444	
327	445	
327	446	
327	447	
328	448	
327	449	
328	450	
327	451	
329	452	
328	453	
328	454	
327	455	
327	456	
328	456	
328	457	
329	458	
329	459	
329	460	
329	461	
329	462	
329	463	
330	464	
329	465	
329	466	
329	467	
329	468	
329	469	
330	470	
330	471	
330	472	
330	473	
329	474	
329	475	
330	475	
329	476	
329	477	
328	478	
328	479	
329	480	
329	481	
328	482	
329	483	
328	484	
328	485	
327	486	
329	487	
329	488	
330	488	
329	489	
328	490	
329	491	
328	492	
329	492	
329	493	
329	494	
329	495	
328	496	
328	497	
329	498	
329	499	
328	500	
329	500	
329	501	
329	502	
329	503	
329	504	
329	505	
328	506	
329	506	
329	507	
329	508	
328	509	
329	510	
329	511	
329	512	
329	513	
329	514	
329	515	
329	516	
329	517	
329	518	
329	519	
329	520	
329	521	
330	522	
330	523	
330	524	
330	525	
331	525	
330	526	
330	527	
330	528	
331	529	
330	530	
331	530	
331	531	
332	531	
331	532	
331	533	
330	534	
330	535	
330	536	
329	537	
330	538	
330	539	
330	540	
329	541	
330	542	
329	543	
327	544	
327	545	
327	546	
329	547	
329	548	
327	549	
327	550	
327	551	
327	552	
325	553	
325	554	
325	555	
326	555	
327	556	
327	557	
327	558	
327	559	
326	560	
325	561	
325	562	
325	563	
323	564	
324	565	
324	566	
324	567	
325	568	
323	569	
323	570	
323	571	
322	572	
321	573	
321	574	
322	575	
321	576	
322	577	
323	577	
322	578	
322	579	
321	580	
321	581	
320	582	
320	583	
320	584	
321	585	
322	586	
321	587	
319	588	
320	588	
320	589	
319	590	
320	591	
320	592	
320	593	
319	594	
319	595	
318	596	
320	597	
319	598	
319	599	
319	600	
319	601	
318	602	
317	603	
317	604	
318	605	
318	606	
317	607	
318	608	
316	609	
319	610	
318	611	
317	612	
318	613	
318	614	
317	615	
317	616	
317	617	
317	618	
317	619	
317	620	
317	621	
317	622	
317	623	
317	624	
315	625	
317	626	
316	627	
316	628	
315	629	
316	630	
315	631	
315	632	
315	633	
315	634	
317	635	
315	636	
315	637	
315	638	
316	639	
315	640	
316	640	
315	641	
317	642	
317	643	
316	644	
316	645	
315	646	
316	646	
315	647	
315	648	
317	649	
316	650	
315	651	
316	651	
316	652	
314	653	
316	654	
315	655	
317	656	
316	657	
316	658	
316	659	
316	660	
316	661	
316	662	
315	663	
315	664	
315	665	
316	666	
316	667	
315	668	
315	669	
316	669	
316	670	
316	671	
315	672	
317	673	
317	674	
315	675	
316	676	
316	677	
316	678	
317	679	
316	680	
315	681	
316	682	
316	683	
316	684	
316	685	
316	686	
316	687	
317	687	
316	688	
317	688	
316	689	
316	690	
317	691	
316	692	
316	693	
316	694	
316	695	
316	696	
316	697	
315	698	
316	699	
316	700	
315	701	
317	702	
317	703	
318	704	
318	705	
318	706	
318	707	
318	708	
319	709	
319	710	
318	711	
318	712	
318	713	
317	714	
318	714	
317	715	
318	716	
318	717	
317	718	
318	718	
318	719	
319	720	
319	721	
319	722	
318	723	
318	724	
319	724	
318	725	
318	726	
319	727	
318	728	
318	729	
317	730	
318	731	
318	732	
318	733	
318	734	
318	735	
319	736	
318	737	
318	738	
318	739	
320	740	
319	741	
319	742	
318	743	
319	743	
320	743	
319	744	
320	744	
319	745	
320	746	
320	747	
320	748	
320	749	
320	750	
320	751	
321	752	
321	753	
321	754	
320	755	
321	756	
321	757	
321	758	
320	759	
321	759	
320	760	
320	761	
319	762	
319	763	
320	764	
320	765	
321	765	
320	766	
320	767	
321	767	
320	768	
320	769	
320	770	
321	771	
321	772	
321	773	
321	774	
322	775	
322	776	
321	777	
321	778	
321	779	
320	780	
321	780	
321	781	
320	782	
320	783	
319	784	
320	784	
320	785	
321	786	
321	787	
321	788	
321	789	
322	790	
321	791	
321	792	
321	793	
322	794	
322	795	
322	796	
323	797	
323	798	
323	799	
323	800	
323	801	
324	802	
324	803	
324	804	
324	805	
324	806	
324	807	
325	808	
325	809	
325	810	
325	811	
325	812	
326	813	
327	813	
326	814	
325	815	
325	816	
325	817	
325	818	
327	818	
327	819	
327	820	
327	821	
328	822	
329	823	
329	824	
329	825	
329	826	
329	827	
331	828	
331	829	
331	830	
331	831	
330	832	
333	833	
333	834	
333	835	
333	836	
332	837	
332	838	
335	839	
335	840	
335	841	
335	842	
336	842	
335	843	
335	844	
335	845	
335	846	
335	847	
335	848	
336	849	
336	850	
334	851	
335	852	
335	853	
336	853	
336	854	
334	855	
337	856	
336	857	
335	858	
335	859	
336	860	
337	861	
335	862	
335	863	
335	864	
336	865	
336	866	
335	867	
335	868	
336	869	
336	870	
337	871	
337	872	
336	873	
335	874	
335	875	
336	876	
336	877	
336	878	
336	879	
337	880	
337	881	
338	882	
338	883	
339	884	
339	885	
339	886	
339	887	
338	888	
338	889	
338	890	
337	891	
338	892	
339	893	
339	894	
339	895	
339	896	
338	897	
338	898	
339	899	
339	900	
337	901	
338	902	
339	903	
339	904	
339	905	
339	906	
339	907	
339	908	
339	909	
339	910	
338	911	
338	912	
340	913	
339	914	
339	915	
339	916	
334	983	
334	984	
334	985	
333	986	
333	987	
318	1065	
318	1066	
316	1076	
316	1077	
317	1081	
317	1082	
318	1083	
318	1084	
317	1085	
316	1086	
318	1089	
