341	303	
341	304	
341	305	
341	306	
341	307	
341	308	
341	309	
341	310	
341	311	
341	312	
341	313	
341	314	
342	315	
341	316	
342	317	
342	318	
342	319	
342	320	
342	321	
341	322	
342	322	
341	323	
341	324	
342	325	
342	326	
342	327	
342	328	
342	329	
343	329	
342	330	
343	331	
343	332	
343	333	
343	334	
343	335	
343	336	
344	337	
343	338	
343	339	
343	340	
343	341	
343	342	
343	343	
343	344	
343	345	
343	346	
341	347	
341	348	
341	349	
341	350	
341	351	
341	352	
341	353	
341	354	
341	355	
341	356	
341	357	
341	358	
341	359	
341	360	
340	361	
341	362	
341	363	
341	364	
340	365	
340	366	
341	367	
341	368	
340	369	
340	370	
339	371	
339	372	
339	373	
339	374	
339	375	
339	376	
339	377	
339	378	
339	379	
339	380	
339	381	
339	382	
339	383	
339	384	
339	385	
339	386	
339	387	
339	388	
339	389	
339	390	
339	391	
337	393	
329	394	
329	395	
329	396	
329	397	
329	398	
329	399	
327	400	
327	401	
327	402	
327	403	
327	404	
327	405	
327	406	
328	407	
328	408	
327	409	
327	410	
326	411	
327	411	
327	412	
328	413	
327	414	
326	415	
327	416	
327	417	
327	418	
327	419	
326	420	
327	421	
327	422	
327	423	
327	424	
327	425	
327	426	
327	427	
327	428	
326	429	
327	430	
327	431	
326	432	
327	432	
328	433	
328	434	
327	435	
327	436	
328	437	
327	438	
327	439	
327	440	
328	441	
328	442	
328	443	
327	444	
328	444	
328	445	
328	446	
327	447	
328	448	
329	449	
329	450	
329	451	
329	452	
329	453	
329	454	
329	455	
329	456	
329	457	
330	458	
330	459	
331	460	
330	461	
330	462	
331	463	
331	464	
330	465	
330	466	
330	467	
330	468	
330	469	
330	470	
330	471	
330	472	
330	473	
330	474	
330	475	
331	475	
331	476	
329	477	
330	478	
330	479	
329	480	
330	480	
330	481	
329	482	
330	482	
330	483	
330	484	
330	485	
330	486	
330	487	
330	488	
329	489	
330	489	
330	490	
330	491	
330	492	
329	493	
329	494	
329	495	
329	496	
329	497	
330	498	
330	499	
330	500	
332	501	
330	502	
330	503	
330	504	
329	505	
330	505	
330	506	
330	507	
330	508	
330	509	
330	510	
330	511	
329	512	
330	512	
330	513	
331	514	
331	515	
330	516	
331	516	
331	517	
330	518	
331	518	
330	519	
329	520	
331	520	
330	521	
330	522	
330	523	
331	523	
331	524	
330	525	
330	526	
331	527	
331	528	
333	528	
333	529	
332	530	
331	531	
332	532	
331	533	
331	534	
331	535	
331	536	
332	537	
332	538	
331	539	
331	540	
330	541	
330	542	
330	543	
330	544	
329	545	
329	546	
329	547	
327	548	
329	549	
328	550	
327	551	
327	552	
328	553	
328	554	
325	555	
327	555	
327	556	
325	557	
325	558	
325	559	
325	560	
325	561	
327	562	
326	563	
325	564	
326	564	
326	565	
325	566	
326	566	
325	567	
326	568	
325	569	
325	570	
325	571	
324	572	
324	573	
324	574	
324	575	
323	576	
323	577	
323	578	
323	579	
323	580	
323	581	
323	582	
322	583	
323	584	
322	585	
321	586	
323	587	
323	588	
323	589	
320	590	
319	591	
319	592	
319	593	
320	593	
320	595	
320	596	
321	596	
320	597	
320	598	
319	599	
320	600	
320	601	
320	602	
320	603	
318	604	
318	605	
319	606	
318	607	
318	608	
319	609	
319	610	
318	611	
318	612	
319	612	
318	613	
318	614	
318	615	
319	616	
318	617	
318	618	
318	619	
318	620	
318	621	
318	622	
319	622	
318	623	
319	624	
318	625	
318	626	
318	627	
318	628	
317	629	
318	629	
319	630	
317	631	
317	632	
317	633	
316	634	
317	635	
318	636	
318	637	
318	638	
318	639	
317	640	
317	641	
317	642	
317	643	
318	643	
317	644	
317	645	
316	646	
317	647	
316	648	
317	649	
316	650	
316	651	
316	652	
317	653	
316	654	
317	655	
317	656	
317	657	
316	658	
317	658	
316	659	
316	660	
316	661	
316	662	
317	663	
316	664	
317	665	
318	666	
317	667	
317	668	
316	669	
316	670	
316	671	
317	672	
315	673	
316	674	
317	675	
315	676	
317	676	
315	677	
316	677	
315	678	
315	679	
316	680	
316	681	
316	682	
318	683	
316	684	
317	684	
318	685	
316	686	
318	686	
316	687	
317	688	
317	689	
317	690	
316	691	
316	692	
316	693	
316	694	
318	695	
318	696	
318	697	
318	698	
319	699	
317	700	
318	700	
319	700	
318	701	
318	702	
318	703	
317	704	
318	705	
319	706	
319	707	
320	708	
320	709	
320	710	
321	711	
322	711	
320	712	
320	713	
320	714	
319	715	
320	716	
320	717	
320	718	
320	719	
321	720	
321	721	
319	722	
320	722	
321	722	
320	723	
320	724	
318	725	
320	726	
319	727	
319	728	
319	729	
320	729	
320	730	
320	731	
321	731	
320	732	
320	733	
321	733	
321	734	
321	735	
321	736	
320	737	
321	737	
320	738	
320	739	
321	739	
321	740	
321	741	
321	742	
322	742	
321	743	
321	744	
321	745	
321	746	
321	747	
321	748	
321	749	
321	750	
320	751	
321	751	
320	752	
319	753	
319	754	
321	755	
321	756	
321	757	
321	758	
321	759	
321	760	
321	761	
321	762	
319	763	
320	763	
320	764	
320	765	
321	766	
321	767	
320	768	
321	768	
320	769	
320	770	
320	771	
323	772	
322	773	
321	774	
322	775	
323	776	
322	777	
323	778	
323	779	
323	780	
323	781	
323	782	
323	783	
324	784	
323	785	
322	786	
321	787	
322	788	
322	789	
321	790	
323	791	
324	792	
323	793	
322	794	
322	795	
325	796	
325	797	
324	798	
323	799	
323	800	
324	801	
325	802	
325	803	
325	804	
325	805	
325	806	
325	807	
325	808	
325	809	
325	810	
326	811	
325	812	
325	813	
327	814	
327	815	
327	816	
327	817	
327	818	
328	819	
329	820	
329	821	
329	822	
329	823	
331	824	
331	825	
331	826	
331	827	
331	828	
331	829	
333	830	
333	831	
333	832	
333	833	
333	834	
335	835	
335	836	
335	837	
335	838	
334	839	
335	840	
336	841	
337	841	
336	842	
337	842	
336	843	
336	844	
336	845	
336	846	
337	847	
337	848	
337	849	
337	850	
337	851	
336	852	
337	852	
337	853	
337	854	
337	855	
337	856	
337	857	
336	858	
337	858	
337	859	
336	860	
336	861	
336	862	
336	863	
336	864	
337	865	
337	866	
337	867	
337	868	
337	869	
338	869	
337	870	
337	871	
338	872	
338	873	
338	874	
338	875	
338	876	
338	877	
338	878	
338	879	
338	880	
338	881	
339	881	
338	882	
338	883	
338	884	
339	885	
339	886	
339	887	
339	888	
339	889	
339	890	
339	891	
339	892	
339	893	
339	894	
339	895	
339	896	
339	897	
340	898	
340	899	
340	900	
340	901	
340	902	
339	903	
339	904	
340	905	
340	906	
339	907	
340	908	
340	909	
340	910	
341	911	
341	912	
341	913	
339	914	
339	915	
339	965	
339	966	
335	985	
335	986	
322	1038	
322	1039	
322	1040	
320	1052	
320	1053	
318	1071	
318	1072	
318	1073	
319	1081	
318	1082	
