343	302	
343	303	
343	304	
344	305	
344	306	
344	307	
344	308	
343	309	
343	310	
344	311	
343	312	
343	313	
343	314	
343	315	
344	316	
343	317	
344	318	
344	319	
344	320	
343	321	
343	322	
344	323	
344	324	
343	325	
344	326	
344	327	
344	328	
345	328	
345	329	
345	330	
345	331	
346	332	
346	333	
345	334	
345	335	
345	336	
345	337	
345	338	
345	339	
345	340	
345	341	
345	342	
345	343	
345	344	
343	345	
343	346	
343	347	
343	348	
343	349	
343	350	
343	351	
343	352	
343	353	
343	354	
343	355	
343	356	
343	357	
343	358	
343	359	
343	360	
343	361	
343	362	
343	363	
343	364	
343	365	
343	366	
341	367	
341	368	
342	369	
342	370	
343	370	
341	371	
341	372	
341	373	
342	374	
342	375	
342	376	
341	377	
341	378	
341	379	
341	380	
341	381	
342	381	
342	382	
341	383	
341	384	
341	385	
342	385	
341	386	
341	387	
341	388	
341	389	
341	390	
341	391	
341	392	
341	393	
331	394	
331	395	
332	396	
331	397	
331	398	
331	399	
331	400	
330	401	
330	402	
329	403	
329	404	
330	405	
329	406	
329	407	
329	408	
329	409	
330	409	
329	410	
329	411	
329	412	
330	413	
329	414	
330	415	
330	416	
328	417	
327	418	
327	419	
328	420	
329	420	
328	421	
329	422	
329	423	
328	424	
328	425	
327	426	
328	426	
328	427	
328	428	
329	429	
329	430	
328	431	
329	432	
329	433	
330	434	
329	435	
329	436	
330	437	
330	438	
329	439	
329	440	
329	441	
330	442	
329	443	
329	444	
330	445	
330	446	
330	447	
330	448	
331	449	
331	450	
332	451	
331	452	
331	453	
331	454	
332	455	
332	456	
333	457	
332	458	
332	459	
333	459	
333	460	
333	461	
332	462	
332	463	
332	464	
332	465	
332	466	
332	467	
332	468	
332	469	
332	470	
332	471	
332	472	
332	473	
331	474	
332	475	
331	476	
332	477	
332	478	
331	479	
332	480	
333	480	
332	481	
333	481	
332	482	
332	483	
333	484	
332	485	
332	486	
331	487	
332	488	
332	489	
332	490	
331	491	
331	492	
333	492	
332	493	
332	494	
331	495	
332	496	
334	497	
333	498	
332	499	
333	499	
332	500	
331	501	
331	502	
331	503	
331	504	
331	505	
331	506	
332	507	
332	508	
333	509	
332	510	
332	511	
332	512	
332	513	
334	514	
333	515	
333	516	
334	517	
332	518	
333	518	
333	519	
332	520	
333	521	
333	522	
333	523	
333	524	
333	525	
333	526	
333	527	
333	528	
334	528	
333	529	
334	530	
333	531	
333	532	
334	533	
333	534	
334	534	
333	535	
334	536	
334	537	
333	538	
332	539	
331	540	
332	541	
332	542	
333	543	
333	544	
332	545	
331	546	
332	547	
331	548	
331	549	
328	550	
330	550	
330	551	
331	552	
330	553	
329	554	
330	555	
330	556	
330	557	
329	558	
328	559	
327	560	
328	561	
327	562	
327	563	
327	564	
327	565	
327	566	
327	567	
327	568	
328	568	
327	569	
326	570	
327	570	
326	571	
325	572	
327	572	
326	573	
327	574	
327	575	
326	576	
326	577	
325	578	
324	579	
324	580	
325	581	
326	582	
326	583	
326	584	
324	585	
325	585	
325	586	
324	587	
324	588	
324	589	
324	590	
324	591	
322	592	
323	593	
322	594	
322	595	
321	596	
321	597	
322	598	
323	599	
322	600	
321	601	
322	602	
321	603	
322	603	
321	604	
322	605	
322	606	
321	607	
321	608	
321	609	
321	610	
321	611	
321	612	
321	613	
321	614	
321	615	
321	616	
321	617	
321	618	
321	619	
320	620	
321	621	
321	622	
321	623	
320	624	
321	624	
320	625	
319	626	
321	627	
320	628	
320	629	
319	630	
320	631	
320	632	
321	632	
320	633	
321	633	
321	634	
321	635	
321	636	
321	637	
321	638	
321	639	
320	640	
321	640	
321	641	
320	642	
319	643	
319	644	
320	645	
318	646	
319	647	
319	648	
319	649	
318	650	
319	651	
319	652	
319	653	
318	654	
319	655	
318	656	
319	656	
318	657	
318	658	
318	659	
318	660	
318	661	
319	662	
318	663	
319	664	
319	665	
318	666	
319	666	
318	667	
318	668	
318	669	
319	670	
319	671	
317	672	
317	673	
318	674	
318	675	
319	675	
318	676	
318	677	
318	678	
318	679	
318	680	
318	681	
319	681	
319	682	
319	683	
319	684	
320	685	
318	686	
319	687	
319	688	
319	689	
320	690	
319	691	
319	692	
319	693	
320	694	
321	695	
319	696	
320	697	
320	698	
321	699	
321	700	
319	701	
320	701	
320	702	
320	703	
320	704	
319	705	
319	706	
319	707	
321	708	
321	709	
322	709	
321	710	
322	710	
321	711	
322	712	
322	713	
322	714	
322	715	
323	716	
322	717	
322	718	
323	718	
323	719	
322	720	
323	721	
322	722	
322	723	
323	724	
322	725	
322	726	
323	727	
323	728	
324	729	
323	730	
323	731	
322	732	
324	733	
323	734	
322	735	
323	735	
322	736	
322	737	
322	738	
323	739	
323	740	
322	741	
322	742	
323	743	
322	744	
323	745	
322	746	
323	746	
322	747	
323	748	
322	749	
322	750	
323	751	
322	752	
322	753	
322	754	
323	754	
322	755	
322	756	
323	757	
323	758	
322	759	
322	760	
325	761	
325	762	
322	763	
324	763	
325	763	
324	764	
323	765	
322	766	
322	767	
322	768	
322	769	
322	770	
322	771	
322	772	
323	773	
323	774	
323	775	
323	776	
324	777	
324	778	
324	779	
324	780	
324	781	
324	782	
325	782	
323	783	
325	784	
325	785	
324	786	
324	787	
325	787	
325	788	
324	789	
324	790	
325	791	
324	792	
324	793	
324	794	
325	795	
325	796	
325	797	
325	798	
326	799	
326	800	
326	801	
327	802	
327	803	
327	804	
326	805	
328	805	
326	806	
326	807	
327	808	
327	809	
329	810	
329	811	
329	812	
327	813	
327	814	
328	815	
329	816	
328	817	
330	818	
330	819	
330	820	
331	821	
331	822	
332	823	
331	824	
332	824	
331	825	
331	826	
331	827	
333	828	
333	829	
334	830	
335	831	
335	832	
333	833	
337	834	
337	835	
337	836	
336	837	
335	838	
336	839	
337	840	
338	841	
338	842	
338	843	
339	844	
339	845	
339	846	
338	847	
338	848	
337	849	
337	850	
339	851	
339	852	
339	853	
339	854	
339	855	
339	856	
339	857	
339	858	
339	859	
340	859	
339	860	
339	861	
339	862	
339	863	
339	864	
339	865	
339	866	
339	867	
339	868	
340	868	
340	869	
340	870	
341	871	
341	872	
341	873	
340	874	
341	875	
341	876	
340	877	
340	878	
341	879	
342	880	
341	881	
341	882	
341	883	
341	884	
341	885	
341	886	
341	887	
342	888	
343	889	
343	890	
343	891	
342	892	
342	893	
342	894	
342	895	
342	896	
342	897	
343	898	
343	899	
343	900	
343	901	
342	902	
342	903	
343	903	
343	904	
343	905	
343	906	
343	907	
342	908	
342	909	
342	910	
342	911	
343	912	
343	913	
343	914	
343	915	
343	916	
343	917	
343	918	
342	927	
342	928	
343	928	
343	955	
343	956	
343	957	
343	958	
341	961	
341	962	
339	975	
339	976	
337	989	
337	990	
333	1007	
332	1008	
329	1025	
328	1026	
323	1057	
323	1058	
320	1065	
320	1066	
320	1067	
320	1068	
320	1069	
320	1070	
320	1071	
320	1075	
320	1076	
318	1113	
320	1115	
