412	87	
412	94	
345	301	
345	302	
343	303	
345	304	
345	306	
345	307	
345	308	
344	309	
343	310	
343	311	
344	312	
343	313	
343	314	
343	315	
343	316	
345	317	
343	318	
343	319	
345	320	
345	321	
345	322	
345	323	
345	324	
345	325	
345	326	
346	327	
345	328	
346	329	
347	330	
346	331	
346	332	
346	333	
346	334	
346	335	
346	336	
347	337	
347	338	
347	339	
347	340	
347	341	
347	342	
347	343	
347	344	
347	345	
346	346	
345	347	
345	348	
345	349	
345	350	
345	351	
345	352	
345	353	
345	354	
345	355	
345	356	
345	357	
345	358	
344	359	
345	359	
345	360	
345	361	
345	362	
343	363	
343	364	
344	365	
344	366	
343	367	
344	368	
343	369	
343	370	
343	371	
343	372	
343	373	
343	374	
343	375	
343	376	
343	377	
343	378	
343	379	
343	380	
342	381	
342	382	
341	383	
341	384	
342	385	
341	386	
341	387	
342	388	
343	389	
343	390	
343	391	
333	393	
333	394	
333	395	
333	396	
331	397	
331	398	
331	399	
331	400	
331	401	
332	402	
331	403	
331	404	
331	405	
331	406	
331	407	
330	408	
331	409	
331	410	
330	411	
330	412	
330	413	
331	413	
327	414	
330	415	
329	416	
330	417	
330	418	
330	419	
329	420	
330	420	
330	421	
330	422	
329	423	
330	424	
329	425	
330	425	
331	425	
331	426	
331	427	
330	428	
330	429	
331	430	
330	431	
331	431	
330	432	
330	433	
331	433	
330	434	
331	434	
331	435	
331	436	
331	437	
332	438	
331	439	
331	440	
331	441	
331	442	
331	443	
331	444	
332	445	
332	446	
332	447	
332	448	
332	449	
333	449	
333	450	
332	451	
333	451	
332	452	
333	453	
333	454	
333	455	
333	456	
334	457	
333	458	
334	459	
334	460	
333	461	
334	462	
334	463	
334	464	
333	465	
334	466	
333	467	
333	468	
333	469	
334	470	
333	471	
334	472	
333	473	
334	474	
333	475	
333	476	
333	477	
333	478	
334	478	
333	479	
333	480	
333	481	
334	482	
334	483	
333	484	
333	485	
334	485	
334	486	
334	487	
333	488	
335	489	
334	490	
334	491	
335	491	
335	492	
334	493	
334	494	
334	495	
334	496	
333	497	
334	498	
333	499	
334	499	
333	500	
333	501	
334	502	
333	503	
333	504	
334	504	
333	505	
334	506	
333	507	
334	508	
334	509	
334	510	
333	511	
334	511	
335	512	
334	513	
334	514	
333	515	
334	516	
334	517	
335	518	
334	519	
334	520	
334	521	
334	522	
334	523	
335	524	
334	525	
335	526	
334	527	
335	528	
335	529	
335	530	
334	531	
334	532	
335	533	
334	534	
333	535	
334	535	
335	536	
335	537	
336	538	
335	539	
334	540	
334	541	
335	542	
334	543	
334	544	
333	545	
332	546	
333	546	
333	547	
333	548	
333	549	
331	550	
331	551	
333	552	
331	553	
331	554	
331	555	
329	556	
330	557	
330	558	
331	558	
331	559	
330	560	
329	561	
329	562	
330	563	
330	564	
327	565	
329	565	
328	566	
328	567	
328	568	
328	569	
328	570	
327	571	
327	572	
328	573	
328	574	
327	575	
327	576	
325	577	
325	578	
325	579	
326	580	
325	581	
326	581	
325	582	
324	583	
324	584	
324	585	
325	586	
325	587	
325	588	
324	589	
325	590	
324	591	
324	592	
323	593	
324	593	
324	594	
325	595	
325	596	
324	597	
323	598	
323	599	
323	600	
323	601	
323	602	
323	603	
322	604	
324	605	
323	606	
324	607	
324	608	
323	609	
323	610	
323	611	
322	612	
322	613	
321	614	
321	615	
321	616	
322	617	
322	618	
322	619	
321	620	
322	620	
322	621	
321	622	
321	623	
321	624	
322	625	
323	626	
323	627	
323	628	
322	629	
320	630	
323	631	
320	632	
320	633	
320	634	
321	635	
321	636	
320	637	
320	638	
320	639	
321	640	
321	641	
321	642	
321	643	
321	644	
320	645	
321	646	
320	647	
320	648	
321	649	
321	650	
320	651	
320	652	
320	653	
320	654	
320	655	
320	656	
321	657	
321	658	
321	659	
321	660	
322	661	
321	662	
321	663	
321	664	
320	665	
321	666	
321	667	
320	668	
320	669	
319	670	
320	671	
320	672	
320	673	
320	674	
320	675	
320	676	
320	677	
320	678	
320	679	
320	680	
320	681	
320	682	
320	683	
321	684	
320	685	
321	686	
321	687	
321	688	
321	689	
321	690	
321	691	
320	692	
321	693	
321	694	
323	695	
320	696	
320	697	
321	698	
321	699	
322	700	
321	701	
322	701	
321	702	
322	703	
321	704	
321	705	
321	706	
321	707	
321	708	
321	709	
322	710	
323	711	
323	712	
324	712	
323	713	
324	713	
323	714	
323	715	
322	716	
323	717	
324	718	
322	719	
322	720	
323	721	
323	722	
325	723	
324	724	
323	725	
322	726	
325	727	
324	728	
324	729	
325	730	
325	731	
325	732	
323	733	
324	734	
323	735	
324	736	
325	736	
323	737	
323	738	
324	738	
324	739	
324	740	
324	741	
325	742	
325	743	
325	744	
324	745	
324	746	
325	747	
325	748	
325	749	
325	750	
325	751	
324	752	
326	753	
325	754	
324	755	
326	756	
325	757	
325	758	
325	759	
324	760	
324	761	
324	762	
323	763	
324	763	
325	764	
325	765	
325	766	
324	767	
324	768	
324	769	
324	770	
325	771	
325	772	
325	773	
325	774	
324	775	
325	776	
325	777	
325	778	
326	779	
325	780	
326	780	
325	781	
325	782	
326	783	
326	784	
326	785	
326	786	
326	787	
325	788	
325	789	
325	790	
326	791	
327	792	
327	793	
327	794	
327	795	
327	796	
327	797	
327	798	
327	799	
326	800	
329	801	
328	802	
328	803	
328	804	
328	805	
328	806	
328	807	
328	808	
328	809	
329	810	
331	811	
331	812	
327	813	
328	814	
329	815	
330	816	
331	816	
331	817	
331	818	
331	819	
333	820	
333	821	
333	822	
332	823	
331	824	
331	825	
335	826	
335	827	
335	828	
335	829	
335	830	
333	831	
337	832	
337	833	
337	834	
336	835	
336	836	
337	837	
337	838	
338	838	
338	839	
338	840	
339	841	
340	842	
339	843	
340	843	
340	844	
339	845	
339	846	
341	847	
341	848	
341	849	
340	850	
340	851	
340	852	
340	853	
340	854	
341	854	
341	855	
341	856	
341	857	
342	858	
342	859	
341	860	
341	861	
341	862	
341	863	
341	864	
341	865	
341	866	
340	867	
341	867	
341	868	
341	869	
342	870	
341	871	
341	872	
342	873	
342	874	
341	875	
341	876	
342	877	
342	878	
342	879	
342	880	
342	881	
342	882	
342	883	
343	884	
343	885	
344	886	
344	887	
343	888	
343	889	
342	890	
342	891	
342	892	
342	893	
342	894	
342	895	
344	896	
343	897	
344	897	
344	898	
342	899	
344	900	
343	901	
344	902	
343	903	
344	903	
344	904	
345	904	
345	905	
345	906	
345	907	
343	908	
344	909	
344	910	
344	911	
344	912	
344	913	
344	914	
344	915	
343	916	
343	917	
343	918	
345	919	
345	920	
345	923	
344	924	
343	925	
343	926	
343	927	
345	928	
345	929	
345	930	
343	953	
343	954	
343	955	
343	956	
343	957	
343	958	
343	959	
337	995	
336	996	
334	1005	
324	1054	
324	1055	
324	1056	
320	1095	
320	1096	
322	1097	
322	1098	
322	1105	
