349	301	
349	302	
351	303	
349	304	
349	305	
349	306	
349	307	
349	308	
349	309	
349	310	
349	311	
350	312	
349	313	
349	314	
349	315	
350	315	
349	316	
349	317	
349	318	
349	319	
349	320	
351	321	
350	322	
350	323	
350	324	
350	325	
350	326	
350	327	
350	328	
350	329	
350	330	
351	331	
351	332	
351	333	
351	334	
351	335	
351	336	
351	337	
351	338	
351	339	
351	340	
351	341	
351	342	
351	343	
349	344	
349	345	
350	346	
351	347	
349	348	
349	349	
349	350	
349	351	
349	352	
349	353	
349	354	
349	355	
349	356	
349	357	
349	358	
349	359	
349	360	
349	361	
349	362	
349	363	
348	364	
348	365	
347	366	
347	367	
347	368	
347	369	
348	369	
348	370	
347	371	
347	372	
348	373	
347	374	
348	374	
348	375	
348	376	
347	377	
347	378	
347	379	
347	380	
347	381	
347	382	
348	383	
348	384	
347	385	
347	386	
347	387	
347	388	
347	389	
347	390	
346	391	
347	392	
337	393	
337	394	
338	395	
339	396	
337	397	
337	398	
337	399	
337	400	
335	401	
335	402	
335	403	
336	404	
337	405	
334	406	
335	407	
335	408	
335	409	
335	410	
334	411	
334	412	
333	413	
334	414	
335	415	
335	416	
335	417	
335	418	
335	419	
335	420	
335	421	
336	422	
335	423	
335	424	
335	425	
335	426	
335	427	
334	428	
336	429	
335	430	
335	431	
335	432	
336	432	
335	433	
335	434	
336	435	
336	436	
336	437	
335	438	
335	439	
336	440	
336	441	
336	442	
336	443	
337	443	
336	444	
336	445	
337	446	
337	447	
337	448	
337	449	
338	450	
338	451	
339	452	
338	453	
339	453	
337	454	
337	455	
338	456	
339	456	
338	457	
339	458	
338	459	
338	460	
338	461	
339	462	
338	463	
338	464	
339	464	
338	465	
337	466	
337	467	
338	468	
339	468	
338	469	
338	470	
337	471	
338	471	
338	472	
337	473	
338	473	
340	474	
338	475	
337	476	
338	477	
338	478	
337	479	
338	480	
338	481	
338	482	
337	483	
338	483	
339	483	
338	484	
338	485	
338	486	
338	487	
338	488	
338	489	
338	490	
338	491	
338	492	
338	493	
338	494	
338	495	
338	496	
339	497	
339	498	
338	499	
338	500	
337	501	
339	502	
339	503	
337	504	
338	504	
337	505	
337	506	
337	507	
338	508	
338	509	
338	510	
338	511	
338	512	
338	513	
337	514	
339	514	
338	515	
337	516	
337	517	
338	518	
338	519	
338	520	
339	521	
339	522	
337	523	
338	524	
339	525	
338	526	
339	527	
339	528	
340	529	
341	530	
340	531	
341	532	
340	533	
340	534	
339	535	
340	536	
340	537	
339	538	
340	539	
339	540	
339	541	
339	542	
339	543	
339	544	
339	545	
338	546	
338	547	
338	548	
338	549	
338	550	
338	551	
336	552	
336	553	
336	554	
336	555	
336	556	
337	556	
336	557	
337	558	
334	559	
334	560	
334	561	
333	562	
334	562	
334	563	
334	564	
333	565	
334	565	
334	566	
333	567	
334	568	
333	569	
332	570	
333	571	
332	572	
333	572	
334	573	
333	574	
332	575	
332	576	
332	577	
331	578	
331	579	
332	580	
331	581	
331	582	
331	583	
330	584	
330	585	
330	586	
330	587	
329	588	
331	589	
328	590	
329	591	
329	592	
329	593	
329	594	
329	595	
328	596	
327	597	
329	597	
327	598	
328	599	
327	600	
327	601	
327	602	
327	603	
327	604	
328	605	
328	606	
327	607	
328	607	
327	608	
328	609	
327	610	
328	611	
328	612	
327	613	
327	614	
327	615	
327	616	
326	617	
327	617	
327	618	
327	619	
326	620	
326	621	
327	622	
326	623	
325	624	
327	624	
326	625	
326	626	
326	627	
326	628	
327	628	
326	629	
327	630	
326	631	
326	632	
326	633	
326	634	
326	635	
327	636	
326	637	
327	638	
326	639	
326	640	
326	641	
327	642	
327	643	
326	644	
327	645	
328	646	
326	647	
328	647	
326	648	
326	649	
326	650	
326	651	
326	652	
326	653	
326	654	
325	655	
326	656	
325	657	
325	658	
326	658	
325	659	
324	660	
325	660	
325	661	
325	662	
325	663	
325	664	
325	665	
326	666	
325	667	
326	667	
325	668	
324	669	
326	669	
324	670	
326	671	
324	672	
325	672	
325	673	
324	674	
325	675	
325	676	
324	677	
324	678	
325	678	
325	679	
324	680	
326	681	
325	682	
325	683	
325	684	
326	684	
325	685	
325	686	
325	687	
326	688	
325	689	
326	690	
324	691	
325	692	
325	693	
326	694	
326	695	
327	695	
326	696	
326	697	
327	698	
327	699	
326	700	
326	701	
327	701	
326	702	
327	703	
327	704	
326	705	
327	705	
327	706	
327	707	
330	708	
328	709	
329	710	
328	711	
328	712	
328	713	
328	714	
329	715	
328	716	
329	717	
329	718	
330	719	
328	720	
329	720	
329	721	
328	722	
328	723	
328	724	
328	725	
327	726	
328	727	
328	728	
328	729	
328	730	
328	731	
328	732	
328	733	
328	734	
328	735	
328	736	
328	737	
328	738	
329	739	
328	740	
328	741	
329	741	
328	742	
327	743	
328	744	
328	745	
328	746	
328	747	
328	748	
328	749	
328	750	
328	751	
328	752	
329	753	
329	754	
329	755	
329	756	
327	757	
329	757	
327	758	
330	759	
329	760	
328	761	
328	762	
328	763	
330	764	
329	765	
329	766	
329	767	
329	768	
329	769	
329	770	
329	771	
329	772	
329	773	
330	774	
328	775	
330	776	
330	777	
330	778	
330	779	
329	780	
330	780	
330	781	
330	782	
329	783	
329	784	
330	785	
330	786	
330	787	
331	787	
330	788	
330	789	
330	790	
331	791	
332	791	
331	792	
332	793	
332	794	
331	795	
332	796	
332	797	
332	798	
331	799	
332	800	
332	801	
333	802	
333	803	
332	804	
333	805	
333	806	
333	807	
334	807	
332	808	
332	809	
334	810	
334	811	
335	812	
335	813	
335	814	
334	815	
336	816	
336	817	
336	818	
337	819	
337	820	
337	821	
336	822	
336	823	
337	824	
339	825	
339	826	
339	827	
339	828	
339	829	
339	830	
339	831	
340	832	
343	833	
343	834	
343	835	
343	836	
343	837	
343	838	
344	839	
344	840	
344	841	
344	842	
344	843	
343	844	
344	844	
343	845	
343	846	
345	847	
345	848	
343	849	
343	850	
345	851	
345	852	
344	853	
345	854	
345	855	
345	856	
344	857	
344	858	
344	859	
344	860	
343	861	
343	862	
345	863	
345	864	
345	865	
345	866	
343	867	
343	868	
344	869	
345	870	
345	871	
345	872	
345	873	
345	874	
345	875	
345	876	
347	877	
345	878	
346	878	
345	879	
345	880	
347	881	
347	882	
347	883	
347	884	
347	885	
347	886	
347	887	
347	888	
347	889	
347	890	
347	891	
347	892	
347	893	
347	894	
347	895	
347	896	
347	897	
348	897	
348	898	
348	899	
348	900	
347	901	
347	902	
349	903	
349	904	
347	905	
348	906	
348	907	
349	908	
349	909	
349	910	
349	911	
349	912	
348	913	
348	914	
348	915	
348	916	
349	917	
348	918	
348	919	
348	920	
349	921	
349	922	
348	947	
348	948	
348	951	
347	955	
347	956	
347	957	
347	958	
347	961	
347	962	
348	962	
346	963	
345	964	
346	965	
328	1061	
328	1067	
329	1068	
330	1069	
324	1111	
324	1117	
325	1117	
