418	71	
418	72	
418	73	
353	300	
353	301	
353	302	
353	303	
353	304	
353	305	
353	306	
353	307	
352	308	
352	309	
352	310	
352	311	
352	312	
351	313	
351	314	
352	314	
353	315	
353	316	
353	317	
353	318	
353	319	
353	320	
352	321	
353	322	
353	323	
353	324	
353	325	
353	326	
354	326	
353	327	
353	328	
353	329	
353	330	
354	331	
354	332	
354	333	
354	334	
353	335	
354	335	
354	336	
354	337	
355	338	
355	339	
353	340	
353	341	
353	342	
353	343	
353	344	
351	345	
354	346	
353	347	
353	348	
353	349	
353	350	
353	351	
353	352	
352	353	
351	354	
351	355	
352	356	
352	357	
352	358	
351	359	
351	360	
351	361	
351	362	
351	363	
351	364	
351	365	
351	366	
351	367	
351	368	
351	369	
352	370	
352	371	
351	372	
351	373	
350	374	
351	374	
350	375	
351	375	
350	376	
350	377	
350	378	
349	379	
349	380	
351	381	
351	382	
350	383	
350	384	
350	385	
350	386	
350	387	
350	388	
350	389	
349	390	
349	391	
349	392	
349	393	
349	394	
339	397	
341	397	
340	398	
340	399	
341	400	
341	401	
341	402	
341	403	
341	404	
339	405	
338	406	
339	406	
339	407	
340	408	
340	409	
340	410	
339	411	
338	412	
339	412	
339	413	
339	414	
339	415	
339	416	
339	417	
338	418	
338	419	
338	420	
338	421	
338	422	
338	423	
337	424	
338	424	
338	425	
338	426	
338	427	
338	428	
338	429	
338	430	
339	431	
339	432	
339	433	
339	434	
338	435	
339	435	
338	436	
339	437	
340	438	
339	439	
340	439	
339	440	
339	441	
340	442	
340	443	
340	444	
340	445	
341	446	
341	447	
341	448	
342	448	
341	449	
341	450	
341	451	
342	452	
341	453	
342	453	
342	454	
341	455	
342	455	
341	456	
342	457	
342	458	
342	459	
342	460	
342	461	
342	462	
342	463	
342	464	
342	465	
342	466	
342	467	
342	468	
341	469	
341	470	
341	471	
341	472	
342	472	
342	473	
341	474	
343	475	
342	476	
342	477	
341	478	
343	478	
342	479	
343	479	
341	480	
342	480	
341	481	
342	481	
342	482	
342	483	
343	483	
341	484	
342	485	
342	486	
342	487	
342	488	
342	489	
342	490	
341	491	
343	491	
342	492	
342	493	
343	494	
341	495	
342	496	
342	497	
341	498	
341	499	
342	500	
341	501	
341	502	
342	503	
343	504	
341	505	
342	506	
343	507	
343	508	
344	508	
342	509	
342	510	
341	511	
342	512	
341	513	
342	514	
342	515	
344	516	
341	517	
342	517	
341	518	
342	518	
342	519	
342	520	
343	521	
342	522	
342	523	
343	524	
343	525	
342	526	
343	526	
342	527	
343	528	
343	529	
344	530	
344	531	
343	532	
345	533	
344	534	
345	535	
345	536	
344	537	
344	538	
343	539	
344	540	
344	541	
341	542	
341	543	
341	544	
341	545	
341	546	
342	547	
341	548	
341	549	
341	550	
341	551	
340	552	
340	553	
339	554	
341	555	
341	556	
339	557	
340	558	
339	559	
340	560	
339	561	
339	562	
339	563	
338	564	
337	565	
337	566	
338	567	
339	568	
335	569	
337	570	
337	571	
337	572	
335	573	
336	573	
336	574	
336	575	
335	576	
335	577	
336	578	
333	579	
334	579	
335	580	
335	581	
335	582	
336	583	
335	584	
335	585	
335	586	
334	587	
335	587	
333	588	
334	589	
333	590	
332	591	
333	592	
332	593	
332	594	
332	595	
331	596	
332	597	
331	598	
332	598	
332	599	
332	600	
332	601	
332	602	
331	603	
331	604	
333	605	
331	606	
331	607	
331	608	
330	609	
330	610	
332	610	
331	611	
331	612	
331	613	
331	614	
330	615	
330	616	
330	617	
331	618	
331	619	
331	620	
331	621	
329	622	
330	622	
331	622	
331	623	
330	624	
330	625	
330	626	
331	627	
330	628	
330	629	
329	630	
330	631	
330	632	
329	633	
330	633	
329	634	
330	635	
330	636	
330	637	
330	638	
330	639	
329	640	
330	641	
329	642	
330	643	
331	644	
331	645	
330	646	
331	646	
330	647	
330	648	
332	649	
330	650	
331	651	
330	652	
330	653	
330	654	
330	655	
330	656	
330	657	
331	657	
331	658	
328	659	
327	660	
329	661	
328	662	
329	663	
328	664	
328	665	
328	666	
328	667	
329	667	
328	668	
328	669	
329	670	
328	671	
328	672	
329	673	
328	674	
327	675	
330	675	
330	676	
328	677	
328	678	
329	679	
329	680	
330	680	
329	681	
329	682	
329	683	
329	684	
329	685	
330	686	
328	687	
328	688	
329	688	
328	689	
328	690	
328	691	
329	692	
329	693	
330	694	
330	695	
331	695	
330	696	
331	697	
330	698	
330	699	
331	700	
330	701	
330	702	
331	703	
329	704	
329	705	
330	705	
330	706	
330	707	
330	708	
331	709	
330	710	
332	711	
331	712	
330	713	
331	713	
331	714	
331	715	
332	716	
332	717	
332	718	
331	719	
331	720	
331	721	
331	722	
332	723	
331	724	
331	725	
331	726	
332	726	
331	727	
332	728	
332	729	
333	730	
332	731	
332	732	
331	733	
333	734	
331	735	
331	736	
331	737	
332	737	
332	738	
332	739	
333	740	
331	741	
333	742	
332	743	
331	744	
331	745	
331	746	
332	746	
331	747	
332	748	
332	749	
331	750	
332	751	
333	752	
332	753	
332	754	
332	755	
333	755	
334	755	
333	756	
333	757	
333	758	
334	759	
333	760	
333	761	
332	762	
333	763	
333	764	
332	765	
333	765	
332	766	
333	766	
332	767	
333	767	
332	768	
332	769	
332	770	
332	771	
333	772	
333	773	
333	774	
334	774	
332	775	
333	775	
333	776	
332	777	
333	777	
334	778	
334	779	
333	780	
333	781	
333	782	
333	783	
333	784	
334	785	
334	786	
334	787	
334	788	
334	789	
334	790	
334	791	
336	791	
334	792	
336	793	
335	794	
336	794	
335	795	
336	796	
337	797	
334	798	
334	799	
337	800	
337	801	
336	802	
337	802	
336	803	
336	804	
336	805	
336	806	
337	807	
337	808	
337	809	
337	810	
337	811	
336	812	
337	813	
337	814	
338	815	
338	816	
338	817	
338	818	
341	819	
341	820	
341	821	
339	822	
341	823	
341	824	
343	825	
343	826	
342	827	
341	828	
342	828	
343	829	
343	830	
343	831	
343	832	
345	833	
344	834	
344	835	
345	835	
345	836	
346	837	
345	838	
346	839	
347	840	
346	841	
346	842	
346	843	
346	844	
347	845	
347	846	
347	847	
346	848	
346	849	
346	850	
346	851	
347	852	
348	853	
348	854	
348	855	
348	856	
347	857	
347	858	
346	859	
347	860	
347	861	
347	862	
347	863	
347	864	
347	865	
347	866	
348	867	
348	868	
347	869	
347	870	
347	871	
348	872	
348	873	
348	874	
348	875	
347	876	
349	877	
349	878	
349	879	
349	880	
349	881	
349	882	
349	883	
349	884	
350	885	
350	886	
350	887	
350	888	
350	889	
350	890	
350	891	
349	892	
349	893	
349	894	
349	895	
349	896	
349	897	
350	898	
351	899	
351	900	
349	901	
349	902	
351	903	
351	904	
350	905	
350	906	
351	907	
351	908	
351	909	
351	910	
351	911	
351	912	
352	913	
353	914	
350	915	
350	916	
351	917	
351	918	
352	918	
352	919	
351	920	
343	1012	
332	1069	
332	1070	
332	1071	
332	1072	
328	1099	
328	1111	
