418	52	
418	53	
420	86	
420	87	
353	301	
353	302	
353	304	
353	305	
353	306	
353	307	
354	307	
353	308	
353	309	
353	310	
353	311	
353	312	
353	313	
353	314	
353	315	
354	316	
353	317	
353	318	
354	319	
353	320	
353	321	
354	322	
354	323	
355	324	
355	325	
355	326	
355	327	
355	328	
355	329	
355	330	
354	331	
354	332	
354	333	
354	334	
355	335	
355	336	
355	337	
355	338	
355	339	
355	340	
355	341	
355	342	
355	343	
355	344	
354	345	
354	346	
355	347	
355	348	
354	349	
353	350	
353	351	
353	352	
353	353	
353	354	
353	355	
352	356	
352	357	
352	358	
353	359	
353	360	
353	361	
353	362	
353	363	
353	364	
352	365	
352	366	
353	367	
353	368	
352	369	
352	370	
352	371	
352	372	
351	373	
352	374	
352	375	
352	376	
352	377	
351	378	
352	378	
352	379	
352	380	
351	381	
351	382	
351	383	
351	384	
351	385	
351	386	
351	387	
350	388	
350	389	
350	390	
351	390	
350	391	
350	392	
351	393	
351	394	
343	396	
341	397	
341	398	
341	399	
341	400	
341	401	
341	402	
341	403	
341	404	
340	405	
341	406	
341	407	
341	408	
340	409	
339	410	
339	411	
339	412	
339	413	
340	413	
339	414	
340	414	
340	415	
338	416	
339	417	
339	418	
339	419	
339	420	
339	421	
339	422	
339	423	
339	424	
340	425	
340	426	
340	427	
339	428	
339	429	
339	430	
340	431	
339	432	
339	433	
340	433	
340	434	
339	435	
340	436	
340	437	
340	438	
341	439	
341	440	
341	441	
341	442	
341	443	
341	444	
341	445	
341	446	
341	447	
341	448	
342	449	
343	450	
343	451	
343	452	
343	453	
342	454	
341	455	
343	456	
343	457	
343	458	
343	459	
344	460	
343	461	
343	462	
344	462	
343	463	
344	463	
343	464	
344	465	
343	466	
343	467	
343	468	
343	469	
343	470	
342	471	
342	472	
342	473	
342	474	
341	475	
341	476	
342	477	
342	478	
343	479	
341	480	
342	480	
340	481	
341	482	
343	483	
343	484	
344	485	
343	486	
343	487	
342	488	
342	489	
342	490	
343	490	
343	491	
343	492	
343	493	
343	494	
343	495	
343	496	
343	497	
343	498	
343	499	
344	500	
343	501	
343	502	
343	503	
344	504	
343	505	
343	506	
343	507	
342	508	
343	508	
343	509	
342	510	
343	511	
343	512	
343	513	
343	514	
344	514	
341	515	
342	516	
343	517	
343	518	
344	519	
343	520	
343	521	
343	522	
343	523	
344	524	
343	525	
344	526	
344	527	
344	528	
343	529	
343	530	
343	531	
343	532	
345	532	
345	533	
345	534	
344	535	
345	535	
346	536	
345	537	
345	538	
345	539	
345	540	
345	541	
345	542	
345	543	
342	544	
343	545	
342	546	
342	547	
341	548	
341	549	
342	549	
341	550	
340	551	
342	552	
341	553	
341	554	
341	555	
341	556	
341	557	
341	558	
339	559	
339	560	
339	561	
340	562	
339	563	
340	564	
339	565	
338	566	
339	567	
337	568	
337	569	
337	570	
338	570	
337	571	
337	572	
336	573	
338	574	
337	575	
337	576	
337	577	
336	578	
335	579	
336	579	
336	580	
336	581	
336	582	
335	583	
336	584	
335	585	
336	586	
334	587	
335	588	
335	589	
335	590	
334	591	
334	592	
334	593	
333	594	
333	595	
333	596	
332	597	
333	598	
333	599	
333	600	
332	601	
333	602	
332	603	
332	604	
331	605	
331	606	
332	607	
331	608	
332	609	
332	610	
331	611	
331	612	
333	612	
331	613	
332	614	
332	615	
332	616	
331	617	
332	618	
333	618	
331	619	
332	620	
332	621	
331	622	
332	623	
332	624	
332	625	
333	625	
332	626	
331	627	
331	628	
331	629	
331	630	
330	631	
330	632	
331	633	
331	634	
332	635	
332	636	
332	637	
330	638	
333	639	
331	640	
333	640	
332	641	
332	642	
331	643	
331	644	
331	645	
332	645	
332	646	
332	647	
331	648	
331	649	
331	650	
332	651	
331	652	
331	653	
331	654	
331	655	
331	656	
332	657	
332	658	
331	659	
330	660	
330	661	
329	662	
329	663	
330	664	
329	665	
330	666	
330	667	
329	668	
329	669	
330	670	
330	671	
329	672	
329	673	
330	673	
330	674	
331	675	
330	676	
331	676	
330	677	
331	678	
329	679	
331	680	
331	681	
329	682	
330	683	
330	684	
330	685	
330	686	
330	687	
330	688	
331	688	
329	689	
330	690	
330	691	
330	692	
330	693	
330	694	
330	695	
330	696	
330	697	
331	698	
331	699	
331	700	
331	701	
331	702	
331	703	
331	704	
332	705	
332	706	
332	707	
332	708	
332	709	
332	710	
333	710	
332	711	
332	712	
332	713	
332	714	
332	715	
333	716	
332	717	
332	718	
333	719	
332	720	
332	721	
331	722	
332	722	
332	723	
332	724	
332	725	
332	726	
332	727	
332	728	
332	729	
332	730	
332	731	
332	732	
332	733	
332	734	
332	735	
332	736	
333	737	
333	738	
333	739	
332	740	
333	740	
332	741	
332	742	
333	742	
333	743	
332	744	
333	745	
333	746	
332	747	
333	748	
332	749	
332	750	
333	751	
334	752	
334	753	
334	754	
333	755	
334	756	
333	757	
333	758	
332	759	
331	760	
334	761	
333	762	
332	763	
334	764	
334	765	
334	766	
334	767	
334	768	
334	769	
334	770	
334	771	
335	771	
335	772	
334	773	
333	774	
334	775	
334	776	
334	777	
334	778	
334	779	
335	780	
335	781	
335	782	
334	783	
336	784	
335	785	
335	786	
335	787	
335	788	
336	789	
336	790	
336	791	
336	792	
335	793	
334	794	
336	795	
336	796	
336	797	
336	798	
337	798	
337	799	
336	800	
337	801	
335	802	
335	803	
336	804	
337	804	
337	805	
338	806	
338	807	
338	808	
338	809	
338	810	
339	810	
339	811	
338	812	
339	813	
339	814	
340	815	
340	816	
340	817	
340	818	
340	819	
340	820	
340	821	
341	821	
341	822	
342	823	
343	824	
343	825	
343	826	
342	827	
344	828	
345	828	
344	829	
343	830	
343	831	
345	832	
345	833	
345	834	
345	835	
345	836	
347	837	
347	838	
347	839	
347	840	
348	840	
346	841	
346	842	
347	843	
347	844	
347	845	
349	846	
349	847	
349	848	
347	849	
347	850	
347	851	
347	852	
349	853	
349	854	
348	855	
347	856	
347	857	
348	858	
347	859	
347	860	
347	861	
347	862	
348	862	
347	863	
348	864	
349	865	
349	866	
349	867	
348	868	
348	869	
347	870	
349	871	
349	872	
348	873	
349	874	
349	875	
349	876	
349	877	
349	878	
349	879	
350	880	
350	881	
350	882	
348	883	
348	884	
349	885	
350	886	
350	887	
350	888	
350	889	
351	890	
349	891	
350	891	
350	892	
350	893	
351	894	
351	895	
351	896	
349	897	
350	898	
351	899	
351	900	
353	901	
353	902	
350	903	
352	903	
351	904	
351	905	
351	906	
351	907	
351	908	
351	909	
352	910	
353	911	
352	912	
352	913	
352	914	
352	915	
353	915	
353	916	
353	917	
353	918	
353	919	
353	920	
353	956	
353	957	
353	958	
352	959	
352	960	
353	961	
353	962	
353	963	
353	964	
350	967	
350	968	
349	969	
349	970	
345	989	
345	990	
344	991	
343	992	
344	1004	
345	1005	
345	1006	
336	1044	
334	1055	
334	1056	
334	1059	
334	1060	
335	1061	
335	1062	
332	1070	
328	1105	
328	1106	
328	1107	
