357	301	
357	302	
355	303	
355	304	
355	305	
355	306	
355	307	
355	308	
355	309	
355	310	
354	311	
354	312	
355	313	
355	314	
355	315	
355	316	
355	317	
355	318	
355	319	
355	320	
355	321	
356	322	
356	323	
357	323	
357	324	
357	325	
356	326	
357	327	
357	328	
357	329	
357	330	
357	331	
357	332	
357	333	
358	334	
358	335	
357	336	
357	337	
357	338	
358	339	
357	340	
355	341	
355	342	
355	343	
357	344	
357	345	
357	346	
356	347	
355	348	
356	348	
355	349	
355	350	
355	351	
355	352	
356	353	
356	354	
355	355	
355	356	
356	357	
355	358	
355	359	
355	360	
355	361	
355	362	
355	363	
355	364	
354	365	
354	366	
355	367	
355	368	
355	369	
354	370	
354	371	
354	372	
354	373	
354	374	
354	375	
354	376	
354	377	
354	378	
354	379	
353	380	
353	381	
353	382	
354	382	
353	383	
353	384	
353	385	
353	386	
354	387	
354	388	
353	389	
353	390	
353	391	
353	392	
352	393	
353	394	
353	395	
343	396	
344	397	
344	398	
344	399	
344	400	
345	401	
341	402	
342	402	
342	403	
343	404	
342	405	
341	406	
342	407	
343	408	
343	409	
342	410	
342	411	
341	412	
341	413	
341	414	
341	415	
342	416	
342	417	
342	418	
341	419	
340	420	
341	421	
341	422	
342	422	
342	423	
341	424	
342	425	
343	426	
343	427	
342	428	
342	429	
341	430	
342	431	
341	432	
342	432	
343	433	
342	434	
343	435	
344	436	
342	437	
343	437	
342	438	
343	439	
343	440	
343	441	
342	442	
341	443	
345	444	
344	445	
343	446	
343	447	
343	448	
344	449	
343	450	
344	451	
343	452	
344	453	
344	454	
344	455	
346	456	
346	457	
346	458	
347	459	
347	460	
346	461	
346	462	
346	463	
347	463	
345	464	
345	465	
346	466	
344	467	
345	467	
345	468	
343	469	
343	470	
346	471	
346	472	
345	473	
345	474	
345	475	
344	476	
345	476	
345	477	
346	478	
345	479	
345	480	
345	481	
345	482	
344	483	
344	484	
345	485	
345	486	
345	487	
343	488	
345	488	
345	489	
345	490	
344	491	
345	491	
345	492	
345	493	
345	494	
345	495	
346	496	
345	497	
345	498	
346	498	
345	499	
346	500	
345	501	
345	502	
346	502	
345	503	
345	504	
344	505	
344	506	
345	507	
345	508	
345	509	
345	510	
345	511	
345	512	
346	513	
345	514	
345	515	
345	516	
345	517	
346	518	
345	519	
346	520	
345	521	
346	522	
346	523	
345	524	
345	525	
346	526	
346	527	
346	528	
346	529	
345	530	
346	531	
346	532	
347	533	
346	534	
347	534	
346	535	
347	535	
346	536	
346	537	
347	538	
346	539	
347	539	
346	540	
346	541	
345	542	
346	543	
345	544	
345	545	
346	545	
345	546	
345	547	
344	548	
344	549	
341	550	
344	551	
344	552	
343	553	
341	554	
342	554	
342	555	
341	556	
342	557	
341	558	
342	559	
341	560	
341	561	
342	562	
342	563	
341	564	
341	565	
341	566	
341	567	
341	568	
341	569	
341	570	
340	571	
339	572	
340	573	
339	574	
340	574	
339	575	
340	575	
339	576	
339	577	
340	577	
338	578	
338	579	
337	580	
337	581	
337	582	
337	583	
337	584	
337	585	
336	586	
335	587	
336	588	
336	589	
336	590	
336	591	
336	592	
335	593	
334	594	
335	595	
334	596	
335	597	
335	598	
334	599	
334	600	
334	601	
333	602	
335	603	
335	604	
334	605	
333	606	
333	607	
333	608	
334	608	
335	609	
334	610	
333	611	
333	612	
333	613	
335	614	
334	615	
333	616	
334	617	
334	618	
335	618	
334	619	
334	620	
333	621	
333	622	
334	623	
333	624	
334	624	
334	625	
334	626	
335	627	
333	628	
334	629	
335	629	
335	630	
335	631	
336	632	
336	633	
334	634	
335	635	
336	635	
335	636	
335	637	
336	637	
336	638	
334	639	
335	640	
333	641	
334	642	
334	643	
334	644	
334	645	
334	646	
334	647	
335	647	
334	648	
334	649	
335	650	
336	651	
334	652	
334	653	
333	654	
333	655	
334	656	
334	657	
332	658	
334	659	
334	660	
332	661	
333	661	
332	662	
331	663	
331	664	
332	665	
333	666	
333	667	
331	668	
333	669	
332	670	
331	671	
332	671	
332	672	
332	673	
332	674	
332	675	
331	676	
332	676	
332	677	
333	677	
332	678	
332	679	
332	680	
333	680	
333	681	
333	682	
333	683	
333	684	
332	685	
332	686	
332	687	
332	688	
333	689	
332	690	
332	691	
332	692	
332	693	
332	694	
333	695	
332	696	
332	697	
332	698	
332	699	
333	700	
333	701	
333	702	
332	703	
332	704	
332	705	
334	706	
335	707	
336	708	
335	709	
336	710	
335	711	
336	712	
334	713	
334	714	
334	715	
335	715	
334	716	
335	716	
334	717	
334	718	
336	719	
335	720	
334	721	
335	721	
334	722	
334	723	
334	724	
335	725	
335	726	
334	727	
335	727	
334	728	
334	729	
335	730	
334	731	
334	732	
335	733	
335	734	
335	735	
334	736	
335	737	
335	738	
335	739	
334	740	
334	741	
334	742	
334	743	
335	743	
335	744	
334	745	
334	746	
334	747	
335	748	
335	749	
335	750	
334	751	
334	752	
336	753	
335	754	
337	754	
337	755	
336	756	
337	757	
335	758	
337	758	
337	759	
335	760	
336	761	
335	762	
335	763	
334	764	
335	765	
335	766	
335	767	
335	768	
336	769	
337	770	
338	771	
338	772	
337	773	
337	774	
337	775	
337	776	
337	777	
338	777	
336	778	
337	778	
337	779	
336	780	
337	780	
336	781	
336	782	
336	783	
336	784	
336	785	
336	786	
336	787	
335	788	
336	789	
337	789	
337	790	
338	790	
338	791	
337	792	
338	793	
338	794	
339	794	
339	795	
339	796	
339	797	
339	798	
339	799	
338	800	
339	801	
339	802	
339	803	
340	804	
339	805	
339	806	
340	807	
340	808	
340	809	
340	810	
341	811	
341	812	
342	813	
342	814	
341	815	
340	816	
341	817	
341	818	
341	819	
341	820	
341	821	
342	822	
343	822	
343	823	
343	824	
344	824	
345	825	
345	826	
345	827	
345	828	
346	829	
347	830	
347	831	
346	832	
345	833	
347	834	
348	835	
348	836	
348	837	
348	838	
349	838	
349	839	
350	839	
348	840	
348	841	
348	842	
347	843	
348	844	
348	845	
348	846	
348	847	
348	848	
348	849	
349	850	
350	851	
350	852	
349	853	
349	854	
350	855	
349	856	
349	857	
349	858	
350	859	
349	860	
348	861	
348	862	
350	863	
350	864	
349	865	
349	866	
349	867	
349	868	
349	869	
350	870	
351	871	
351	872	
349	873	
349	874	
349	875	
349	876	
350	877	
351	878	
350	879	
350	880	
350	881	
351	882	
351	883	
350	884	
351	884	
351	885	
350	886	
352	887	
352	888	
352	889	
352	890	
353	891	
353	892	
352	893	
352	894	
351	895	
351	896	
351	897	
352	898	
353	899	
353	900	
352	901	
352	902	
353	903	
353	904	
353	905	
353	906	
352	907	
352	908	
353	909	
353	910	
353	911	
353	912	
355	913	
355	914	
355	915	
353	916	
355	917	
355	918	
355	919	
355	920	
355	921	
353	954	
353	955	
353	966	
353	967	
353	968	
353	969	
351	971	
351	972	
346	991	
346	992	
346	993	
346	994	
347	995	
347	996	
338	1044	
338	1045	
336	1059	
336	1060	
331	1105	
331	1106	
330	1109	
