422	79	
422	80	
422	81	
355	300	
356	300	
357	301	
356	302	
357	304	
356	305	
356	306	
355	307	
356	307	
356	308	
355	309	
355	310	
357	311	
357	312	
355	313	
355	314	
355	315	
355	316	
355	317	
355	318	
355	319	
356	320	
357	321	
357	322	
356	323	
356	324	
356	325	
356	326	
356	327	
357	328	
357	329	
357	330	
357	331	
357	332	
357	333	
358	334	
358	335	
358	336	
358	337	
357	338	
357	339	
357	340	
357	341	
357	342	
357	343	
357	344	
356	345	
356	346	
357	346	
357	347	
357	348	
357	349	
357	350	
356	351	
356	352	
355	353	
355	354	
355	355	
355	356	
355	357	
354	358	
354	359	
354	360	
354	361	
354	362	
355	363	
355	364	
355	365	
354	366	
355	366	
355	367	
355	368	
355	369	
355	370	
353	371	
354	371	
353	372	
353	373	
353	374	
353	375	
353	376	
353	377	
354	378	
355	379	
354	380	
354	381	
353	382	
353	383	
353	384	
353	385	
353	386	
353	387	
353	388	
353	389	
353	390	
353	391	
353	392	
353	393	
353	394	
353	395	
345	396	
345	397	
345	398	
343	399	
344	400	
344	401	
343	402	
342	403	
342	404	
344	405	
343	406	
343	407	
343	408	
344	408	
342	409	
342	410	
343	411	
343	412	
343	413	
343	414	
342	415	
342	416	
343	417	
342	418	
343	419	
341	420	
343	421	
342	422	
342	423	
342	424	
342	425	
342	426	
342	427	
342	428	
342	429	
342	430	
341	431	
342	431	
342	432	
341	433	
341	434	
341	435	
342	436	
343	436	
343	437	
344	437	
343	438	
344	439	
344	440	
344	441	
343	442	
344	443	
344	444	
344	445	
344	446	
344	447	
344	448	
344	449	
344	450	
345	451	
346	452	
347	453	
347	454	
346	455	
346	456	
346	457	
346	458	
346	459	
345	460	
345	461	
346	462	
346	463	
346	464	
346	465	
346	466	
347	466	
345	467	
345	468	
345	469	
346	470	
346	471	
345	472	
345	473	
345	474	
346	474	
346	475	
346	476	
346	477	
346	478	
346	479	
346	480	
345	481	
345	482	
345	483	
345	484	
345	485	
346	486	
345	487	
346	488	
346	489	
346	490	
346	491	
346	492	
346	493	
346	494	
347	494	
346	495	
345	496	
346	497	
346	498	
345	499	
346	499	
346	500	
346	501	
346	502	
346	503	
345	504	
345	505	
345	506	
345	507	
346	507	
346	508	
345	509	
347	510	
346	511	
346	512	
346	513	
347	513	
346	514	
347	514	
347	515	
347	516	
346	517	
346	518	
346	519	
346	520	
346	521	
346	522	
346	523	
346	524	
347	525	
347	526	
346	527	
347	527	
347	528	
346	529	
347	530	
347	531	
347	532	
347	533	
346	534	
346	535	
347	535	
347	536	
348	536	
347	537	
347	538	
347	539	
347	540	
347	541	
345	542	
347	543	
347	544	
347	545	
345	546	
343	547	
343	548	
345	549	
345	550	
344	551	
343	552	
343	553	
343	554	
343	555	
343	556	
343	557	
343	558	
343	559	
342	560	
344	560	
341	561	
342	562	
342	563	
343	564	
342	565	
342	566	
341	567	
341	568	
340	569	
341	569	
340	570	
341	571	
340	572	
339	573	
340	573	
340	574	
340	575	
340	576	
339	577	
340	577	
339	578	
339	579	
338	580	
339	581	
338	582	
337	583	
337	584	
337	585	
337	586	
337	587	
336	588	
335	589	
336	590	
336	591	
335	592	
337	593	
337	594	
336	595	
336	596	
335	597	
335	598	
333	599	
335	600	
334	601	
335	602	
335	603	
335	604	
335	605	
334	606	
335	606	
333	607	
335	608	
335	609	
335	610	
335	611	
335	612	
334	613	
334	614	
335	615	
335	616	
333	617	
335	617	
334	618	
333	619	
334	620	
333	621	
334	622	
334	623	
334	624	
335	625	
335	626	
335	627	
336	628	
334	629	
335	630	
335	631	
336	632	
335	633	
335	634	
336	635	
336	636	
337	637	
336	638	
335	639	
335	640	
336	640	
335	641	
334	642	
334	643	
335	644	
333	645	
335	645	
335	646	
334	647	
334	648	
334	649	
335	649	
335	650	
334	651	
334	652	
333	653	
334	654	
334	655	
334	656	
334	657	
333	658	
334	659	
333	660	
332	661	
332	662	
332	663	
332	664	
332	665	
331	666	
332	667	
331	668	
332	669	
331	670	
332	671	
332	672	
332	673	
332	674	
332	675	
333	676	
333	677	
333	678	
332	679	
332	680	
332	681	
332	682	
333	683	
333	684	
332	685	
332	686	
332	687	
333	688	
333	689	
333	690	
333	691	
332	692	
333	693	
333	694	
332	695	
332	696	
333	697	
332	698	
333	698	
333	699	
333	700	
334	701	
333	702	
334	702	
334	703	
335	704	
335	705	
335	706	
335	707	
334	708	
336	709	
335	710	
334	711	
335	711	
334	712	
335	713	
336	713	
335	714	
335	715	
335	716	
336	716	
336	717	
335	718	
335	719	
336	720	
336	721	
335	722	
335	723	
335	724	
336	725	
336	726	
334	727	
335	728	
336	728	
336	729	
335	730	
335	731	
336	731	
335	732	
335	733	
336	734	
336	735	
335	736	
335	737	
335	738	
336	739	
335	740	
335	741	
336	742	
335	743	
335	744	
334	745	
334	746	
334	747	
336	747	
336	748	
335	749	
335	750	
334	751	
337	752	
336	753	
336	754	
337	754	
337	755	
337	756	
338	757	
337	758	
337	759	
337	760	
334	761	
337	762	
337	763	
337	764	
337	765	
337	766	
337	767	
336	768	
337	768	
336	769	
337	769	
336	770	
337	771	
336	772	
337	772	
336	773	
337	774	
336	775	
337	775	
338	776	
336	777	
338	777	
337	778	
336	779	
336	780	
337	780	
337	781	
337	782	
337	783	
336	784	
337	785	
338	786	
338	787	
338	788	
337	789	
337	790	
338	791	
338	792	
339	793	
338	794	
338	795	
338	796	
339	797	
339	798	
338	799	
338	800	
339	801	
340	802	
338	803	
338	804	
339	805	
339	806	
340	806	
340	807	
340	808	
341	808	
341	809	
341	810	
340	811	
340	812	
341	813	
341	814	
341	815	
342	815	
342	816	
342	817	
342	818	
343	819	
344	820	
343	821	
341	822	
342	822	
344	823	
345	824	
345	825	
344	826	
344	827	
344	828	
347	829	
347	830	
346	831	
348	832	
349	833	
349	834	
349	835	
349	836	
349	837	
349	838	
348	839	
349	840	
350	841	
350	842	
349	843	
349	844	
347	845	
348	846	
349	847	
349	848	
349	849	
349	850	
350	851	
350	852	
349	853	
350	853	
349	854	
350	855	
350	856	
350	857	
350	858	
350	859	
350	860	
350	861	
349	862	
349	863	
350	864	
350	865	
350	866	
349	867	
349	868	
349	869	
349	870	
351	871	
351	872	
351	873	
349	874	
349	875	
349	876	
349	877	
350	878	
351	879	
351	880	
351	881	
351	882	
351	883	
351	884	
353	885	
353	886	
352	887	
351	888	
352	889	
352	890	
352	891	
352	892	
352	893	
352	894	
353	894	
353	895	
353	896	
353	897	
353	898	
353	899	
353	900	
353	901	
353	902	
353	903	
353	904	
353	905	
353	906	
353	907	
353	908	
355	909	
355	910	
355	911	
355	912	
355	913	
355	914	
354	915	
353	916	
355	917	
355	918	
353	919	
353	920	
353	921	
345	1017	
345	1018	
345	1019	
337	1061	
337	1062	
332	1089	
333	1089	
332	1103	
332	1104	
330	1105	
330	1106	
332	1115	
