185	526	
185	527	
185	528	
185	529	
184	530	
184	531	
184	532	
183	533	
183	534	
183	535	
183	536	
184	536	
184	537	
185	538	
185	539	
185	540	
185	541	
185	542	
185	543	
182	544	
182	545	
182	546	
182	547	
182	548	
183	549	
183	550	
183	551	
183	552	
182	553	
181	554	
182	555	
182	556	
182	557	
182	558	
182	559	
183	560	
183	561	
183	562	
179	563	
179	564	
179	565	
179	566	
181	567	
181	568	
181	569	
179	570	
181	571	
181	572	
181	573	
181	574	
181	575	
181	582	
183	584	
181	600	
179	605	
179	606	
180	607	
182	608	
182	609	
181	610	
181	611	
179	612	
180	613	
181	613	
180	614	
180	615	
180	616	
180	617	
180	618	
180	619	
180	620	
180	621	
178	622	
178	623	
181	624	
181	625	
181	626	
175	627	
176	627	
175	628	
176	628	
177	629	
174	632	
179	635	
178	636	
178	637	
177	638	
178	639	
178	640	
178	641	
177	642	
181	643	
181	644	
180	645	
179	646	
179	647	
179	648	
179	649	
178	650	
179	651	
179	652	
179	653	
178	654	
180	655	
179	656	
179	657	
180	658	
179	659	
179	660	
180	661	
181	662	
181	663	
180	664	
181	665	
178	666	
181	667	
181	668	
181	669	
180	670	
180	671	
180	672	
180	673	
180	674	
180	675	
180	676	
181	677	
181	678	
181	679	
183	680	
183	681	
183	682	
182	683	
182	684	
182	685	
182	686	
182	687	
183	688	
183	689	
185	690	
185	691	
185	692	
184	693	
185	694	
185	695	
185	696	
185	697	
184	698	
185	699	
185	700	
186	701	
187	702	
186	703	
186	704	
186	705	
185	706	
185	707	
