428	97	
428	98	
428	99	
359	301	
361	303	
360	304	
359	305	
359	306	
361	307	
360	308	
359	309	
359	310	
359	311	
359	312	
359	313	
359	314	
360	315	
360	316	
360	317	
359	318	
359	319	
360	320	
360	321	
360	322	
360	323	
360	324	
361	325	
361	326	
361	327	
361	328	
361	329	
361	330	
361	331	
361	332	
361	333	
361	334	
361	335	
361	336	
361	337	
361	338	
360	339	
360	340	
359	341	
359	342	
361	343	
361	344	
361	345	
361	346	
359	347	
359	348	
361	349	
361	350	
360	351	
360	352	
359	353	
359	354	
360	355	
360	356	
360	357	
359	358	
359	359	
359	360	
359	361	
359	362	
359	363	
359	364	
359	365	
359	366	
359	367	
358	368	
358	369	
358	370	
358	371	
359	372	
359	373	
359	374	
359	375	
359	376	
359	377	
357	383	
357	384	
357	385	
357	386	
357	387	
357	388	
357	389	
357	390	
357	391	
357	392	
357	393	
358	394	
357	395	
358	395	
349	397	
349	398	
351	399	
351	400	
347	401	
347	402	
347	403	
347	404	
347	405	
348	405	
348	406	
348	407	
348	408	
348	409	
347	410	
347	411	
347	412	
348	412	
347	413	
347	414	
347	415	
348	415	
347	416	
348	417	
347	418	
346	419	
346	420	
346	421	
348	422	
347	423	
347	424	
346	425	
347	425	
346	426	
346	427	
347	428	
347	429	
347	430	
346	431	
346	432	
346	433	
347	434	
347	435	
347	436	
347	437	
347	438	
347	439	
348	440	
348	441	
349	442	
348	443	
348	444	
348	445	
349	446	
349	447	
349	448	
350	449	
350	450	
350	451	
349	452	
350	453	
350	454	
351	455	
350	456	
351	457	
350	458	
350	459	
351	460	
351	461	
351	462	
349	463	
350	464	
349	465	
350	466	
351	467	
351	468	
351	469	
350	470	
349	471	
350	471	
350	472	
350	473	
351	474	
350	475	
350	476	
349	477	
349	478	
349	479	
350	480	
350	481	
349	482	
349	483	
350	484	
350	485	
349	486	
349	487	
350	488	
349	489	
350	490	
350	491	
351	492	
350	493	
350	494	
350	495	
349	496	
349	497	
349	498	
351	498	
350	499	
351	500	
350	501	
350	502	
350	503	
350	504	
350	505	
351	506	
350	507	
350	508	
351	509	
350	510	
350	511	
349	512	
350	512	
350	513	
349	514	
349	515	
349	516	
349	517	
349	518	
349	519	
349	520	
350	521	
349	522	
351	523	
349	524	
351	525	
352	526	
352	527	
351	528	
350	529	
351	530	
352	531	
352	532	
352	533	
352	534	
353	535	
353	536	
353	537	
352	538	
352	539	
352	540	
352	541	
350	542	
350	543	
351	544	
350	545	
350	546	
350	547	
351	548	
351	549	
347	550	
347	551	
347	552	
349	553	
348	554	
347	555	
346	556	
347	557	
347	558	
345	559	
346	559	
346	560	
345	561	
345	562	
346	563	
346	564	
345	565	
345	566	
345	567	
345	568	
345	569	
345	570	
345	571	
344	572	
343	573	
343	574	
344	574	
343	575	
343	576	
343	577	
343	578	
341	579	
341	580	
341	581	
342	582	
342	583	
341	584	
342	585	
341	586	
342	587	
341	588	
341	589	
341	590	
340	591	
341	592	
340	593	
339	594	
340	595	
339	596	
339	597	
340	597	
339	598	
339	599	
339	600	
339	601	
337	602	
338	602	
339	603	
340	604	
340	605	
338	606	
339	607	
340	607	
339	608	
338	609	
339	610	
337	611	
339	612	
340	612	
340	613	
337	614	
340	614	
340	615	
339	616	
339	617	
339	618	
340	618	
340	619	
340	620	
339	621	
340	621	
340	622	
340	623	
340	624	
340	625	
340	626	
341	626	
340	627	
341	627	
341	628	
340	629	
341	630	
339	631	
340	631	
341	632	
340	633	
340	634	
340	635	
340	636	
340	637	
339	638	
340	638	
339	639	
340	640	
340	641	
340	642	
341	643	
340	644	
340	645	
339	646	
339	647	
338	648	
338	649	
339	650	
339	651	
338	652	
339	653	
338	654	
338	655	
339	656	
339	657	
338	658	
338	659	
338	660	
337	661	
337	662	
337	663	
337	664	
337	665	
337	666	
336	667	
337	668	
337	669	
337	670	
337	671	
336	672	
337	673	
338	673	
336	674	
337	675	
336	676	
337	677	
336	678	
337	678	
336	679	
336	680	
336	681	
335	682	
335	683	
336	684	
336	685	
336	686	
336	687	
336	688	
336	689	
336	690	
339	691	
335	692	
336	693	
336	694	
337	695	
336	696	
336	697	
337	698	
336	699	
337	700	
337	701	
338	702	
337	703	
338	703	
337	704	
338	705	
338	706	
338	707	
337	708	
339	709	
339	710	
339	711	
339	712	
339	713	
338	714	
339	715	
340	716	
341	717	
341	718	
340	719	
342	720	
341	721	
339	722	
340	722	
339	723	
340	723	
338	724	
339	725	
340	725	
340	726	
340	727	
339	728	
340	729	
341	730	
339	731	
340	732	
340	733	
340	734	
341	735	
340	736	
341	736	
339	737	
341	738	
341	739	
339	740	
339	741	
339	742	
339	743	
339	744	
340	745	
339	746	
341	746	
339	747	
340	748	
340	749	
341	750	
341	751	
341	752	
341	753	
340	754	
340	755	
340	756	
340	757	
339	758	
340	758	
341	758	
339	759	
341	760	
341	761	
341	762	
341	763	
341	764	
341	765	
340	766	
340	767	
342	768	
340	769	
340	770	
340	771	
340	772	
340	773	
339	774	
339	775	
339	776	
340	777	
340	778	
341	779	
341	780	
340	781	
340	782	
340	783	
341	784	
341	785	
341	786	
341	787	
341	788	
342	789	
343	790	
342	791	
342	792	
342	793	
342	794	
342	795	
343	796	
342	797	
342	798	
343	799	
343	800	
343	801	
343	802	
343	803	
343	804	
343	805	
344	805	
344	806	
344	807	
344	808	
345	809	
345	810	
344	811	
344	812	
345	813	
345	814	
345	815	
345	816	
346	817	
346	818	
346	819	
349	820	
346	821	
349	821	
348	822	
349	823	
349	824	
349	825	
350	826	
351	827	
351	828	
351	829	
351	830	
351	831	
351	832	
351	833	
352	834	
352	835	
353	835	
353	836	
352	837	
353	838	
352	839	
353	840	
353	841	
353	842	
354	843	
353	844	
352	845	
352	846	
352	847	
352	848	
351	849	
351	850	
353	851	
353	852	
353	853	
354	854	
354	855	
354	856	
353	857	
353	858	
353	859	
353	860	
353	861	
353	862	
353	863	
353	864	
354	865	
353	866	
352	867	
353	868	
353	869	
353	870	
353	871	
353	872	
354	873	
354	874	
354	875	
353	876	
354	877	
354	878	
353	879	
353	880	
353	881	
353	882	
355	883	
354	884	
354	885	
355	886	
355	887	
355	888	
355	889	
355	890	
355	891	
355	892	
355	893	
355	894	
356	894	
355	895	
355	896	
355	897	
356	898	
357	899	
357	900	
355	901	
355	902	
357	903	
357	904	
357	905	
357	906	
355	907	
356	908	
357	909	
357	910	
357	911	
357	912	
357	913	
357	914	
357	915	
357	916	
358	917	
358	918	
336	1085	
336	1086	
336	1087	
336	1088	
337	1093	
337	1094	
335	1095	
336	1095	
336	1096	
337	1097	
336	1119	
