361	302	
361	303	
361	304	
361	305	
361	306	
361	307	
361	308	
361	309	
360	310	
361	310	
360	311	
360	312	
360	313	
361	313	
361	314	
361	315	
361	316	
361	317	
361	318	
360	319	
361	320	
361	321	
361	322	
361	323	
361	324	
361	325	
361	326	
361	327	
361	328	
361	329	
361	330	
361	331	
361	332	
363	333	
363	334	
362	335	
361	336	
361	337	
361	338	
361	339	
361	340	
362	340	
361	341	
361	342	
363	343	
362	344	
361	345	
361	346	
361	347	
362	348	
362	349	
361	350	
360	351	
360	352	
361	353	
361	354	
361	355	
361	356	
361	357	
361	358	
361	359	
360	360	
361	360	
360	361	
360	362	
359	363	
359	364	
359	365	
360	365	
360	366	
359	367	
359	368	
360	369	
360	370	
360	371	
360	372	
359	373	
359	374	
359	375	
360	376	
361	377	
361	378	
359	379	
358	380	
359	381	
359	382	
359	383	
359	384	
359	385	
359	386	
359	387	
359	388	
359	389	
358	390	
359	391	
359	392	
359	393	
360	394	
359	395	
359	396	
359	397	
349	400	
349	401	
349	402	
351	403	
351	404	
349	405	
349	406	
349	407	
349	408	
349	409	
349	410	
349	411	
349	412	
349	413	
348	414	
348	415	
348	416	
347	417	
347	418	
348	419	
348	420	
348	421	
348	422	
348	423	
349	423	
348	424	
349	424	
348	425	
348	426	
348	427	
348	428	
348	429	
348	430	
348	431	
348	432	
348	433	
348	434	
348	435	
348	436	
349	437	
349	438	
350	439	
349	440	
349	441	
348	442	
348	443	
349	444	
351	445	
349	446	
349	447	
349	448	
349	449	
351	450	
351	451	
351	452	
352	453	
352	454	
351	455	
352	456	
352	457	
353	458	
352	459	
353	460	
352	461	
353	462	
353	463	
353	464	
351	465	
352	465	
351	466	
350	467	
351	468	
351	469	
349	470	
351	471	
351	472	
351	473	
352	473	
351	474	
351	475	
351	476	
350	477	
351	477	
351	478	
350	479	
351	479	
350	480	
350	481	
349	482	
349	483	
350	484	
350	485	
350	486	
351	487	
351	488	
351	489	
351	490	
352	491	
352	492	
352	493	
353	493	
353	494	
351	495	
351	496	
352	496	
351	497	
352	497	
352	498	
351	499	
352	499	
351	500	
351	501	
350	502	
350	503	
352	504	
351	505	
351	506	
352	506	
352	507	
352	508	
352	509	
352	510	
352	511	
352	512	
351	513	
352	514	
352	515	
351	516	
352	517	
351	518	
351	519	
351	520	
351	521	
351	522	
351	523	
351	524	
353	524	
351	525	
352	526	
352	527	
352	528	
353	529	
352	530	
353	531	
353	532	
352	533	
353	533	
353	534	
353	535	
352	536	
352	537	
351	538	
353	539	
353	540	
353	541	
353	542	
353	543	
353	544	
352	545	
352	546	
352	547	
351	548	
351	549	
351	550	
351	551	
349	552	
349	553	
347	554	
348	555	
348	556	
348	557	
347	558	
347	559	
347	560	
347	561	
346	562	
347	563	
347	564	
347	565	
347	566	
346	567	
345	568	
346	569	
347	570	
344	571	
344	572	
345	573	
346	574	
345	575	
345	576	
343	577	
343	578	
345	579	
344	580	
344	581	
341	582	
342	583	
342	584	
342	585	
342	586	
342	587	
342	588	
341	589	
342	590	
342	591	
341	592	
341	593	
341	594	
341	595	
341	596	
341	597	
342	598	
340	599	
341	600	
341	601	
340	602	
341	602	
340	603	
339	604	
339	605	
339	606	
340	607	
340	608	
341	609	
341	610	
341	611	
340	612	
340	613	
340	614	
339	615	
340	615	
339	616	
339	617	
339	618	
340	619	
341	620	
342	620	
342	621	
341	622	
342	623	
342	624	
342	625	
341	626	
342	627	
342	628	
341	629	
342	630	
342	631	
341	632	
342	633	
341	634	
342	635	
342	636	
341	637	
342	638	
341	639	
342	640	
341	641	
342	642	
341	643	
341	644	
341	645	
341	646	
341	647	
339	648	
340	648	
340	649	
341	650	
340	651	
342	652	
340	653	
340	654	
341	654	
340	655	
339	656	
340	657	
340	658	
340	659	
340	660	
341	660	
339	661	
338	662	
338	663	
338	664	
338	665	
338	666	
338	667	
338	668	
338	669	
339	670	
338	671	
338	672	
339	673	
339	674	
340	675	
340	676	
339	677	
338	678	
338	679	
337	680	
338	681	
338	682	
338	683	
337	684	
337	685	
337	686	
338	686	
338	687	
338	688	
338	689	
338	690	
338	691	
339	692	
339	693	
339	694	
339	695	
338	696	
338	697	
339	698	
338	699	
338	700	
338	701	
338	702	
339	703	
338	704	
340	705	
340	706	
340	707	
341	707	
340	708	
340	709	
341	709	
340	710	
340	711	
340	712	
341	713	
340	714	
341	714	
340	715	
340	716	
341	717	
340	718	
341	719	
340	720	
340	721	
341	722	
340	723	
340	724	
339	725	
340	726	
340	727	
340	728	
340	729	
340	730	
340	731	
341	731	
341	732	
341	733	
340	734	
340	735	
340	736	
340	737	
339	738	
341	739	
341	740	
340	741	
340	742	
340	743	
341	743	
341	744	
340	745	
341	746	
341	747	
340	748	
340	749	
341	750	
340	751	
342	752	
342	753	
341	754	
342	755	
342	756	
342	757	
342	758	
340	759	
342	760	
342	761	
341	762	
341	763	
340	764	
341	765	
341	766	
340	767	
341	768	
342	769	
341	770	
341	771	
342	771	
342	772	
342	773	
342	774	
342	775	
342	776	
343	776	
342	777	
342	778	
341	779	
342	779	
341	780	
342	780	
343	780	
343	781	
342	782	
343	782	
344	782	
343	783	
343	784	
344	785	
344	786	
343	787	
342	788	
342	789	
342	790	
343	791	
342	792	
343	793	
343	794	
344	795	
344	796	
344	797	
344	798	
344	799	
344	800	
345	801	
345	802	
345	803	
345	804	
345	805	
345	806	
346	807	
346	808	
347	809	
346	810	
347	811	
347	812	
345	813	
347	813	
346	814	
347	815	
348	816	
348	817	
347	818	
349	819	
349	820	
349	821	
349	822	
349	823	
349	824	
351	825	
351	826	
351	827	
351	828	
351	829	
351	830	
352	831	
353	832	
353	833	
353	834	
353	835	
354	836	
355	837	
353	838	
353	839	
354	840	
353	841	
353	842	
353	843	
354	844	
354	845	
354	846	
353	847	
354	848	
353	849	
354	850	
355	851	
355	852	
354	853	
355	853	
354	854	
354	855	
354	856	
354	857	
354	858	
354	859	
354	860	
354	861	
354	862	
354	863	
355	864	
355	865	
353	866	
355	866	
355	867	
355	868	
355	869	
355	870	
355	871	
355	872	
353	873	
353	874	
355	874	
353	875	
355	876	
355	877	
355	878	
355	879	
355	880	
355	881	
355	882	
355	883	
355	884	
354	885	
353	886	
356	887	
355	888	
355	889	
356	890	
357	891	
357	892	
357	893	
356	894	
356	895	
356	896	
356	897	
357	898	
357	899	
357	900	
357	901	
357	902	
357	903	
357	904	
357	905	
357	906	
358	907	
359	908	
358	909	
357	910	
357	911	
357	912	
359	913	
359	914	
359	915	
359	916	
357	917	
357	918	
355	980	
355	981	
355	982	
350	1002	
350	1003	
350	1004	
350	1005	
351	1011	
351	1020	
346	1033	
346	1034	
339	1079	
338	1087	
339	1088	
339	1089	
338	1109	
336	1111	
