430	87	
361	301	
363	302	
363	303	
363	304	
363	305	
363	306	
363	307	
363	308	
363	309	
363	310	
363	311	
363	312	
363	313	
363	314	
363	315	
363	316	
363	317	
363	318	
362	319	
362	320	
362	321	
363	322	
364	323	
363	324	
363	325	
363	326	
363	327	
364	327	
363	328	
363	329	
363	330	
363	331	
363	332	
363	333	
363	334	
363	335	
363	336	
363	337	
364	337	
363	338	
363	339	
363	340	
363	341	
363	342	
363	343	
364	344	
364	345	
363	346	
363	347	
363	348	
362	349	
363	349	
363	350	
363	351	
363	352	
363	353	
364	353	
363	354	
363	355	
363	356	
362	357	
362	358	
362	359	
363	359	
362	360	
362	361	
363	362	
363	363	
362	364	
361	365	
361	366	
361	367	
362	368	
362	369	
362	370	
362	371	
362	372	
361	373	
361	374	
361	375	
361	376	
361	379	
361	380	
361	381	
361	382	
361	383	
361	384	
360	385	
360	386	
360	387	
360	388	
359	389	
361	390	
361	391	
361	392	
361	394	
361	395	
361	396	
361	397	
361	398	
361	399	
353	401	
353	402	
353	403	
353	404	
353	405	
350	406	
351	407	
351	408	
352	409	
351	410	
351	411	
349	412	
350	412	
349	413	
350	414	
350	415	
350	416	
350	417	
351	418	
351	419	
351	420	
350	421	
350	422	
350	423	
350	424	
350	425	
350	426	
350	427	
351	428	
350	429	
351	430	
351	431	
350	432	
351	432	
350	433	
350	434	
351	435	
351	436	
351	437	
351	438	
351	439	
351	440	
351	441	
351	442	
351	443	
352	443	
351	444	
352	445	
352	446	
353	446	
353	447	
353	448	
354	449	
354	450	
353	451	
353	452	
354	453	
353	454	
354	454	
354	455	
353	456	
353	457	
353	458	
353	459	
354	460	
354	461	
354	462	
354	463	
353	464	
353	465	
353	466	
353	467	
353	468	
353	469	
353	470	
353	471	
353	472	
353	473	
353	474	
354	474	
353	475	
353	476	
353	477	
353	478	
352	479	
353	480	
353	481	
353	482	
353	483	
351	484	
353	485	
352	486	
353	487	
353	488	
354	489	
353	490	
354	491	
353	492	
353	493	
353	494	
353	495	
354	495	
353	496	
353	497	
354	498	
353	499	
354	499	
354	500	
352	501	
354	501	
353	502	
353	503	
354	504	
352	505	
353	506	
353	507	
353	508	
353	509	
353	510	
354	511	
353	512	
354	513	
353	514	
353	515	
353	516	
355	516	
353	517	
354	517	
354	518	
355	519	
355	520	
355	521	
354	522	
354	523	
354	524	
354	525	
355	525	
354	526	
354	527	
356	528	
355	529	
354	530	
355	531	
354	532	
353	533	
355	534	
355	535	
356	536	
355	537	
355	538	
354	539	
353	540	
354	540	
354	541	
353	542	
355	542	
355	543	
355	544	
355	545	
353	546	
355	547	
354	548	
353	549	
353	550	
353	551	
353	552	
353	553	
352	554	
351	555	
349	556	
351	557	
351	558	
347	559	
347	560	
348	560	
347	561	
347	562	
348	563	
348	564	
348	565	
349	566	
348	567	
348	568	
347	569	
348	569	
347	570	
348	571	
347	572	
347	573	
347	574	
345	575	
346	576	
346	577	
345	578	
346	578	
345	579	
345	580	
345	581	
345	582	
344	583	
344	584	
343	585	
344	585	
345	585	
343	586	
344	587	
343	588	
344	589	
344	590	
344	591	
344	592	
343	593	
342	594	
342	595	
343	595	
343	596	
342	597	
342	598	
343	599	
342	600	
343	601	
342	602	
342	603	
341	604	
341	605	
342	606	
342	607	
343	608	
343	609	
343	610	
343	611	
342	612	
343	613	
344	614	
344	615	
344	616	
344	617	
343	618	
343	619	
342	620	
344	621	
344	622	
343	623	
344	624	
344	625	
344	626	
344	627	
344	628	
344	629	
344	630	
344	631	
344	632	
344	633	
344	634	
344	635	
342	636	
342	637	
341	638	
344	639	
344	640	
342	641	
342	642	
343	643	
343	644	
343	645	
343	646	
343	647	
343	648	
343	649	
342	650	
343	651	
343	652	
342	653	
343	653	
343	654	
342	655	
342	656	
342	657	
341	658	
342	659	
342	660	
343	661	
342	662	
342	663	
343	663	
342	664	
340	665	
341	666	
341	667	
341	668	
341	669	
339	670	
339	671	
339	672	
340	673	
339	674	
340	675	
339	676	
338	677	
341	677	
339	678	
339	679	
338	680	
340	681	
338	682	
340	682	
340	683	
340	684	
339	685	
339	686	
340	687	
340	688	
340	689	
340	690	
340	691	
340	692	
339	693	
340	693	
340	694	
341	695	
340	696	
341	696	
342	696	
340	697	
341	698	
340	699	
341	700	
340	701	
340	702	
340	703	
341	704	
340	705	
342	706	
342	707	
342	708	
342	709	
342	710	
342	711	
342	712	
342	713	
342	714	
343	714	
343	715	
343	716	
342	717	
342	718	
343	719	
343	720	
343	721	
343	722	
343	723	
342	724	
342	725	
341	726	
342	726	
343	727	
342	728	
342	729	
343	729	
342	730	
342	731	
342	732	
342	733	
342	734	
342	735	
342	736	
343	736	
343	737	
343	738	
343	739	
342	740	
343	740	
344	740	
342	741	
342	742	
343	742	
343	743	
342	744	
343	745	
342	746	
342	747	
343	748	
343	749	
342	750	
342	751	
342	752	
343	753	
342	754	
344	755	
343	756	
343	757	
342	758	
343	758	
343	759	
343	760	
342	761	
343	761	
343	762	
342	763	
342	764	
342	765	
342	766	
344	766	
343	767	
343	768	
343	769	
343	770	
343	771	
344	772	
342	773	
344	773	
344	774	
344	775	
344	776	
344	777	
343	778	
344	779	
344	780	
343	781	
343	782	
344	782	
344	783	
344	784	
344	785	
343	786	
344	786	
344	787	
346	788	
345	789	
345	790	
345	791	
346	792	
346	793	
346	794	
346	795	
346	796	
346	797	
346	798	
346	799	
346	800	
346	801	
346	802	
347	803	
347	804	
346	805	
346	806	
346	807	
347	808	
348	808	
348	809	
348	810	
349	811	
349	812	
349	813	
349	814	
350	815	
350	816	
351	816	
348	817	
347	818	
351	819	
351	820	
351	821	
351	822	
351	823	
351	824	
353	825	
353	826	
353	827	
353	828	
354	829	
354	830	
354	831	
354	832	
353	833	
355	833	
353	834	
354	835	
355	836	
355	837	
356	837	
355	838	
355	839	
355	840	
355	841	
355	842	
355	843	
355	844	
355	845	
355	846	
355	847	
355	848	
356	849	
356	850	
356	851	
355	852	
355	853	
355	854	
355	855	
357	856	
356	857	
357	857	
356	858	
357	859	
357	860	
357	861	
355	862	
356	863	
357	864	
356	865	
356	866	
356	867	
356	868	
355	869	
355	870	
355	871	
356	871	
356	872	
357	873	
357	874	
357	875	
357	876	
355	877	
356	878	
357	879	
357	880	
357	881	
357	882	
355	883	
356	884	
357	885	
357	886	
357	887	
357	888	
357	889	
356	890	
356	891	
357	892	
358	893	
358	894	
357	895	
357	896	
357	897	
357	898	
357	899	
357	900	
359	901	
359	902	
359	903	
359	904	
358	905	
359	907	
359	908	
359	909	
359	910	
359	911	
359	912	
359	913	
359	914	
359	915	
359	916	
361	970	
359	972	
356	982	
356	983	
357	984	
352	999	
352	1000	
351	1001	
351	1002	
352	1003	
352	1004	
352	1005	
351	1009	
352	1010	
342	1064	
342	1080	
342	1083	
342	1084	
342	1085	
340	1087	
340	1088	
340	1107	
338	1114	
338	1119	
