189	520	
187	521	
187	522	
187	523	
187	524	
187	525	
187	526	
187	527	
187	528	
187	529	
187	530	
187	531	
186	532	
186	533	
186	534	
186	535	
186	536	
186	537	
184	538	
184	539	
185	540	
186	541	
185	542	
185	543	
185	544	
185	545	
185	546	
185	547	
183	548	
184	548	
182	549	
181	550	
182	550	
182	551	
182	552	
182	553	
181	554	
182	555	
182	556	
183	557	
183	558	
183	559	
184	559	
183	560	
183	561	
183	562	
181	563	
181	564	
181	565	
180	566	
180	567	
183	568	
182	569	
181	570	
181	571	
181	572	
181	573	
181	574	
182	575	
182	576	
183	576	
183	577	
180	578	
180	579	
181	580	
181	581	
185	600	
183	603	
183	604	
183	605	
183	606	
182	607	
181	608	
181	609	
181	610	
182	611	
182	612	
180	613	
180	614	
183	615	
183	616	
183	617	
178	620	
177	621	
177	622	
177	623	
179	624	
181	625	
179	627	
178	628	
177	629	
177	630	
175	632	
174	633	
173	634	
175	636	
176	636	
179	637	
179	638	
181	639	
181	640	
181	641	
180	642	
180	643	
181	644	
181	645	
181	646	
181	647	
179	648	
179	649	
179	650	
181	651	
181	652	
179	653	
181	654	
179	655	
181	655	
179	656	
179	657	
179	658	
180	659	
180	660	
179	661	
179	662	
181	663	
180	664	
181	665	
182	666	
180	667	
180	668	
180	669	
183	670	
180	671	
183	672	
183	673	
183	674	
181	675	
181	676	
181	677	
182	678	
184	679	
185	680	
185	681	
185	682	
183	683	
184	684	
185	685	
186	686	
186	687	
185	688	
186	688	
183	689	
183	690	
184	691	
184	692	
184	693	
185	694	
185	695	
185	696	
185	697	
185	698	
187	699	
187	700	
186	701	
186	702	
186	703	
186	704	
187	705	
187	706	
187	707	
