434	91	
434	92	
434	93	
365	301	
367	302	
367	303	
367	304	
367	305	
367	306	
365	307	
365	308	
365	309	
365	310	
365	311	
365	312	
365	313	
366	314	
366	315	
366	316	
366	317	
365	318	
365	319	
366	320	
366	321	
366	322	
366	323	
366	324	
366	325	
366	326	
366	327	
367	327	
366	328	
366	329	
366	330	
366	331	
367	332	
367	333	
367	334	
367	335	
367	336	
367	337	
367	338	
366	339	
366	340	
366	341	
366	342	
366	343	
366	344	
366	345	
366	346	
366	347	
365	348	
365	349	
366	350	
366	351	
366	352	
366	353	
366	354	
366	355	
366	356	
366	357	
367	358	
365	359	
365	360	
367	361	
367	362	
366	363	
365	364	
365	365	
365	366	
365	367	
365	368	
365	369	
365	370	
365	371	
365	372	
365	373	
366	374	
365	375	
364	376	
365	377	
365	378	
363	379	
363	380	
363	381	
363	382	
363	383	
363	384	
365	400	
363	401	
363	402	
355	405	
356	406	
357	407	
357	408	
355	409	
355	410	
355	411	
355	412	
355	413	
355	414	
355	415	
355	416	
355	417	
354	418	
354	419	
354	420	
353	421	
353	422	
354	423	
354	424	
354	425	
355	425	
355	426	
355	427	
353	428	
356	428	
355	429	
353	430	
355	430	
353	431	
353	432	
353	433	
355	434	
354	435	
355	436	
355	437	
355	438	
356	439	
357	440	
355	441	
355	442	
356	443	
356	444	
356	445	
357	446	
357	447	
358	448	
358	449	
357	450	
357	451	
357	452	
357	453	
359	454	
359	455	
358	456	
358	457	
358	458	
358	459	
357	460	
357	461	
358	462	
357	463	
357	464	
358	465	
358	466	
357	467	
357	468	
357	469	
357	470	
357	471	
357	472	
357	473	
358	474	
357	475	
357	476	
358	477	
358	478	
357	479	
356	480	
357	481	
356	482	
357	483	
357	484	
357	485	
357	486	
357	487	
358	488	
357	489	
356	490	
357	491	
357	492	
357	493	
357	494	
357	495	
358	495	
357	496	
357	497	
357	498	
357	499	
357	500	
357	501	
357	502	
358	502	
357	503	
357	504	
357	505	
357	506	
357	507	
357	508	
357	509	
357	510	
357	511	
357	512	
357	513	
358	514	
357	515	
357	516	
358	517	
357	518	
358	519	
357	520	
358	521	
358	522	
357	523	
359	524	
358	525	
359	525	
357	526	
357	527	
359	528	
358	529	
358	530	
360	531	
358	532	
359	532	
359	533	
358	534	
359	534	
358	535	
358	536	
358	537	
358	538	
358	539	
358	540	
358	541	
358	542	
357	543	
358	544	
358	545	
358	546	
358	547	
359	548	
357	549	
357	550	
358	551	
357	552	
356	553	
357	553	
356	554	
357	555	
356	556	
357	557	
355	558	
355	559	
355	560	
355	561	
355	562	
351	563	
350	564	
351	565	
352	566	
352	567	
351	568	
350	569	
351	569	
350	570	
351	571	
349	572	
350	573	
349	574	
349	575	
349	576	
348	577	
349	578	
349	579	
349	580	
349	581	
347	582	
349	583	
348	584	
348	585	
347	586	
348	587	
348	588	
346	589	
348	589	
347	590	
347	591	
346	592	
347	593	
347	594	
345	595	
347	595	
345	596	
345	597	
346	598	
347	599	
347	600	
347	601	
346	602	
346	603	
345	604	
347	605	
347	606	
347	607	
347	608	
346	609	
345	610	
347	610	
346	611	
347	612	
347	613	
348	613	
347	614	
348	615	
347	616	
348	617	
347	618	
347	619	
348	619	
349	620	
348	621	
349	622	
349	623	
348	624	
348	625	
348	626	
348	627	
347	628	
349	629	
348	630	
347	631	
348	631	
348	632	
346	633	
348	633	
346	634	
347	635	
347	636	
346	637	
347	638	
347	639	
346	640	
347	641	
347	642	
347	643	
348	643	
348	644	
347	645	
347	646	
347	647	
346	648	
347	649	
346	650	
346	651	
346	652	
345	653	
346	654	
346	655	
346	656	
345	657	
345	658	
346	659	
346	660	
345	661	
345	662	
345	663	
346	663	
345	664	
345	665	
345	666	
345	667	
344	668	
344	669	
343	670	
344	671	
343	672	
345	673	
345	674	
345	675	
343	676	
344	677	
344	678	
343	679	
344	680	
344	681	
343	682	
343	683	
343	684	
344	684	
343	685	
342	686	
344	687	
342	688	
343	689	
344	690	
344	691	
345	692	
345	693	
343	694	
343	695	
344	696	
344	697	
344	698	
344	699	
344	700	
344	701	
345	702	
345	703	
345	704	
345	705	
345	706	
345	707	
345	708	
345	709	
345	710	
345	711	
346	712	
346	713	
346	714	
346	715	
346	716	
346	717	
346	718	
346	719	
346	720	
347	721	
347	722	
347	723	
347	724	
346	725	
346	726	
345	727	
345	728	
347	728	
346	729	
346	730	
346	731	
346	732	
346	733	
346	734	
346	735	
346	736	
346	737	
346	738	
347	739	
347	740	
347	741	
346	742	
346	743	
345	744	
346	744	
346	745	
346	746	
347	747	
345	748	
346	749	
346	750	
346	751	
346	752	
347	753	
347	754	
346	755	
347	756	
346	757	
346	758	
346	759	
347	759	
347	760	
347	761	
347	762	
346	763	
346	764	
346	765	
347	765	
347	766	
346	767	
346	768	
346	769	
347	770	
346	771	
346	772	
347	773	
347	774	
347	775	
347	776	
347	777	
346	778	
346	779	
346	780	
347	781	
347	782	
348	783	
348	784	
348	785	
349	786	
349	787	
350	788	
349	789	
350	790	
350	791	
349	792	
349	793	
350	793	
349	794	
349	795	
349	796	
349	797	
350	798	
349	799	
349	800	
350	801	
350	802	
350	803	
350	804	
351	804	
350	805	
350	806	
351	806	
351	807	
350	808	
352	809	
352	810	
352	811	
352	812	
353	813	
353	814	
353	815	
353	816	
353	817	
353	818	
353	819	
354	819	
355	820	
355	821	
355	822	
354	823	
354	824	
355	825	
355	826	
356	827	
357	827	
357	828	
357	829	
357	830	
358	831	
358	832	
357	833	
357	834	
358	835	
358	836	
358	837	
358	838	
358	839	
357	840	
358	840	
357	841	
357	842	
358	842	
357	843	
357	844	
357	845	
357	846	
358	847	
359	848	
359	849	
359	850	
359	851	
359	852	
359	853	
359	854	
359	855	
360	856	
360	857	
360	858	
359	859	
359	860	
359	861	
359	862	
359	863	
360	863	
360	864	
359	865	
360	865	
360	866	
359	867	
359	868	
360	869	
360	870	
359	871	
360	872	
359	873	
359	874	
359	875	
359	876	
359	877	
359	878	
359	879	
359	880	
359	881	
360	882	
360	883	
360	884	
359	885	
359	886	
359	887	
361	888	
361	889	
361	890	
361	891	
359	892	
359	893	
359	894	
361	895	
360	896	
361	897	
360	898	
360	899	
359	900	
359	901	
359	902	
359	903	
359	904	
360	905	
361	906	
361	907	
362	907	
362	908	
362	909	
362	910	
362	911	
362	912	
362	913	
362	914	
362	915	
362	916	
363	917	
363	918	
355	998	
356	998	
357	999	
357	1000	
356	1003	
345	1077	
345	1078	
