432	61	
432	62	
367	301	
367	302	
367	303	
367	304	
367	305	
367	306	
367	307	
367	308	
367	309	
367	310	
367	311	
367	312	
367	313	
367	314	
367	315	
367	316	
367	317	
367	318	
367	319	
367	320	
368	321	
367	322	
368	322	
367	323	
367	324	
367	325	
368	326	
368	327	
367	328	
367	329	
367	330	
367	331	
367	332	
367	333	
367	334	
367	335	
367	336	
368	336	
367	337	
368	338	
367	339	
367	340	
367	341	
367	342	
367	343	
367	344	
367	345	
367	346	
367	347	
367	348	
367	349	
367	350	
367	351	
367	352	
367	353	
367	354	
367	355	
367	356	
366	357	
366	358	
366	359	
366	360	
366	361	
366	362	
366	363	
366	364	
366	365	
366	366	
366	367	
366	368	
366	369	
366	370	
367	371	
367	372	
365	373	
365	374	
367	375	
366	376	
367	376	
365	377	
365	378	
365	379	
365	380	
365	381	
365	382	
365	383	
365	384	
365	401	
365	402	
365	403	
365	404	
365	405	
355	406	
355	407	
357	408	
357	409	
357	410	
355	411	
355	412	
357	413	
357	414	
355	415	
355	416	
355	417	
355	418	
356	419	
355	420	
355	421	
356	421	
355	422	
355	423	
355	424	
355	425	
356	425	
356	426	
355	427	
355	428	
355	429	
355	430	
355	431	
355	432	
355	433	
355	434	
355	435	
355	436	
355	437	
355	438	
357	439	
357	440	
357	441	
358	442	
358	443	
358	444	
357	445	
357	446	
357	447	
358	448	
359	449	
359	450	
359	451	
358	452	
358	453	
358	454	
359	455	
358	456	
359	456	
358	457	
359	458	
359	459	
357	460	
357	461	
359	462	
359	463	
358	464	
358	465	
357	466	
358	467	
357	468	
358	469	
357	470	
357	471	
357	472	
357	473	
358	473	
357	474	
358	475	
357	476	
357	477	
358	477	
357	478	
357	479	
357	480	
357	481	
357	482	
357	483	
358	484	
357	485	
357	486	
358	487	
358	488	
358	489	
358	490	
357	491	
358	491	
358	492	
358	493	
357	494	
358	495	
357	496	
358	497	
357	498	
358	499	
358	500	
357	501	
357	502	
358	503	
358	504	
358	505	
358	506	
358	507	
357	508	
357	509	
357	510	
358	511	
357	512	
359	512	
358	513	
360	514	
359	515	
359	516	
358	517	
360	517	
360	518	
359	519	
358	520	
359	521	
359	522	
360	522	
359	523	
358	524	
358	525	
359	526	
359	527	
360	527	
359	528	
359	529	
359	530	
360	531	
359	532	
359	533	
359	534	
359	535	
359	536	
359	537	
359	538	
359	539	
359	540	
357	541	
357	542	
358	543	
358	544	
357	545	
359	546	
358	547	
359	547	
357	548	
358	549	
357	550	
358	551	
358	552	
358	553	
357	554	
358	555	
356	556	
356	557	
357	557	
357	558	
357	559	
357	560	
353	561	
355	562	
355	563	
359	564	
353	565	
353	566	
353	567	
353	568	
353	569	
352	570	
351	571	
351	572	
352	572	
350	573	
352	574	
350	575	
350	576	
350	577	
350	578	
349	579	
350	580	
350	581	
349	582	
349	583	
349	584	
347	585	
348	586	
348	587	
347	588	
349	589	
349	590	
348	591	
349	592	
349	593	
349	594	
349	595	
349	596	
348	597	
347	598	
348	599	
348	600	
348	601	
347	602	
348	602	
348	603	
348	604	
348	605	
348	606	
348	607	
349	608	
348	609	
349	610	
348	611	
348	612	
349	613	
349	614	
348	615	
349	616	
348	617	
349	617	
348	618	
349	619	
349	620	
348	621	
349	622	
349	623	
348	624	
349	625	
347	626	
348	627	
347	628	
348	628	
349	628	
348	629	
348	630	
348	631	
348	632	
348	633	
348	634	
349	634	
347	635	
348	635	
348	636	
348	637	
348	638	
349	639	
347	640	
347	641	
348	641	
348	642	
347	643	
347	644	
348	645	
348	646	
347	647	
347	648	
347	649	
347	650	
347	651	
347	652	
347	653	
347	654	
347	655	
347	656	
347	657	
347	658	
348	658	
347	659	
346	660	
346	661	
347	661	
345	662	
346	663	
346	664	
347	665	
346	666	
346	667	
345	668	
345	669	
344	670	
343	671	
344	672	
344	673	
344	674	
344	675	
344	676	
344	677	
344	678	
343	679	
344	680	
344	681	
345	681	
344	682	
345	683	
344	684	
346	685	
344	686	
345	687	
343	688	
345	689	
344	690	
346	691	
345	692	
344	693	
345	694	
344	695	
346	695	
345	696	
345	697	
344	698	
345	699	
344	700	
345	700	
345	701	
345	702	
346	703	
347	704	
346	705	
347	706	
346	707	
346	708	
347	709	
347	710	
346	711	
346	712	
347	713	
347	714	
347	715	
347	716	
347	717	
346	718	
347	718	
347	719	
347	720	
347	721	
347	722	
347	723	
347	724	
347	725	
348	725	
347	726	
348	726	
347	727	
347	728	
348	729	
347	730	
348	730	
347	731	
346	732	
347	733	
346	734	
346	735	
346	736	
348	737	
347	738	
347	739	
347	740	
346	741	
346	742	
347	742	
346	743	
346	744	
346	745	
346	746	
347	747	
347	748	
347	749	
347	750	
347	751	
347	752	
348	753	
347	754	
347	755	
348	755	
347	756	
347	757	
348	758	
347	759	
348	760	
348	761	
348	762	
347	763	
347	764	
347	765	
348	765	
347	766	
347	767	
347	768	
347	769	
348	769	
348	770	
347	771	
348	772	
348	773	
347	774	
348	775	
347	776	
348	777	
348	778	
349	779	
349	780	
348	781	
348	782	
348	783	
348	784	
349	785	
349	786	
349	787	
349	788	
350	789	
348	790	
350	791	
350	792	
350	793	
350	794	
351	794	
351	795	
350	796	
350	797	
350	798	
350	799	
350	800	
350	801	
350	802	
351	803	
352	804	
350	805	
350	806	
352	807	
352	808	
352	809	
352	810	
353	811	
352	812	
353	812	
353	813	
353	814	
353	815	
352	816	
352	817	
355	818	
354	819	
354	820	
354	821	
355	822	
355	823	
355	824	
356	825	
357	826	
357	827	
358	827	
358	828	
359	829	
359	830	
359	831	
358	832	
358	833	
359	834	
359	835	
359	836	
359	837	
359	838	
360	839	
360	840	
357	841	
357	842	
359	843	
359	844	
359	845	
359	846	
359	847	
359	848	
359	849	
359	850	
359	851	
359	852	
360	853	
360	854	
360	855	
361	855	
360	856	
360	857	
360	858	
361	859	
361	860	
361	861	
360	862	
360	863	
361	863	
360	864	
360	865	
360	866	
359	867	
359	868	
360	869	
360	870	
360	871	
360	872	
359	873	
359	874	
359	875	
359	876	
359	877	
359	878	
360	879	
360	880	
360	881	
360	882	
360	883	
361	884	
360	885	
360	886	
360	887	
360	888	
360	889	
360	890	
361	891	
361	892	
362	893	
362	894	
361	895	
361	896	
361	897	
361	898	
361	899	
361	900	
360	901	
359	902	
363	903	
363	904	
361	905	
361	906	
363	907	
362	908	
361	909	
362	910	
363	911	
363	912	
363	913	
363	914	
363	915	
363	916	
363	917	
363	918	
356	1003	
356	1004	
355	1005	
355	1006	
344	1078	
344	1079	
344	1080	
346	1083	
344	1085	
