436	64	
436	65	
436	66	
436	67	
438	81	
438	82	
438	83	
438	84	
438	85	
371	303	
371	304	
371	305	
371	306	
371	307	
371	308	
371	309	
371	310	
371	311	
371	312	
371	313	
371	314	
371	315	
371	316	
371	317	
371	318	
371	319	
371	320	
371	321	
371	322	
371	323	
371	324	
371	325	
371	326	
372	327	
371	328	
371	329	
371	330	
371	331	
371	332	
372	333	
371	334	
371	335	
371	336	
371	337	
371	338	
371	339	
371	340	
371	341	
371	342	
371	343	
371	344	
371	345	
372	346	
372	347	
371	348	
372	349	
372	350	
371	351	
371	352	
372	353	
371	354	
371	355	
371	356	
371	357	
371	358	
369	359	
369	360	
370	361	
370	362	
370	363	
370	364	
371	365	
370	366	
370	367	
371	368	
371	369	
371	370	
371	371	
369	372	
369	373	
369	374	
369	375	
369	376	
369	377	
369	378	
370	379	
370	380	
369	381	
369	382	
367	403	
368	404	
368	405	
369	406	
368	407	
368	408	
369	408	
369	409	
369	410	
369	411	
369	412	
363	413	
363	414	
363	415	
361	416	
361	417	
361	418	
361	419	
363	420	
361	421	
359	422	
361	423	
361	424	
361	425	
361	426	
362	427	
363	428	
362	429	
361	430	
361	431	
362	432	
363	433	
363	434	
363	435	
362	436	
363	437	
362	438	
363	439	
365	440	
362	441	
362	442	
363	443	
363	444	
364	444	
363	445	
364	446	
363	447	
364	448	
364	449	
364	450	
364	451	
364	452	
364	453	
364	454	
364	455	
363	456	
363	457	
363	458	
363	459	
363	460	
363	461	
363	462	
363	463	
363	464	
362	465	
362	466	
362	467	
363	468	
362	469	
361	470	
361	471	
361	472	
361	473	
361	474	
362	475	
362	476	
362	477	
363	477	
362	478	
362	479	
362	480	
362	481	
362	482	
362	483	
362	484	
362	485	
362	486	
361	487	
361	488	
362	489	
362	490	
362	491	
362	492	
362	493	
361	494	
361	495	
362	496	
361	497	
362	498	
361	499	
361	500	
362	501	
361	502	
362	502	
361	503	
362	504	
362	505	
363	505	
362	506	
362	507	
362	508	
363	509	
363	510	
362	511	
362	512	
363	513	
363	514	
363	515	
363	516	
362	517	
363	517	
362	518	
363	519	
363	520	
364	521	
364	522	
363	523	
364	524	
364	525	
364	526	
364	527	
364	528	
365	529	
364	530	
365	531	
366	532	
363	533	
364	534	
364	535	
363	536	
363	537	
363	538	
362	539	
361	540	
361	541	
361	542	
362	543	
362	544	
361	545	
362	546	
362	547	
361	548	
361	549	
362	549	
361	550	
361	551	
362	552	
362	553	
362	554	
361	555	
361	556	
361	557	
361	558	
360	559	
360	560	
361	561	
359	562	
360	563	
360	564	
359	565	
359	566	
358	567	
361	568	
358	569	
358	570	
359	571	
358	572	
359	572	
358	573	
358	574	
358	575	
357	576	
357	577	
355	578	
357	579	
355	580	
355	581	
357	582	
355	583	
355	584	
355	585	
353	586	
354	587	
354	588	
355	588	
354	589	
355	590	
356	591	
354	592	
355	592	
354	593	
354	594	
355	595	
353	596	
354	597	
353	598	
353	599	
353	600	
353	601	
354	602	
353	603	
353	604	
353	605	
352	606	
354	606	
353	607	
354	608	
353	609	
354	610	
353	611	
354	611	
353	612	
353	613	
353	614	
353	615	
354	616	
354	617	
352	618	
353	618	
353	619	
352	620	
353	621	
352	622	
353	623	
352	624	
352	625	
351	626	
354	627	
352	628	
352	629	
352	630	
352	631	
352	632	
352	633	
352	634	
352	635	
352	636	
351	637	
352	637	
351	638	
352	639	
352	640	
352	641	
349	642	
350	643	
349	644	
350	644	
350	645	
350	646	
351	647	
350	648	
352	649	
352	650	
352	651	
351	652	
350	653	
351	654	
350	655	
351	656	
351	657	
351	658	
351	659	
351	660	
350	661	
350	662	
351	663	
350	664	
350	665	
349	666	
350	667	
350	668	
349	669	
348	670	
349	671	
348	672	
349	673	
348	674	
349	675	
349	676	
349	677	
348	678	
349	679	
348	680	
349	681	
349	682	
348	683	
348	684	
348	685	
349	686	
348	687	
348	688	
348	689	
348	690	
349	690	
348	691	
348	692	
348	693	
349	693	
349	694	
349	695	
350	696	
349	697	
350	698	
350	699	
348	700	
350	701	
350	702	
349	703	
350	704	
350	705	
350	706	
351	707	
350	708	
351	708	
351	709	
351	710	
351	711	
351	712	
351	713	
351	714	
352	715	
351	716	
352	716	
351	717	
352	717	
352	718	
352	719	
351	720	
351	721	
350	722	
350	723	
350	724	
352	724	
352	725	
351	726	
351	727	
350	728	
352	728	
351	729	
351	730	
351	731	
352	732	
353	732	
352	733	
353	733	
353	734	
353	735	
353	736	
352	737	
352	738	
352	739	
351	740	
351	741	
351	742	
350	743	
351	744	
352	745	
352	746	
352	747	
352	748	
353	749	
352	750	
352	751	
353	752	
352	753	
353	753	
352	754	
353	754	
352	755	
352	756	
353	757	
351	758	
353	759	
352	760	
352	761	
353	762	
353	763	
353	764	
353	765	
353	766	
353	767	
352	768	
353	768	
353	769	
353	770	
352	771	
352	772	
353	773	
354	774	
354	775	
353	776	
352	777	
353	777	
353	778	
351	779	
351	780	
351	781	
352	782	
353	783	
353	784	
353	785	
353	786	
353	787	
354	788	
354	789	
355	790	
355	791	
355	792	
355	793	
355	794	
355	795	
355	796	
355	797	
356	798	
355	799	
355	800	
355	801	
355	802	
354	803	
354	804	
356	804	
356	805	
356	806	
357	807	
357	808	
357	809	
356	810	
356	811	
356	812	
358	813	
358	814	
359	815	
358	816	
359	817	
359	818	
358	819	
357	820	
361	821	
361	822	
360	823	
361	824	
361	825	
362	826	
362	827	
362	828	
362	829	
363	830	
363	831	
362	832	
362	833	
363	833	
362	834	
363	835	
363	836	
363	837	
362	838	
362	839	
363	840	
363	841	
362	842	
363	843	
363	844	
362	845	
362	846	
362	847	
362	848	
363	849	
363	850	
364	850	
364	851	
363	852	
363	853	
364	854	
365	855	
365	856	
363	857	
363	858	
363	859	
363	860	
363	861	
364	862	
363	863	
363	864	
364	865	
364	866	
363	867	
363	868	
364	869	
365	870	
365	871	
364	872	
364	873	
363	874	
364	875	
364	876	
363	877	
364	877	
364	878	
364	879	
364	880	
364	881	
365	882	
365	883	
365	884	
364	885	
363	886	
363	887	
363	888	
364	889	
363	890	
363	891	
363	892	
364	892	
364	893	
364	894	
364	895	
365	896	
364	897	
364	898	
364	899	
364	900	
364	901	
365	901	
364	902	
365	903	
365	904	
365	905	
365	906	
365	907	
365	908	
366	909	
366	910	
366	911	
365	912	
365	913	
366	914	
365	915	
365	916	
365	917	
366	918	
358	1018	
358	1019	
352	1059	
351	1075	
350	1076	
348	1103	
