375	304	
375	305	
375	306	
375	307	
375	308	
375	309	
373	310	
374	311	
373	312	
373	313	
374	314	
375	315	
374	316	
373	317	
374	317	
374	318	
375	319	
374	320	
373	321	
373	322	
373	323	
374	324	
375	325	
375	326	
374	327	
375	328	
375	329	
375	330	
375	331	
375	332	
375	333	
375	334	
375	335	
375	336	
375	337	
374	338	
374	339	
375	340	
375	341	
375	342	
375	343	
375	344	
374	345	
374	346	
374	347	
374	348	
374	349	
374	350	
374	351	
375	352	
375	353	
375	354	
375	355	
375	356	
375	357	
375	358	
375	359	
374	360	
374	361	
375	362	
375	363	
375	364	
375	365	
374	366	
373	367	
373	368	
374	368	
374	369	
374	370	
373	371	
373	372	
373	373	
373	374	
373	375	
373	376	
373	377	
373	378	
373	379	
373	380	
373	381	
373	382	
373	383	
371	388	
371	389	
371	390	
371	391	
373	392	
371	393	
371	394	
373	400	
373	403	
373	404	
372	405	
372	406	
373	406	
374	407	
373	408	
374	408	
372	409	
373	410	
371	411	
371	412	
371	413	
371	414	
372	415	
371	416	
371	417	
371	418	
371	419	
371	420	
369	421	
369	422	
369	423	
367	424	
366	425	
365	426	
367	427	
367	428	
367	429	
367	430	
367	431	
367	432	
367	433	
369	434	
369	435	
368	436	
367	437	
367	438	
369	439	
369	440	
368	441	
368	442	
368	443	
368	444	
368	445	
368	446	
368	447	
368	448	
366	449	
366	450	
367	451	
367	452	
367	453	
366	454	
366	455	
366	456	
366	457	
366	458	
366	459	
366	460	
366	461	
367	462	
367	463	
366	464	
366	465	
365	466	
366	467	
366	468	
365	469	
366	470	
367	471	
366	472	
366	473	
366	474	
365	475	
366	475	
366	476	
366	477	
365	478	
365	479	
366	480	
366	481	
366	482	
366	483	
365	484	
366	485	
366	486	
365	487	
366	488	
365	489	
366	490	
365	491	
366	492	
366	493	
367	494	
368	495	
366	496	
365	497	
366	498	
365	499	
366	500	
366	501	
366	502	
366	503	
366	504	
365	505	
365	506	
367	507	
365	508	
366	508	
365	509	
367	509	
366	510	
367	511	
367	512	
366	513	
367	514	
366	515	
366	516	
366	517	
367	517	
367	518	
367	519	
367	520	
367	521	
366	522	
366	523	
367	523	
367	524	
367	525	
367	526	
367	527	
368	528	
369	529	
368	530	
368	531	
368	532	
367	533	
366	534	
367	534	
367	535	
366	536	
367	537	
367	538	
367	539	
367	540	
365	541	
365	542	
365	543	
365	544	
363	545	
365	546	
365	547	
365	548	
365	549	
364	550	
365	551	
366	552	
365	553	
366	554	
366	555	
365	556	
365	557	
364	558	
363	559	
365	560	
364	561	
364	562	
364	563	
363	564	
364	565	
364	566	
365	567	
363	568	
363	569	
362	570	
361	571	
362	571	
361	572	
362	573	
362	574	
361	575	
362	575	
362	576	
361	577	
361	578	
361	579	
360	580	
361	581	
359	582	
360	582	
360	583	
359	584	
359	585	
359	586	
359	587	
360	588	
360	589	
359	590	
359	591	
357	592	
359	593	
359	594	
357	595	
357	596	
358	597	
358	598	
358	599	
357	600	
358	600	
357	601	
358	602	
358	603	
357	604	
358	604	
358	605	
357	606	
357	607	
357	608	
357	609	
356	610	
358	611	
357	612	
357	613	
357	614	
357	615	
356	616	
357	617	
357	618	
355	619	
356	619	
356	620	
355	621	
355	622	
356	623	
356	624	
356	625	
357	625	
357	626	
356	627	
356	628	
355	629	
356	630	
355	631	
355	632	
353	633	
354	634	
353	635	
355	635	
355	636	
354	637	
354	638	
355	639	
354	640	
354	641	
355	642	
354	643	
354	644	
353	645	
353	646	
354	647	
353	648	
354	649	
355	650	
353	651	
353	652	
354	653	
353	654	
354	655	
355	656	
355	657	
355	658	
355	659	
354	660	
355	661	
354	662	
355	663	
355	664	
355	665	
356	665	
356	666	
355	667	
355	668	
354	669	
355	669	
354	670	
353	671	
352	672	
353	672	
352	673	
352	674	
353	674	
352	675	
352	676	
352	677	
352	678	
352	679	
352	680	
352	681	
352	682	
352	683	
352	684	
352	685	
352	686	
352	687	
353	688	
352	689	
352	690	
352	691	
352	692	
352	693	
353	694	
352	695	
353	696	
352	697	
352	698	
352	699	
352	700	
352	701	
352	702	
352	703	
353	704	
353	705	
354	706	
354	707	
354	708	
355	709	
355	710	
355	711	
356	711	
355	712	
355	713	
354	714	
354	715	
353	716	
354	717	
354	718	
353	719	
354	720	
354	721	
354	722	
355	723	
353	724	
355	724	
353	725	
354	726	
354	727	
355	727	
354	728	
354	729	
353	730	
355	731	
354	732	
354	733	
355	734	
354	735	
353	736	
353	737	
353	738	
353	739	
355	740	
355	741	
355	742	
355	743	
354	744	
355	744	
354	745	
354	746	
355	747	
355	748	
354	749	
356	750	
355	751	
354	752	
354	753	
355	753	
355	754	
354	755	
355	756	
355	757	
355	758	
355	759	
355	760	
355	761	
356	761	
355	762	
355	763	
355	764	
356	765	
356	766	
356	767	
356	768	
356	769	
355	770	
356	771	
356	772	
356	773	
356	774	
355	775	
357	776	
357	777	
357	778	
357	779	
357	780	
357	781	
357	782	
357	783	
357	784	
357	785	
357	786	
357	787	
357	788	
357	789	
359	790	
359	791	
359	792	
359	793	
358	794	
357	795	
358	796	
358	797	
359	798	
359	799	
360	800	
359	801	
359	802	
359	803	
358	804	
359	805	
359	806	
359	807	
360	808	
360	809	
360	810	
361	811	
361	812	
361	813	
360	814	
361	815	
361	816	
362	817	
363	818	
361	819	
363	820	
363	821	
363	822	
365	823	
365	824	
365	825	
363	826	
364	827	
367	828	
367	829	
366	830	
365	831	
365	832	
366	832	
366	833	
366	834	
366	835	
366	836	
366	837	
366	838	
366	839	
366	840	
364	841	
364	842	
367	843	
366	844	
366	845	
367	846	
367	847	
367	848	
366	849	
365	850	
366	851	
367	852	
366	853	
366	854	
367	854	
366	855	
366	856	
366	857	
365	858	
366	859	
366	860	
366	861	
366	862	
366	863	
367	864	
367	865	
367	866	
367	867	
367	868	
367	869	
367	870	
368	871	
367	872	
368	872	
366	873	
366	874	
366	875	
366	876	
367	877	
367	878	
367	879	
367	880	
367	881	
367	882	
367	883	
368	883	
367	884	
367	885	
366	886	
366	887	
366	888	
366	889	
369	890	
365	891	
365	892	
366	893	
368	894	
366	895	
368	895	
366	896	
367	897	
368	898	
369	899	
369	900	
369	901	
369	902	
368	903	
368	904	
368	905	
369	906	
369	907	
368	908	
368	909	
368	910	
369	911	
369	912	
369	913	
369	914	
369	915	
370	915	
369	916	
369	917	
368	918	
369	919	
354	1069	
352	1084	
352	1085	
352	1099	
