444	85	
444	86	
446	99	
377	306	
377	307	
375	308	
376	309	
376	310	
376	311	
376	312	
376	313	
376	314	
376	315	
375	316	
375	317	
375	318	
376	319	
377	320	
376	321	
376	322	
377	323	
377	324	
377	325	
377	326	
377	327	
377	328	
377	329	
377	330	
376	331	
376	332	
377	333	
377	334	
377	335	
377	336	
377	337	
377	338	
377	339	
377	340	
376	341	
376	342	
377	343	
377	344	
376	345	
376	346	
377	347	
377	348	
378	349	
378	350	
377	351	
377	352	
377	353	
378	354	
377	355	
377	356	
377	357	
377	358	
377	359	
377	360	
377	361	
376	362	
377	362	
376	363	
377	363	
377	364	
376	365	
376	366	
375	367	
375	368	
375	369	
375	370	
375	371	
375	372	
376	373	
375	374	
375	375	
376	375	
376	376	
377	377	
377	378	
376	379	
375	380	
375	381	
375	382	
375	383	
375	388	
373	389	
373	390	
375	391	
375	392	
375	393	
375	394	
375	395	
375	403	
375	404	
375	405	
375	406	
375	407	
375	408	
375	409	
376	409	
376	410	
375	411	
375	412	
374	413	
373	414	
374	414	
373	415	
373	416	
374	416	
373	417	
374	417	
373	418	
373	419	
373	420	
373	421	
373	422	
373	423	
373	424	
373	425	
373	426	
372	427	
371	428	
373	429	
373	430	
371	431	
371	432	
372	433	
373	434	
372	435	
372	436	
372	437	
371	438	
371	439	
371	440	
371	441	
371	442	
371	443	
371	444	
371	445	
370	446	
370	447	
370	448	
369	449	
369	450	
369	451	
369	452	
369	453	
368	454	
369	455	
369	456	
368	457	
367	458	
367	459	
367	460	
368	461	
368	462	
368	463	
368	464	
368	465	
367	466	
367	467	
368	468	
367	469	
368	469	
368	470	
368	471	
368	472	
367	473	
367	474	
368	475	
367	476	
367	477	
368	478	
368	479	
367	480	
367	481	
368	482	
368	483	
368	484	
369	485	
368	486	
369	486	
368	487	
368	488	
369	488	
368	489	
369	490	
369	491	
369	492	
368	493	
368	494	
369	494	
370	495	
369	496	
368	497	
370	497	
370	498	
369	499	
369	500	
368	501	
369	502	
367	503	
367	504	
368	504	
369	505	
369	506	
369	507	
370	508	
369	509	
369	510	
370	511	
369	512	
370	513	
370	514	
371	515	
370	516	
371	516	
370	517	
371	518	
369	519	
370	519	
370	520	
370	521	
369	522	
371	523	
370	524	
370	525	
370	526	
369	527	
371	527	
370	528	
371	529	
370	530	
370	531	
370	532	
369	533	
370	533	
369	534	
369	535	
369	536	
370	536	
370	537	
373	538	
367	539	
367	540	
367	541	
367	542	
368	542	
367	543	
367	544	
367	545	
366	546	
367	546	
367	547	
367	548	
366	549	
365	550	
367	551	
365	552	
366	553	
366	554	
365	555	
365	556	
365	557	
366	558	
366	559	
366	560	
365	561	
366	562	
366	563	
366	564	
366	565	
365	566	
365	567	
366	567	
366	568	
364	569	
364	570	
365	571	
365	572	
365	573	
365	574	
364	575	
364	576	
365	577	
365	578	
363	579	
364	580	
364	581	
364	582	
364	583	
362	584	
362	585	
362	586	
362	587	
361	588	
362	589	
362	590	
362	591	
361	592	
361	593	
359	594	
359	595	
360	596	
360	597	
359	598	
360	599	
360	600	
361	600	
361	601	
360	602	
361	602	
360	603	
360	604	
360	605	
360	606	
360	607	
360	608	
359	609	
359	610	
360	610	
359	611	
358	612	
358	613	
360	614	
360	615	
359	616	
359	617	
359	618	
358	619	
357	620	
358	621	
358	622	
358	623	
358	624	
358	625	
358	626	
358	627	
357	628	
358	629	
358	630	
357	631	
358	632	
357	633	
358	633	
358	634	
356	635	
358	635	
356	636	
358	637	
357	638	
357	639	
357	640	
357	641	
358	642	
358	643	
358	644	
356	645	
356	646	
357	647	
355	648	
357	649	
355	650	
356	651	
356	652	
355	653	
355	654	
356	654	
357	654	
356	655	
355	656	
356	656	
356	657	
357	658	
356	659	
357	660	
355	661	
356	662	
356	663	
355	664	
356	664	
356	665	
356	666	
355	667	
356	668	
355	669	
356	670	
356	671	
356	672	
355	673	
354	674	
353	675	
353	676	
354	677	
354	678	
353	679	
354	680	
354	681	
353	682	
355	683	
354	684	
354	685	
354	686	
354	687	
353	688	
355	689	
353	690	
355	691	
354	692	
354	693	
354	694	
355	695	
354	696	
355	697	
355	698	
355	699	
355	700	
356	701	
355	702	
356	703	
355	704	
355	705	
356	706	
355	707	
356	707	
356	708	
356	709	
356	710	
357	711	
356	712	
357	712	
357	713	
358	714	
357	715	
357	716	
358	717	
358	718	
357	719	
359	719	
358	720	
358	721	
358	722	
358	723	
357	724	
357	725	
358	726	
358	727	
357	728	
358	729	
358	730	
359	730	
358	731	
357	732	
356	733	
356	734	
357	735	
357	736	
358	737	
356	738	
356	739	
358	740	
358	741	
357	742	
357	743	
357	744	
358	745	
358	746	
358	747	
357	748	
357	749	
358	750	
358	751	
358	752	
358	753	
358	754	
358	755	
358	756	
357	757	
357	758	
357	759	
358	760	
358	761	
358	762	
358	763	
359	764	
359	765	
358	766	
358	767	
357	768	
358	769	
359	769	
358	770	
358	771	
359	772	
358	773	
357	774	
358	775	
358	776	
358	777	
357	778	
357	779	
357	780	
358	781	
358	782	
358	783	
361	784	
359	785	
360	785	
359	786	
359	787	
359	788	
360	788	
359	789	
359	790	
360	791	
360	792	
360	793	
360	794	
361	794	
360	795	
361	795	
360	796	
361	797	
361	798	
360	799	
361	800	
361	801	
361	802	
362	803	
362	804	
363	805	
363	806	
362	807	
361	808	
361	809	
361	810	
363	811	
362	812	
363	813	
364	814	
364	815	
365	816	
365	817	
365	818	
365	819	
365	820	
365	821	
367	822	
367	823	
367	824	
367	825	
367	826	
367	827	
368	828	
368	829	
367	830	
368	830	
367	831	
367	832	
368	833	
369	834	
368	835	
368	836	
367	837	
367	838	
367	839	
367	840	
368	840	
367	841	
368	842	
367	843	
368	844	
368	845	
368	846	
368	847	
368	848	
368	849	
368	850	
369	851	
367	852	
368	853	
369	854	
369	855	
369	856	
369	857	
369	858	
368	859	
367	860	
367	861	
369	862	
369	863	
369	864	
369	865	
369	866	
368	867	
368	868	
369	869	
369	870	
369	871	
369	872	
369	873	
370	873	
368	874	
369	874	
369	875	
369	876	
369	877	
369	878	
368	879	
368	880	
368	881	
368	882	
370	883	
369	884	
368	885	
368	886	
369	887	
369	888	
368	889	
368	890	
371	891	
370	892	
369	893	
369	894	
370	895	
371	896	
369	897	
371	898	
371	899	
371	900	
371	901	
370	902	
371	903	
371	904	
370	905	
369	906	
369	907	
371	908	
371	909	
371	910	
371	911	
370	912	
371	913	
371	914	
371	915	
371	916	
371	917	
371	918	
370	919	
369	920	
372	988	
373	989	
370	991	
370	992	
365	1017	
365	1018	
364	1019	
363	1020	
362	1030	
358	1054	
358	1059	
358	1060	
358	1061	
356	1063	
356	1064	
354	1089	
354	1090	
356	1091	
355	1092	
354	1093	
354	1094	
354	1099	
355	1100	
355	1101	
356	1101	
354	1107	
354	1108	
