379	306	
378	307	
379	308	
379	309	
378	310	
379	311	
378	312	
378	313	
377	314	
377	315	
378	316	
379	317	
378	318	
378	319	
378	320	
377	321	
377	322	
378	323	
378	324	
378	325	
378	326	
378	327	
379	328	
379	329	
379	330	
379	331	
379	332	
379	333	
379	334	
379	335	
379	336	
379	337	
379	338	
379	339	
379	340	
378	341	
379	342	
379	343	
378	344	
379	345	
379	346	
379	347	
379	348	
379	349	
379	350	
379	351	
379	352	
379	353	
379	354	
379	355	
379	356	
378	357	
377	358	
377	359	
378	359	
379	360	
379	361	
379	362	
379	363	
378	364	
378	365	
378	366	
378	367	
378	368	
377	369	
378	370	
378	371	
379	372	
379	373	
379	374	
377	375	
377	376	
377	377	
377	378	
377	379	
377	380	
377	381	
377	382	
377	403	
377	404	
376	405	
377	405	
377	406	
376	407	
377	408	
377	409	
377	410	
376	411	
376	412	
376	413	
376	414	
376	415	
375	416	
376	417	
376	418	
377	418	
375	419	
375	420	
375	421	
376	422	
376	423	
375	424	
376	425	
375	426	
375	427	
373	428	
373	429	
374	430	
374	431	
374	432	
375	432	
375	433	
374	434	
374	435	
374	436	
374	437	
373	438	
373	439	
371	440	
372	441	
373	442	
373	443	
373	444	
373	445	
373	446	
371	447	
371	448	
371	449	
371	450	
371	451	
371	452	
371	453	
369	454	
370	455	
370	456	
370	457	
369	458	
371	459	
371	460	
371	461	
370	462	
370	463	
369	464	
370	465	
370	466	
370	467	
369	468	
370	469	
370	470	
369	471	
369	472	
369	473	
369	474	
369	475	
370	476	
369	477	
369	478	
370	478	
369	479	
369	480	
369	481	
370	482	
370	483	
369	484	
369	485	
369	486	
370	487	
371	488	
371	489	
371	490	
370	491	
370	492	
369	493	
369	494	
368	495	
370	496	
369	497	
369	498	
371	498	
372	499	
371	500	
371	501	
371	502	
371	503	
370	504	
370	505	
371	506	
372	506	
372	507	
371	508	
371	509	
371	510	
371	511	
371	512	
372	513	
371	514	
371	515	
371	516	
371	517	
372	518	
371	519	
372	520	
371	521	
371	522	
372	523	
372	524	
371	525	
372	525	
372	526	
371	527	
372	528	
373	529	
374	530	
373	531	
371	532	
373	532	
373	533	
372	534	
372	535	
371	536	
372	536	
372	537	
371	538	
370	539	
371	540	
371	541	
370	542	
370	543	
369	544	
369	545	
369	546	
369	547	
370	548	
369	549	
369	550	
369	551	
370	552	
369	553	
369	554	
368	555	
369	555	
368	556	
367	557	
367	558	
369	559	
369	560	
368	561	
367	562	
368	563	
368	564	
368	565	
367	566	
367	567	
368	567	
368	568	
367	569	
366	570	
367	571	
366	572	
366	573	
365	574	
365	575	
365	576	
365	577	
365	578	
366	579	
366	580	
365	581	
365	582	
364	583	
365	583	
365	584	
365	585	
363	586	
364	587	
363	588	
363	589	
363	590	
363	591	
363	592	
364	593	
365	594	
364	595	
364	596	
363	597	
363	598	
363	599	
361	600	
361	601	
362	602	
361	603	
361	604	
362	605	
362	606	
361	607	
362	608	
362	609	
361	610	
361	611	
362	612	
361	613	
362	613	
361	614	
360	615	
361	616	
359	617	
360	617	
359	618	
359	619	
360	620	
360	621	
360	622	
360	623	
360	624	
360	625	
361	626	
359	627	
359	628	
359	629	
360	630	
359	631	
360	632	
359	633	
360	634	
359	635	
359	636	
360	637	
358	638	
360	639	
358	640	
360	640	
358	641	
359	642	
359	643	
360	644	
358	645	
360	646	
360	647	
358	648	
358	649	
359	649	
359	650	
357	651	
359	651	
357	652	
358	653	
358	654	
358	655	
358	656	
358	657	
359	658	
358	659	
358	660	
359	661	
359	662	
358	663	
358	664	
358	665	
359	666	
358	667	
357	668	
357	669	
358	670	
357	671	
357	672	
357	673	
357	674	
357	675	
357	676	
356	677	
357	678	
356	679	
356	680	
356	681	
356	682	
356	683	
356	684	
356	685	
356	686	
356	687	
356	688	
356	689	
357	690	
357	691	
356	692	
356	693	
356	694	
355	695	
355	696	
357	697	
356	698	
357	699	
358	700	
357	701	
358	702	
357	703	
358	704	
357	705	
358	706	
358	707	
358	708	
357	709	
358	710	
358	711	
359	712	
359	713	
359	714	
359	715	
359	716	
358	717	
360	718	
360	719	
361	719	
362	720	
358	721	
360	722	
360	723	
358	724	
359	725	
359	726	
359	727	
359	728	
359	729	
360	730	
360	731	
359	732	
359	733	
359	734	
360	734	
359	735	
360	735	
360	736	
359	737	
360	738	
360	739	
360	740	
360	741	
361	741	
360	742	
360	743	
360	744	
360	745	
360	746	
359	747	
361	748	
360	749	
359	750	
360	751	
360	752	
360	753	
360	754	
360	755	
360	756	
360	757	
360	758	
361	759	
359	760	
359	761	
360	762	
359	763	
359	764	
359	765	
360	766	
360	767	
360	768	
361	769	
361	770	
362	771	
362	772	
359	773	
359	774	
360	775	
360	776	
360	777	
361	778	
361	779	
361	780	
361	781	
363	782	
362	783	
362	784	
362	785	
361	786	
361	787	
361	788	
362	789	
362	790	
362	791	
362	792	
363	793	
362	794	
362	795	
363	796	
362	797	
362	798	
362	799	
362	800	
364	800	
365	801	
365	802	
365	803	
364	804	
364	805	
363	806	
364	807	
365	808	
365	809	
365	810	
365	811	
365	812	
365	813	
366	814	
367	815	
367	816	
367	817	
367	818	
369	819	
369	820	
369	821	
369	822	
369	823	
369	824	
370	825	
370	826	
371	827	
371	828	
370	829	
370	830	
370	831	
369	832	
370	833	
371	834	
370	835	
369	836	
369	837	
369	838	
370	839	
370	840	
370	841	
370	842	
371	843	
368	844	
371	845	
370	846	
370	847	
370	848	
370	849	
370	850	
370	851	
371	852	
371	853	
371	854	
371	855	
371	856	
371	857	
371	858	
370	859	
370	860	
370	861	
370	862	
371	863	
371	864	
370	865	
369	866	
370	866	
370	867	
371	868	
371	869	
371	870	
371	871	
371	872	
372	872	
371	873	
371	874	
371	875	
370	876	
371	876	
371	877	
371	878	
371	879	
370	880	
370	881	
370	882	
370	883	
370	884	
371	885	
371	886	
370	887	
370	888	
369	889	
369	890	
370	890	
370	891	
371	892	
372	893	
373	894	
372	895	
371	896	
371	897	
372	898	
372	899	
373	900	
371	901	
372	901	
371	902	
373	903	
373	904	
372	905	
371	906	
371	907	
371	908	
371	909	
372	910	
373	911	
373	912	
372	913	
372	914	
372	915	
373	915	
371	916	
372	916	
371	917	
371	918	
373	919	
373	920	
373	921	
362	1034	
357	1083	
356	1084	
357	1085	
357	1086	
357	1087	
357	1088	
356	1097	
356	1098	
354	1115	
354	1116	
356	1117	
