446	66	
446	67	
446	68	
379	308	
379	309	
380	309	
379	310	
380	311	
380	312	
380	313	
379	314	
380	315	
379	316	
379	317	
379	318	
379	319	
379	320	
379	321	
379	322	
379	323	
379	324	
379	325	
379	326	
379	327	
379	328	
379	329	
380	329	
380	330	
380	331	
380	332	
380	333	
380	334	
381	335	
380	336	
381	337	
381	338	
380	339	
380	340	
379	341	
380	342	
380	343	
380	344	
380	345	
380	346	
380	347	
380	348	
381	348	
380	349	
380	350	
380	351	
380	352	
380	353	
379	354	
380	355	
380	356	
380	357	
381	358	
380	359	
379	360	
380	361	
380	362	
380	363	
379	364	
379	365	
380	366	
380	367	
380	368	
380	369	
379	370	
379	371	
379	373	
379	374	
379	375	
379	376	
379	377	
379	378	
379	379	
379	380	
378	381	
379	382	
379	383	
377	405	
378	406	
378	407	
379	408	
378	409	
378	410	
379	411	
377	412	
377	413	
377	414	
377	415	
377	416	
377	417	
377	418	
377	419	
377	420	
377	421	
378	422	
378	423	
378	424	
378	425	
378	426	
377	427	
377	428	
377	429	
377	430	
377	431	
377	432	
376	433	
376	434	
375	435	
375	436	
375	437	
375	438	
375	439	
375	440	
375	441	
373	442	
373	443	
373	444	
373	445	
373	446	
373	447	
373	448	
371	449	
371	450	
371	451	
371	452	
371	453	
372	454	
371	455	
371	456	
372	457	
372	458	
371	459	
371	460	
371	461	
370	462	
371	462	
371	463	
371	464	
371	465	
371	466	
371	467	
370	468	
371	469	
371	470	
371	471	
372	472	
371	473	
371	474	
371	475	
371	476	
370	477	
371	477	
371	478	
370	479	
371	479	
370	480	
371	481	
372	482	
371	483	
370	484	
371	485	
371	486	
372	486	
371	487	
372	488	
372	489	
371	490	
371	491	
371	492	
371	493	
372	493	
372	494	
372	495	
371	496	
372	496	
371	497	
371	498	
372	498	
371	499	
371	500	
372	501	
371	502	
371	503	
372	504	
373	505	
371	506	
373	507	
371	508	
372	509	
373	510	
374	511	
372	512	
373	512	
373	513	
372	514	
373	515	
373	516	
373	517	
373	518	
373	519	
374	520	
373	521	
373	522	
373	523	
374	524	
373	525	
374	526	
374	527	
373	528	
374	528	
373	529	
374	530	
373	531	
373	532	
374	533	
373	534	
374	534	
373	535	
374	536	
373	537	
371	538	
372	538	
371	539	
369	540	
371	541	
370	542	
371	543	
370	544	
371	544	
370	545	
372	546	
369	547	
369	548	
370	549	
370	550	
369	551	
371	551	
371	552	
371	553	
370	554	
369	555	
369	556	
369	557	
370	558	
369	559	
369	560	
369	561	
369	562	
367	563	
369	564	
369	565	
369	566	
367	567	
367	568	
367	569	
368	569	
368	570	
368	571	
368	572	
367	573	
368	574	
368	575	
369	575	
368	576	
367	577	
367	578	
367	579	
366	580	
366	581	
366	582	
366	583	
366	584	
366	585	
366	586	
367	587	
367	588	
366	589	
365	590	
365	591	
363	592	
364	593	
364	594	
364	595	
364	596	
364	597	
365	598	
364	599	
363	600	
364	601	
363	602	
364	603	
364	604	
365	605	
361	606	
362	607	
364	608	
363	609	
361	610	
361	611	
362	612	
362	613	
362	614	
362	615	
363	616	
363	617	
363	618	
362	619	
362	620	
362	621	
362	622	
362	623	
362	624	
362	625	
362	626	
362	627	
362	628	
361	629	
361	630	
362	630	
361	631	
360	632	
360	633	
361	634	
360	635	
360	636	
360	637	
361	638	
361	639	
362	640	
361	641	
361	642	
361	643	
362	644	
361	645	
361	646	
361	647	
361	648	
359	649	
360	650	
360	651	
360	652	
360	653	
359	654	
360	655	
360	656	
360	657	
359	658	
360	658	
360	659	
360	660	
359	661	
359	662	
360	663	
360	664	
360	665	
360	666	
359	667	
360	668	
359	669	
360	669	
359	670	
359	671	
358	672	
358	673	
358	674	
358	675	
359	676	
358	677	
357	678	
358	679	
358	680	
358	681	
357	682	
357	683	
358	684	
357	685	
358	685	
358	686	
358	687	
358	688	
358	689	
359	690	
359	691	
360	692	
360	693	
360	694	
358	695	
358	696	
358	697	
358	698	
357	699	
359	700	
358	701	
359	701	
359	702	
358	703	
359	703	
357	704	
358	704	
357	705	
359	705	
358	706	
359	707	
359	708	
359	709	
359	710	
359	711	
360	712	
360	713	
360	714	
361	715	
361	716	
360	717	
360	718	
360	719	
359	720	
360	721	
360	722	
360	723	
361	723	
361	724	
361	725	
362	726	
360	727	
361	728	
359	729	
359	730	
360	730	
360	731	
361	732	
360	733	
360	734	
361	734	
361	735	
362	736	
360	737	
361	737	
360	738	
360	739	
361	739	
359	740	
360	740	
360	741	
360	742	
361	743	
361	744	
362	745	
361	746	
362	747	
361	748	
362	748	
362	749	
362	750	
362	751	
361	752	
361	753	
362	754	
361	755	
361	756	
361	757	
361	758	
361	759	
361	760	
361	761	
361	762	
361	763	
362	764	
361	765	
362	766	
362	767	
362	768	
362	769	
362	770	
362	771	
362	772	
362	773	
363	774	
363	775	
362	776	
362	777	
362	778	
362	779	
362	780	
362	781	
361	782	
362	783	
362	784	
363	785	
363	786	
363	787	
363	788	
363	789	
363	790	
364	791	
364	792	
364	793	
364	794	
364	795	
365	796	
364	797	
364	798	
364	799	
364	800	
365	800	
365	801	
366	802	
366	803	
366	804	
366	805	
366	806	
366	807	
366	808	
366	809	
367	810	
367	811	
367	812	
367	813	
367	814	
368	814	
368	815	
368	816	
368	817	
369	818	
367	819	
371	820	
370	821	
370	822	
370	823	
370	824	
370	825	
370	826	
370	827	
371	828	
371	829	
371	830	
369	831	
370	832	
371	833	
371	834	
371	835	
371	836	
370	837	
370	838	
370	839	
370	840	
370	841	
369	842	
370	843	
370	844	
370	845	
370	846	
371	847	
371	848	
371	849	
371	850	
371	851	
371	852	
370	853	
370	854	
370	855	
371	856	
371	857	
371	858	
372	858	
373	859	
373	860	
373	861	
373	862	
373	863	
371	864	
373	865	
373	866	
372	867	
372	868	
373	869	
373	870	
373	871	
373	872	
373	873	
373	874	
372	875	
371	876	
371	877	
371	878	
371	879	
371	880	
371	881	
372	882	
373	883	
373	884	
373	885	
372	886	
371	887	
370	888	
373	889	
373	890	
373	891	
373	892	
372	893	
372	894	
372	895	
372	896	
371	897	
372	898	
373	899	
373	900	
372	901	
372	902	
373	903	
373	904	
373	905	
374	906	
373	907	
373	908	
373	909	
373	910	
374	911	
375	912	
373	913	
373	914	
375	915	
375	916	
373	917	
373	918	
373	919	
373	920	
373	921	
374	989	
375	990	
375	991	
375	992	
373	993	
374	993	
373	994	
366	1025	
366	1026	
362	1053	
360	1065	
360	1066	
358	1080	
358	1081	
356	1091	
358	1094	
358	1095	
356	1096	
356	1097	
358	1099	
358	1100	
356	1106	
356	1107	
356	1108	
356	1117	
358	1119	
356	1121	
356	1122	
358	1123	
358	1124	
356	1129	
