450	85	
450	91	
450	92	
450	93	
450	94	
381	308	
381	309	
381	310	
382	311	
382	312	
381	313	
382	314	
382	315	
381	316	
380	317	
381	318	
381	319	
381	320	
381	321	
381	322	
381	323	
381	324	
381	325	
381	326	
381	327	
381	328	
382	329	
381	330	
381	331	
381	332	
382	333	
382	334	
381	335	
382	336	
381	337	
381	338	
381	339	
382	340	
381	341	
381	342	
382	343	
381	344	
381	345	
381	346	
382	347	
382	348	
381	349	
381	350	
382	350	
382	351	
381	352	
381	353	
381	354	
381	355	
381	356	
382	356	
381	357	
381	358	
381	359	
382	360	
381	361	
381	362	
381	363	
381	364	
381	365	
381	366	
381	367	
382	368	
381	369	
381	370	
381	371	
381	373	
381	374	
381	375	
381	376	
381	377	
381	378	
380	379	
380	380	
380	381	
380	382	
381	383	
381	384	
381	385	
380	386	
381	387	
379	403	
379	404	
379	405	
380	406	
380	407	
380	408	
380	409	
379	410	
380	411	
380	412	
379	413	
379	414	
379	415	
379	416	
380	416	
380	417	
379	418	
380	419	
379	420	
379	421	
379	422	
379	423	
379	424	
379	425	
379	426	
378	427	
377	428	
378	429	
378	430	
378	431	
377	432	
377	433	
377	434	
377	435	
377	436	
377	437	
375	438	
375	439	
375	440	
375	441	
375	442	
373	443	
373	444	
373	445	
373	446	
373	447	
373	448	
373	449	
371	450	
371	451	
371	452	
371	453	
371	454	
371	455	
372	456	
371	457	
372	458	
372	459	
373	460	
373	461	
373	462	
372	463	
372	464	
372	465	
373	466	
371	467	
371	468	
371	469	
371	470	
372	471	
371	472	
372	473	
373	474	
372	475	
373	475	
372	476	
372	477	
371	478	
371	479	
372	480	
373	481	
373	482	
372	483	
374	483	
372	484	
373	484	
374	484	
373	485	
373	486	
372	487	
372	488	
373	489	
373	490	
373	491	
374	491	
374	492	
373	493	
374	494	
373	495	
373	496	
373	497	
374	497	
373	498	
373	499	
374	500	
374	501	
373	502	
374	503	
374	504	
373	505	
374	506	
373	507	
373	508	
374	509	
374	510	
374	511	
374	512	
373	513	
374	513	
374	514	
373	515	
373	516	
374	517	
374	518	
373	519	
373	520	
375	520	
374	521	
375	522	
374	523	
374	524	
375	524	
375	525	
374	526	
375	527	
375	528	
375	529	
375	530	
374	531	
375	532	
375	533	
374	534	
375	535	
375	536	
374	537	
373	538	
373	539	
373	540	
373	541	
373	542	
373	543	
373	544	
373	545	
371	546	
371	547	
371	548	
371	549	
371	550	
371	551	
372	552	
371	553	
372	554	
372	555	
373	556	
372	557	
371	558	
371	559	
371	560	
371	561	
371	562	
371	563	
371	564	
370	565	
371	566	
370	567	
370	568	
370	569	
369	570	
369	571	
369	572	
370	572	
370	573	
368	574	
370	574	
371	574	
369	575	
368	576	
369	577	
370	578	
367	579	
369	580	
369	581	
370	581	
369	582	
368	583	
368	584	
367	585	
366	586	
366	587	
367	587	
367	588	
369	589	
368	590	
366	591	
367	591	
367	592	
366	593	
365	594	
366	595	
366	596	
365	597	
365	598	
366	598	
364	599	
366	600	
366	601	
366	602	
365	603	
364	604	
364	605	
364	606	
365	607	
364	608	
365	609	
364	610	
364	611	
363	612	
364	613	
363	614	
363	615	
363	616	
363	617	
363	618	
363	619	
363	620	
364	620	
363	621	
363	622	
363	623	
362	624	
362	625	
362	626	
362	627	
362	628	
363	629	
363	630	
362	631	
361	632	
361	633	
361	634	
361	635	
361	636	
361	637	
361	638	
362	639	
361	640	
362	641	
362	642	
362	643	
363	644	
363	645	
363	646	
361	647	
362	648	
362	649	
361	650	
361	651	
362	652	
361	653	
362	654	
362	655	
361	656	
361	657	
362	657	
361	658	
361	659	
361	660	
361	661	
361	662	
360	663	
361	663	
360	664	
360	665	
361	665	
361	666	
359	667	
361	668	
360	669	
359	670	
360	671	
360	672	
362	673	
360	674	
361	675	
360	676	
360	677	
360	678	
359	679	
359	680	
360	681	
360	682	
359	683	
359	684	
359	685	
360	686	
360	687	
358	688	
359	688	
359	689	
360	690	
360	691	
360	692	
359	693	
360	694	
360	695	
360	696	
361	697	
360	698	
360	699	
361	699	
361	700	
361	701	
361	702	
361	703	
360	704	
361	705	
361	706	
361	707	
362	708	
361	709	
362	710	
361	711	
361	712	
362	713	
361	714	
361	715	
362	716	
361	717	
361	718	
362	719	
362	720	
363	720	
362	721	
362	722	
362	723	
363	724	
362	725	
362	726	
361	727	
362	727	
363	727	
361	728	
362	729	
362	730	
361	731	
362	731	
362	732	
363	733	
362	734	
363	735	
362	736	
362	737	
362	738	
362	739	
362	740	
362	741	
362	742	
362	743	
362	744	
363	745	
362	746	
362	747	
362	748	
363	749	
362	750	
363	750	
362	751	
363	751	
362	752	
363	753	
362	754	
362	755	
362	756	
361	757	
362	757	
361	758	
363	758	
363	759	
362	760	
362	761	
362	762	
362	763	
362	764	
362	765	
363	766	
364	767	
364	768	
365	769	
365	770	
365	771	
364	772	
365	772	
364	773	
365	774	
365	775	
366	776	
365	777	
366	777	
365	778	
364	779	
364	780	
365	780	
364	781	
364	782	
364	783	
364	784	
365	784	
364	785	
365	785	
365	786	
365	787	
365	788	
365	789	
365	790	
365	791	
365	792	
366	792	
367	793	
366	794	
366	795	
366	796	
365	797	
366	797	
367	798	
367	799	
368	800	
368	801	
368	802	
368	803	
367	804	
367	805	
367	806	
367	807	
368	808	
367	809	
367	810	
367	811	
369	812	
369	813	
369	814	
370	815	
371	816	
369	817	
369	818	
371	819	
372	820	
371	821	
372	821	
372	822	
372	823	
372	824	
372	825	
372	826	
372	827	
373	828	
373	829	
373	830	
373	831	
373	832	
372	833	
372	834	
373	835	
373	836	
373	837	
373	838	
371	839	
371	840	
371	841	
372	842	
373	843	
373	844	
373	845	
373	846	
373	847	
373	848	
372	849	
373	850	
372	851	
372	852	
373	852	
373	853	
373	854	
373	855	
373	856	
373	857	
373	858	
373	859	
373	860	
374	861	
373	862	
374	862	
373	863	
374	863	
374	864	
374	865	
373	866	
373	867	
373	868	
373	869	
375	870	
375	871	
375	872	
375	873	
374	874	
373	875	
374	875	
373	876	
373	877	
373	878	
373	879	
374	880	
373	881	
374	881	
373	882	
373	883	
372	884	
373	885	
373	886	
373	887	
373	888	
373	889	
374	890	
374	891	
374	892	
373	893	
373	894	
373	895	
374	895	
373	896	
374	896	
374	897	
375	898	
375	899	
375	900	
375	901	
375	902	
375	903	
375	904	
374	905	
375	906	
376	907	
373	908	
374	909	
374	910	
374	911	
375	912	
375	913	
374	914	
375	915	
375	916	
375	917	
375	918	
375	919	
375	920	
375	992	
373	1007	
373	1008	
367	1036	
366	1037	
366	1038	
362	1060	
363	1061	
363	1062	
361	1079	
361	1080	
361	1084	
358	1090	
358	1091	
358	1092	
359	1093	
359	1094	
359	1095	
358	1098	
360	1099	
360	1100	
358	1103	
358	1104	
359	1115	
359	1121	
