454	95	
454	96	
454	97	
386	308	
387	309	
385	310	
385	311	
385	312	
385	313	
384	314	
384	315	
384	316	
384	317	
384	318	
384	319	
384	320	
384	321	
385	322	
385	323	
385	324	
385	325	
385	326	
384	327	
384	328	
384	329	
384	330	
385	331	
385	332	
386	333	
385	334	
386	335	
385	336	
386	337	
385	338	
385	339	
385	340	
386	341	
385	342	
385	343	
386	344	
386	345	
386	346	
385	347	
385	348	
385	349	
385	350	
385	351	
385	352	
385	353	
386	353	
386	354	
385	355	
385	356	
386	357	
386	358	
386	359	
385	360	
385	361	
385	362	
385	363	
385	364	
385	365	
386	366	
386	367	
386	368	
386	369	
385	370	
385	371	
385	372	
385	373	
385	374	
385	375	
385	376	
385	381	
385	382	
383	383	
383	384	
385	385	
385	386	
385	387	
385	388	
384	389	
383	390	
383	391	
383	392	
384	392	
385	393	
383	403	
383	404	
384	404	
383	405	
384	406	
384	407	
384	408	
383	409	
384	409	
383	410	
383	411	
384	412	
384	413	
384	414	
384	415	
384	416	
383	417	
383	418	
383	419	
383	420	
383	421	
383	422	
383	423	
383	424	
383	425	
383	426	
383	427	
383	428	
383	429	
377	433	
377	434	
379	435	
379	436	
379	437	
377	438	
377	439	
377	440	
378	441	
378	442	
378	443	
377	444	
377	445	
377	446	
377	447	
377	448	
377	449	
377	450	
377	451	
377	452	
376	453	
375	454	
375	455	
375	456	
376	457	
376	458	
375	459	
375	460	
375	461	
376	462	
376	463	
377	464	
375	465	
375	466	
375	467	
376	468	
376	469	
376	470	
376	471	
376	472	
376	473	
376	474	
377	475	
376	476	
377	477	
377	478	
376	479	
376	480	
375	481	
378	482	
377	483	
377	484	
376	485	
377	485	
376	486	
376	487	
377	487	
377	488	
377	489	
377	490	
378	491	
378	492	
377	493	
377	494	
377	495	
377	496	
377	497	
377	498	
377	499	
378	500	
377	501	
377	502	
378	503	
377	504	
378	505	
377	506	
377	507	
377	508	
377	509	
376	510	
378	511	
380	512	
379	513	
379	514	
377	515	
379	516	
378	517	
377	518	
379	519	
378	520	
379	521	
378	522	
379	523	
379	524	
379	525	
379	526	
381	527	
381	528	
380	529	
379	530	
380	531	
379	532	
379	533	
379	534	
377	535	
377	536	
378	537	
378	538	
377	539	
378	539	
377	540	
377	541	
377	542	
375	543	
375	544	
375	545	
375	546	
376	546	
375	547	
374	548	
375	549	
375	550	
376	550	
376	551	
375	552	
375	553	
374	554	
375	555	
375	556	
375	557	
375	558	
375	559	
375	560	
375	561	
375	562	
374	563	
374	564	
374	565	
374	566	
374	567	
373	568	
374	569	
374	570	
373	571	
373	572	
373	573	
373	574	
372	575	
373	576	
373	577	
373	578	
374	578	
373	579	
373	580	
372	581	
372	582	
371	583	
371	584	
372	585	
371	586	
371	587	
371	588	
371	589	
372	590	
371	591	
371	592	
370	593	
370	594	
370	595	
370	596	
369	597	
369	598	
370	599	
369	600	
370	600	
370	601	
369	602	
369	603	
370	604	
369	605	
369	606	
368	607	
368	608	
369	608	
369	609	
367	610	
368	610	
368	611	
368	612	
367	613	
368	614	
367	615	
367	616	
367	617	
367	618	
367	619	
367	620	
367	621	
365	622	
365	623	
366	624	
365	625	
366	626	
366	627	
365	628	
365	629	
365	630	
365	631	
365	632	
366	633	
365	634	
366	635	
366	636	
365	637	
366	638	
366	639	
365	640	
365	641	
366	642	
365	643	
366	644	
364	645	
363	646	
366	646	
365	647	
365	648	
366	648	
365	649	
365	650	
364	651	
365	651	
365	652	
365	653	
365	654	
365	655	
365	656	
365	657	
366	657	
366	658	
365	659	
367	659	
366	660	
367	661	
365	662	
366	662	
366	663	
365	664	
366	665	
366	666	
365	667	
366	667	
366	668	
364	669	
365	670	
365	671	
365	672	
364	673	
364	674	
363	675	
364	675	
363	676	
363	677	
364	677	
364	678	
364	679	
363	680	
365	680	
365	681	
365	682	
364	683	
364	684	
365	685	
365	686	
366	687	
366	688	
364	689	
363	690	
364	691	
364	692	
364	693	
364	694	
363	695	
365	696	
364	697	
363	698	
363	699	
364	699	
365	699	
364	700	
364	701	
364	702	
365	703	
364	704	
365	705	
364	706	
365	706	
366	706	
365	707	
364	708	
364	709	
365	710	
365	711	
365	712	
364	713	
365	713	
366	714	
366	715	
366	716	
366	717	
366	718	
366	719	
368	720	
366	721	
367	722	
367	723	
367	724	
366	725	
367	726	
366	727	
366	728	
366	729	
367	730	
365	731	
367	731	
365	732	
366	733	
366	734	
366	735	
366	736	
367	737	
366	738	
367	739	
367	740	
366	741	
366	742	
367	743	
366	744	
366	745	
366	746	
367	746	
367	747	
367	748	
367	749	
366	750	
366	751	
367	752	
367	753	
368	754	
367	755	
368	755	
367	756	
367	757	
368	757	
368	758	
367	759	
368	759	
367	760	
367	761	
368	761	
367	762	
367	763	
368	764	
367	765	
368	766	
368	767	
367	768	
367	769	
367	770	
367	771	
368	772	
368	773	
369	774	
368	775	
368	776	
369	776	
369	777	
369	778	
368	779	
370	780	
369	781	
370	781	
369	782	
369	783	
369	784	
369	785	
370	786	
369	787	
370	787	
369	788	
370	789	
370	790	
370	791	
370	792	
370	793	
370	794	
370	795	
371	796	
371	797	
370	798	
370	799	
371	799	
372	800	
370	801	
370	802	
369	803	
369	804	
373	805	
372	806	
371	807	
371	808	
372	809	
373	810	
374	811	
372	812	
372	813	
372	814	
373	815	
374	816	
375	817	
374	818	
375	819	
377	820	
377	821	
377	822	
376	823	
377	824	
377	825	
376	826	
376	827	
376	828	
376	829	
376	830	
376	831	
376	832	
375	833	
375	834	
376	835	
376	836	
376	837	
376	838	
376	839	
375	840	
376	840	
376	841	
376	842	
375	843	
375	844	
375	845	
376	845	
377	846	
377	847	
375	848	
375	849	
375	850	
376	851	
376	852	
376	853	
376	854	
377	855	
377	856	
377	857	
377	858	
376	859	
375	860	
377	861	
377	862	
377	863	
377	864	
377	865	
378	866	
377	867	
377	868	
377	869	
377	870	
379	871	
376	872	
376	873	
377	874	
377	875	
377	876	
377	877	
378	878	
377	879	
377	880	
376	881	
375	882	
376	882	
376	883	
376	884	
377	885	
377	886	
378	886	
378	887	
378	888	
378	889	
378	890	
379	891	
379	892	
379	893	
379	894	
379	895	
379	896	
379	897	
379	898	
378	899	
379	900	
379	901	
379	902	
377	903	
377	904	
378	905	
379	906	
377	907	
377	908	
378	909	
380	910	
379	911	
379	912	
378	913	
377	914	
378	915	
378	916	
378	917	
378	918	
378	919	
379	920	
372	1026	
371	1039	
370	1040	
369	1041	
369	1042	
369	1049	
369	1050	
364	1080	
362	1081	
362	1082	
365	1086	
365	1087	
362	1089	
362	1090	
