260	47	
193	514	
193	515	
191	516	
189	517	
189	518	
189	519	
190	520	
191	520	
191	521	
191	522	
191	523	
191	524	
191	525	
191	526	
190	527	
190	528	
189	529	
188	530	
188	531	
188	532	
188	533	
188	534	
188	535	
189	536	
189	537	
189	538	
187	539	
187	540	
188	540	
187	541	
188	541	
187	542	
187	543	
187	544	
189	545	
187	546	
187	547	
187	548	
185	549	
187	550	
186	551	
186	552	
186	553	
186	554	
186	555	
186	556	
186	557	
186	558	
184	559	
183	560	
185	561	
186	562	
185	563	
183	564	
185	565	
185	566	
185	567	
183	568	
182	569	
182	570	
182	571	
184	572	
183	573	
183	574	
183	575	
182	576	
184	577	
184	578	
184	579	
182	580	
185	581	
184	582	
185	583	
185	584	
185	585	
185	586	
185	587	
187	589	
187	590	
187	591	
187	598	
187	599	
183	600	
184	601	
185	602	
185	603	
186	603	
185	604	
185	605	
185	606	
183	607	
185	608	
185	609	
181	622	
179	623	
179	624	
180	625	
183	626	
179	628	
181	629	
181	631	
181	632	
181	633	
180	634	
180	635	
181	637	
181	638	
180	639	
179	640	
180	641	
181	642	
181	643	
181	644	
183	645	
183	646	
183	647	
183	648	
183	649	
183	650	
183	651	
182	652	
182	653	
182	654	
182	655	
182	656	
183	657	
183	658	
183	659	
182	660	
182	661	
182	662	
182	663	
182	664	
182	665	
184	666	
183	667	
183	668	
183	669	
184	670	
185	671	
185	672	
183	673	
184	674	
184	675	
184	676	
184	677	
184	678	
184	679	
187	680	
187	681	
187	682	
187	683	
187	684	
186	685	
187	685	
186	686	
186	687	
187	687	
187	688	
188	689	
187	690	
187	691	
188	691	
188	692	
188	693	
188	694	
188	695	
189	696	
188	697	
188	698	
189	699	
189	700	
189	701	
189	702	
188	703	
188	704	
189	705	
190	706	
190	707	
189	708	
190	709	
189	710	
189	711	
193	713	
193	714	
