456	86	
456	87	
388	309	
387	310	
387	311	
387	312	
387	313	
387	314	
387	315	
387	316	
387	317	
387	318	
386	319	
386	320	
387	321	
387	322	
387	323	
387	324	
388	325	
386	326	
385	327	
386	327	
385	328	
387	329	
387	330	
387	331	
386	332	
387	333	
387	334	
387	335	
387	336	
388	336	
387	337	
387	338	
387	339	
387	340	
387	341	
387	342	
388	343	
388	344	
387	345	
387	346	
387	347	
387	348	
388	349	
388	350	
387	351	
388	352	
388	353	
388	354	
388	355	
388	356	
388	357	
388	358	
388	359	
388	360	
388	361	
388	362	
388	363	
387	364	
387	365	
387	366	
387	367	
388	368	
387	369	
387	370	
387	371	
387	372	
387	373	
387	374	
387	375	
387	376	
387	377	
387	378	
387	379	
387	382	
387	383	
387	384	
387	385	
387	386	
387	397	
387	398	
387	399	
387	400	
386	401	
387	402	
387	403	
387	404	
386	405	
385	406	
386	407	
386	408	
385	409	
386	410	
385	411	
385	412	
385	413	
386	414	
385	415	
385	416	
386	417	
385	418	
385	419	
385	420	
385	421	
385	422	
385	423	
385	424	
385	425	
384	426	
385	427	
385	428	
385	429	
381	432	
381	433	
381	434	
381	435	
379	436	
379	437	
379	438	
379	439	
379	440	
379	441	
379	442	
379	443	
379	444	
379	445	
379	446	
379	447	
379	448	
378	449	
377	450	
377	451	
377	452	
378	453	
378	454	
377	455	
377	456	
377	457	
377	458	
377	459	
378	459	
378	460	
377	461	
377	462	
377	463	
377	464	
377	465	
377	466	
376	467	
377	468	
377	469	
378	470	
377	471	
377	472	
377	473	
378	473	
378	474	
378	475	
377	476	
378	476	
378	477	
378	478	
378	479	
377	480	
378	481	
377	482	
378	483	
379	484	
379	485	
378	486	
378	487	
379	488	
379	489	
379	490	
378	491	
379	492	
378	493	
378	494	
379	494	
379	495	
378	496	
379	496	
379	497	
377	498	
378	499	
378	500	
379	501	
379	502	
379	503	
379	504	
379	505	
379	506	
380	507	
380	508	
381	509	
381	510	
380	511	
381	512	
381	513	
379	514	
380	514	
381	514	
380	515	
379	516	
381	516	
380	517	
381	518	
381	519	
382	520	
381	521	
381	522	
382	523	
381	524	
381	525	
381	526	
382	527	
381	528	
381	529	
382	529	
382	530	
381	531	
382	532	
381	533	
381	534	
381	535	
381	536	
381	537	
380	538	
380	539	
380	540	
380	541	
379	542	
378	543	
377	544	
377	545	
377	546	
377	547	
377	548	
377	549	
376	550	
377	550	
377	551	
376	552	
377	553	
377	554	
377	555	
377	556	
377	557	
378	558	
377	559	
377	560	
377	561	
377	562	
377	563	
378	564	
378	565	
377	566	
375	567	
376	568	
375	569	
375	570	
375	571	
375	572	
375	573	
376	574	
375	575	
374	576	
376	577	
375	578	
375	579	
374	580	
375	581	
374	582	
375	583	
373	584	
373	585	
373	586	
374	587	
373	588	
373	589	
373	590	
373	591	
373	592	
373	593	
374	594	
373	595	
374	596	
371	597	
372	597	
371	598	
372	599	
372	600	
373	601	
373	602	
370	603	
371	604	
371	605	
371	606	
371	607	
371	608	
369	609	
369	610	
369	611	
369	612	
369	613	
369	614	
369	615	
371	615	
370	616	
369	617	
369	618	
369	619	
367	620	
368	621	
367	622	
367	623	
367	624	
368	624	
367	625	
368	626	
368	627	
367	628	
368	629	
369	629	
368	630	
369	631	
367	632	
369	632	
368	633	
369	633	
368	634	
369	635	
369	636	
369	637	
369	638	
369	639	
369	640	
367	641	
368	642	
367	643	
369	644	
369	645	
369	646	
369	647	
368	648	
367	649	
368	649	
367	650	
367	651	
367	652	
367	653	
368	654	
369	655	
369	656	
369	657	
369	658	
367	659	
368	660	
368	661	
368	662	
367	663	
368	664	
368	665	
367	666	
368	667	
368	668	
367	669	
367	670	
368	671	
367	672	
366	673	
366	674	
366	675	
367	675	
366	676	
366	677	
366	678	
367	679	
367	680	
366	681	
367	682	
365	683	
367	683	
365	684	
367	685	
366	686	
366	687	
367	688	
366	689	
367	690	
366	691	
367	691	
366	692	
365	693	
367	693	
367	694	
367	695	
367	696	
367	697	
366	698	
367	699	
366	700	
366	701	
366	702	
367	703	
366	704	
367	705	
367	706	
368	707	
366	708	
369	709	
368	710	
369	711	
369	712	
369	713	
369	714	
369	715	
369	716	
369	717	
369	718	
369	719	
368	720	
368	721	
368	722	
369	723	
369	724	
369	725	
368	726	
369	727	
369	728	
368	729	
369	729	
368	730	
368	731	
368	732	
368	733	
368	734	
368	735	
368	736	
368	737	
369	737	
368	738	
369	738	
368	739	
369	739	
368	740	
369	740	
369	741	
369	742	
369	743	
369	744	
369	745	
369	746	
369	747	
370	748	
368	749	
369	749	
370	749	
369	750	
370	751	
369	752	
369	753	
370	754	
370	755	
370	756	
370	757	
371	757	
370	758	
371	758	
371	759	
371	760	
369	761	
369	762	
369	763	
369	764	
369	765	
369	766	
371	767	
371	768	
371	769	
371	770	
371	771	
371	772	
371	773	
370	774	
370	775	
370	776	
370	777	
371	778	
371	779	
371	780	
371	781	
370	782	
370	783	
370	784	
370	785	
371	786	
371	787	
371	788	
371	789	
371	790	
372	791	
373	792	
372	793	
371	794	
371	795	
372	795	
372	796	
372	797	
372	798	
373	799	
373	800	
373	801	
373	802	
374	803	
375	804	
375	805	
375	806	
374	807	
374	808	
374	809	
376	810	
374	811	
375	812	
375	813	
376	814	
377	815	
377	816	
378	817	
378	818	
378	819	
379	819	
379	820	
378	821	
378	822	
378	823	
378	824	
378	825	
378	826	
377	827	
378	828	
378	829	
378	830	
378	831	
378	832	
378	833	
379	834	
378	835	
377	836	
378	837	
378	838	
377	839	
378	840	
377	841	
377	842	
378	843	
379	844	
379	845	
379	846	
377	847	
378	847	
377	848	
377	849	
378	850	
378	851	
378	852	
378	853	
378	854	
378	855	
379	855	
379	856	
379	857	
379	858	
379	859	
380	860	
379	861	
378	862	
378	863	
380	864	
380	865	
381	866	
381	867	
381	868	
380	869	
380	870	
380	871	
381	872	
381	873	
380	874	
379	875	
378	876	
378	877	
378	878	
379	879	
379	880	
379	881	
379	882	
380	883	
380	884	
378	885	
378	886	
379	887	
381	888	
379	889	
379	890	
379	891	
381	892	
380	893	
380	894	
380	895	
381	896	
380	897	
379	898	
380	898	
380	899	
380	900	
381	901	
381	902	
381	903	
381	904	
381	905	
381	906	
381	907	
381	908	
381	909	
381	910	
380	911	
380	912	
380	913	
381	914	
381	915	
381	916	
381	917	
380	918	
380	919	
378	1013	
378	1014	
372	1036	
370	1044	
369	1065	
369	1066	
366	1103	
366	1104	
364	1105	
