393	313	
391	314	
391	315	
391	316	
392	317	
391	318	
391	319	
391	320	
391	321	
391	322	
391	323	
391	324	
391	325	
392	326	
392	327	
391	328	
391	329	
391	330	
391	331	
391	332	
391	333	
391	334	
392	335	
391	336	
391	337	
391	338	
391	339	
392	340	
392	341	
392	342	
392	343	
392	344	
393	345	
393	346	
393	347	
392	348	
392	349	
392	350	
392	351	
393	352	
393	353	
393	354	
393	355	
393	356	
393	357	
393	358	
393	359	
393	360	
393	361	
393	362	
393	363	
393	364	
392	365	
391	366	
392	367	
392	368	
392	369	
392	370	
392	371	
392	372	
392	373	
391	374	
391	375	
391	376	
391	377	
391	378	
391	379	
391	380	
391	381	
391	382	
391	383	
391	384	
391	385	
391	386	
391	387	
391	388	
391	389	
391	390	
392	390	
391	391	
391	392	
391	393	
392	394	
392	395	
391	396	
390	397	
390	398	
390	399	
391	399	
391	400	
390	401	
390	402	
390	403	
390	404	
390	405	
390	406	
390	407	
389	408	
390	408	
391	409	
391	410	
391	411	
391	412	
391	413	
391	414	
391	415	
391	416	
391	417	
390	418	
389	419	
389	420	
389	421	
390	421	
389	422	
390	423	
391	424	
390	425	
389	426	
385	431	
385	432	
385	433	
383	434	
383	435	
383	436	
381	437	
382	438	
382	439	
382	440	
383	441	
383	442	
382	443	
381	444	
382	444	
381	445	
381	446	
382	447	
382	448	
382	449	
381	450	
382	451	
380	452	
380	453	
381	454	
382	455	
381	456	
381	457	
381	458	
381	459	
381	460	
381	461	
381	462	
381	463	
382	464	
381	465	
381	466	
381	467	
382	468	
382	469	
382	470	
382	471	
382	472	
382	473	
381	474	
381	475	
381	476	
381	477	
381	478	
382	479	
382	480	
383	480	
383	481	
383	482	
383	483	
381	484	
382	484	
381	485	
381	486	
382	487	
381	488	
382	488	
382	489	
382	490	
382	491	
381	492	
383	492	
382	493	
382	494	
381	495	
381	496	
381	497	
382	498	
382	499	
383	499	
383	500	
383	501	
382	502	
383	503	
383	504	
383	505	
383	506	
384	507	
384	508	
384	509	
385	510	
385	511	
385	512	
385	513	
385	514	
384	515	
385	516	
385	517	
385	518	
385	519	
385	520	
386	521	
386	522	
385	523	
387	524	
386	525	
386	526	
385	527	
387	527	
387	528	
385	529	
385	530	
386	531	
386	532	
386	533	
387	534	
384	535	
385	536	
385	537	
385	538	
385	539	
384	540	
383	541	
383	542	
382	543	
381	544	
381	545	
381	546	
381	547	
381	548	
381	549	
381	550	
381	551	
379	552	
380	553	
379	554	
381	555	
379	556	
379	557	
381	558	
379	559	
381	560	
381	561	
380	562	
380	563	
381	564	
381	565	
380	566	
380	567	
381	567	
379	568	
380	569	
379	570	
380	571	
380	572	
380	573	
380	574	
380	575	
380	576	
379	577	
378	578	
379	579	
379	580	
378	581	
377	582	
378	583	
378	584	
377	585	
378	586	
378	587	
377	588	
378	589	
376	590	
377	591	
377	592	
378	593	
377	594	
375	595	
377	595	
375	596	
375	597	
376	598	
375	599	
375	600	
375	601	
375	602	
375	603	
375	604	
374	605	
373	606	
373	607	
375	608	
375	609	
375	610	
374	611	
375	612	
374	613	
374	614	
373	615	
373	616	
374	617	
373	618	
373	619	
374	620	
373	621	
373	622	
374	622	
372	623	
373	623	
373	624	
373	625	
371	626	
372	627	
373	628	
373	629	
372	630	
372	631	
371	632	
371	633	
372	633	
371	634	
371	635	
371	636	
371	637	
371	638	
372	638	
372	639	
372	640	
372	641	
372	642	
371	643	
372	644	
371	645	
372	646	
371	647	
372	648	
372	649	
373	650	
372	651	
372	652	
372	653	
371	654	
370	655	
371	655	
371	656	
370	657	
372	657	
372	658	
371	659	
373	660	
373	661	
373	662	
373	663	
374	664	
372	665	
371	666	
372	667	
371	668	
371	669	
372	670	
372	671	
372	672	
373	672	
371	673	
372	674	
372	675	
370	676	
370	677	
369	678	
370	679	
369	680	
369	681	
370	682	
370	683	
371	683	
370	684	
371	685	
370	686	
371	687	
370	688	
369	689	
370	690	
370	691	
370	692	
370	693	
369	694	
370	695	
369	696	
371	697	
371	698	
369	699	
371	700	
371	701	
372	702	
371	703	
370	704	
370	705	
370	706	
370	707	
372	707	
372	708	
370	709	
372	709	
371	710	
372	711	
372	712	
373	713	
372	714	
371	715	
372	715	
373	715	
373	716	
372	717	
371	718	
372	719	
372	720	
373	721	
374	722	
374	723	
373	724	
373	725	
373	726	
374	727	
374	728	
373	729	
373	730	
373	731	
373	732	
374	732	
373	733	
373	734	
374	735	
373	736	
373	737	
374	738	
373	739	
373	740	
373	741	
374	742	
374	743	
374	744	
374	745	
374	746	
374	747	
374	748	
374	749	
374	750	
374	751	
374	752	
374	753	
374	754	
374	755	
375	755	
374	756	
373	757	
375	758	
375	759	
375	760	
374	761	
374	762	
374	763	
375	764	
376	765	
376	766	
376	767	
375	768	
375	769	
375	770	
373	771	
374	771	
373	772	
374	773	
375	774	
374	775	
374	776	
375	777	
376	777	
376	778	
377	779	
376	780	
377	780	
377	781	
376	782	
377	782	
377	783	
376	784	
376	785	
375	786	
377	786	
377	787	
376	788	
377	789	
377	790	
377	791	
376	792	
377	792	
377	793	
377	794	
377	795	
376	796	
376	797	
376	798	
377	799	
377	800	
378	801	
380	802	
379	803	
377	804	
377	805	
377	806	
379	807	
380	807	
379	808	
379	809	
379	810	
380	811	
381	812	
381	813	
381	814	
381	815	
381	816	
381	817	
383	818	
383	819	
382	820	
382	821	
382	822	
383	823	
382	824	
382	825	
382	826	
383	827	
382	828	
382	829	
382	830	
382	831	
382	832	
382	833	
382	834	
382	835	
382	836	
382	837	
383	837	
382	838	
382	839	
383	840	
381	841	
381	842	
382	843	
382	844	
383	845	
382	846	
381	847	
381	848	
381	849	
382	850	
382	851	
382	852	
382	853	
382	854	
382	855	
384	855	
384	856	
382	857	
382	858	
382	859	
382	860	
382	861	
383	862	
383	863	
383	864	
383	865	
383	866	
384	867	
384	868	
384	869	
384	870	
383	871	
383	872	
383	873	
384	874	
384	875	
383	876	
383	877	
382	878	
382	879	
382	880	
384	881	
383	882	
383	883	
384	884	
385	885	
385	886	
384	887	
384	888	
384	889	
384	890	
385	891	
385	892	
384	893	
383	894	
383	895	
385	896	
385	897	
385	898	
385	899	
385	900	
385	901	
385	902	
384	903	
384	904	
384	905	
384	906	
384	907	
384	908	
385	909	
385	910	
384	911	
385	912	
385	913	
385	914	
385	915	
384	916	
385	917	
385	918	
386	919	
385	920	
386	921	
385	1012	
379	1040	
376	1043	
376	1044	
370	1091	
370	1092	
370	1115	
370	1116	
370	1117	
371	1129	
372	1130	
372	1131	
