393	314	
393	315	
393	316	
393	317	
392	318	
391	319	
392	320	
393	321	
393	322	
393	323	
393	324	
393	325	
392	326	
391	327	
393	328	
393	329	
393	330	
393	331	
393	332	
392	333	
392	334	
393	334	
393	335	
393	336	
393	337	
393	338	
393	339	
393	340	
393	341	
393	342	
393	343	
393	344	
393	345	
393	346	
393	347	
395	348	
395	349	
395	350	
394	351	
395	351	
394	352	
394	353	
394	354	
395	355	
395	356	
395	357	
395	358	
395	359	
395	360	
394	361	
395	362	
394	363	
395	364	
395	365	
395	366	
394	367	
394	368	
393	369	
393	370	
393	371	
393	372	
393	373	
393	374	
393	375	
393	376	
393	377	
393	378	
393	379	
394	380	
394	381	
393	382	
393	383	
393	384	
393	385	
393	386	
393	387	
393	388	
393	389	
393	390	
394	391	
394	392	
394	393	
394	394	
393	395	
393	396	
393	397	
392	398	
393	398	
392	399	
393	399	
392	400	
393	400	
392	401	
393	402	
393	403	
392	404	
393	405	
393	406	
392	407	
392	408	
392	409	
392	410	
393	411	
393	412	
392	413	
392	414	
391	415	
392	416	
393	417	
393	418	
393	419	
393	420	
393	421	
391	422	
392	422	
391	423	
391	424	
391	425	
387	428	
387	429	
387	430	
386	431	
386	432	
386	433	
386	434	
385	435	
385	436	
385	437	
384	438	
384	439	
383	440	
383	441	
384	442	
384	443	
385	444	
383	445	
383	446	
383	447	
383	448	
382	449	
382	450	
382	451	
383	452	
383	453	
383	454	
381	455	
383	456	
383	457	
383	458	
383	459	
382	460	
382	461	
383	461	
383	462	
382	463	
382	464	
383	465	
383	466	
383	467	
383	468	
383	469	
383	470	
383	471	
383	472	
383	473	
383	474	
384	475	
383	476	
384	476	
383	477	
384	477	
383	478	
384	478	
383	479	
384	480	
384	481	
385	482	
384	483	
384	484	
383	485	
383	486	
383	487	
383	488	
383	489	
383	490	
384	491	
383	492	
384	493	
383	494	
384	495	
384	496	
383	497	
384	498	
384	499	
385	500	
385	501	
384	502	
385	502	
385	503	
385	504	
385	505	
385	506	
385	507	
385	508	
385	509	
385	510	
386	511	
385	512	
386	513	
386	514	
387	515	
386	516	
388	517	
387	518	
386	519	
387	519	
386	520	
386	521	
387	522	
387	523	
387	524	
388	525	
387	526	
389	527	
388	528	
388	529	
387	530	
387	531	
387	532	
387	533	
387	534	
388	535	
385	536	
385	537	
385	538	
386	538	
385	539	
383	540	
385	541	
385	542	
385	543	
385	544	
385	545	
382	546	
381	547	
383	548	
382	549	
381	550	
381	551	
382	552	
382	553	
382	554	
381	555	
383	556	
381	557	
381	558	
382	559	
382	560	
381	561	
382	562	
382	563	
381	564	
382	565	
381	566	
381	567	
383	568	
381	569	
382	570	
382	571	
381	572	
381	573	
382	574	
382	575	
381	576	
382	576	
381	577	
380	578	
381	579	
380	580	
379	581	
380	581	
379	582	
381	583	
381	584	
380	585	
379	586	
379	587	
379	588	
378	589	
379	590	
378	591	
378	592	
377	593	
377	594	
379	595	
379	596	
378	597	
378	598	
377	599	
377	600	
376	601	
377	601	
375	602	
376	603	
378	604	
377	605	
376	606	
377	607	
376	608	
376	609	
375	610	
375	611	
376	612	
375	613	
376	614	
375	615	
375	616	
375	617	
375	618	
375	619	
375	620	
375	621	
374	622	
374	623	
374	624	
374	625	
374	626	
375	627	
374	628	
374	629	
374	630	
374	631	
373	632	
373	633	
374	634	
373	635	
374	636	
374	637	
373	638	
374	639	
373	640	
373	641	
374	642	
373	643	
373	644	
373	645	
373	646	
373	647	
372	648	
374	648	
373	649	
371	650	
372	651	
373	651	
373	652	
372	653	
375	654	
373	655	
374	656	
374	657	
375	658	
374	659	
373	660	
373	661	
374	662	
373	663	
374	664	
372	665	
372	666	
374	667	
373	668	
374	669	
374	670	
374	671	
374	672	
374	673	
374	674	
374	675	
373	676	
373	677	
373	678	
373	679	
371	680	
372	680	
371	681	
372	682	
371	683	
372	684	
373	684	
373	685	
371	686	
372	687	
372	688	
372	689	
371	690	
372	691	
372	692	
371	693	
372	693	
372	694	
372	695	
372	696	
371	697	
371	698	
372	699	
373	700	
373	701	
373	702	
373	703	
373	704	
373	705	
374	706	
373	707	
373	708	
373	709	
373	710	
374	710	
374	711	
372	712	
374	713	
374	714	
374	715	
374	716	
374	717	
374	718	
374	719	
373	720	
374	721	
374	722	
375	723	
374	724	
374	725	
373	726	
374	726	
373	727	
373	728	
374	729	
375	730	
374	731	
374	732	
374	733	
375	734	
375	735	
374	736	
374	737	
375	737	
375	738	
375	739	
375	740	
375	741	
375	742	
376	743	
376	744	
376	745	
375	746	
375	747	
376	748	
375	749	
376	749	
375	750	
376	750	
375	751	
375	752	
376	753	
376	754	
376	755	
376	756	
376	757	
375	758	
376	758	
375	759	
376	760	
377	761	
377	762	
375	763	
377	763	
377	764	
376	765	
377	766	
375	767	
376	768	
376	769	
377	770	
377	771	
377	772	
377	773	
377	774	
377	775	
377	776	
377	777	
377	778	
377	779	
378	779	
377	780	
377	781	
378	782	
378	783	
377	784	
377	785	
378	785	
377	786	
378	787	
378	788	
378	789	
377	790	
377	791	
378	791	
378	792	
379	793	
379	794	
379	795	
378	796	
379	796	
378	797	
378	798	
378	799	
379	800	
380	801	
380	802	
380	803	
379	804	
379	805	
380	806	
380	807	
381	808	
382	809	
382	810	
382	811	
382	812	
382	813	
382	814	
382	815	
383	816	
384	817	
384	818	
383	819	
383	820	
383	821	
384	821	
383	822	
383	823	
383	824	
383	825	
384	826	
384	827	
384	828	
384	829	
385	830	
385	831	
384	832	
384	833	
385	834	
385	835	
384	836	
384	837	
384	838	
384	839	
385	840	
383	841	
386	841	
384	842	
385	843	
385	844	
385	845	
384	846	
385	846	
383	847	
384	848	
384	849	
384	850	
384	851	
383	852	
383	853	
385	854	
385	855	
384	856	
384	857	
383	858	
383	859	
385	860	
384	861	
385	861	
385	862	
385	863	
385	864	
385	865	
385	866	
384	867	
384	868	
384	869	
385	869	
385	870	
385	871	
384	872	
385	872	
384	873	
385	874	
384	875	
384	876	
384	877	
384	878	
384	879	
384	880	
385	881	
386	882	
385	883	
385	884	
386	885	
386	886	
385	887	
385	888	
385	889	
385	890	
385	891	
386	892	
385	893	
385	894	
384	895	
386	896	
387	897	
387	898	
387	899	
387	900	
387	901	
387	902	
387	903	
387	904	
386	905	
387	905	
387	906	
387	907	
387	908	
387	909	
387	910	
387	911	
386	912	
387	912	
386	913	
386	914	
386	915	
386	916	
386	917	
386	918	
385	919	
386	920	
387	921	
387	922	
375	1073	
375	1074	
372	1097	
372	1098	
372	1099	
372	1103	
372	1104	
374	1109	
