464	75	
464	95	
464	96	
397	315	
395	316	
395	317	
395	318	
395	319	
394	320	
395	321	
395	322	
395	323	
394	324	
394	325	
394	326	
395	327	
395	328	
395	329	
395	330	
395	331	
396	332	
396	333	
395	334	
396	334	
395	335	
395	336	
395	337	
395	338	
395	339	
394	340	
394	341	
395	342	
395	343	
396	343	
395	344	
395	345	
395	346	
395	347	
396	347	
395	348	
396	348	
396	349	
396	350	
396	351	
396	352	
396	353	
396	354	
396	355	
395	356	
396	357	
396	358	
397	359	
397	360	
397	361	
397	362	
396	363	
396	364	
396	365	
396	366	
396	367	
396	368	
396	369	
396	370	
395	371	
395	372	
395	373	
395	374	
395	375	
395	376	
395	377	
396	378	
395	379	
395	380	
396	381	
396	382	
396	383	
396	384	
396	385	
396	386	
395	387	
396	388	
396	389	
396	390	
396	391	
395	392	
395	393	
394	394	
394	395	
394	396	
395	396	
395	397	
395	398	
395	399	
394	400	
395	401	
394	402	
394	403	
394	404	
395	405	
394	406	
394	407	
394	408	
395	409	
394	410	
394	411	
394	412	
394	413	
394	414	
395	415	
396	415	
395	416	
395	417	
395	418	
395	419	
395	420	
395	421	
395	422	
395	423	
389	427	
389	428	
387	429	
387	430	
387	431	
387	432	
387	433	
386	434	
387	435	
387	436	
385	437	
385	438	
385	439	
387	440	
385	441	
385	442	
385	443	
385	444	
384	445	
383	446	
383	447	
384	448	
385	449	
385	450	
385	451	
384	452	
384	453	
385	454	
384	455	
384	456	
385	456	
385	457	
385	458	
385	459	
384	460	
384	461	
384	462	
384	463	
384	464	
384	465	
384	466	
384	467	
384	468	
385	469	
384	470	
385	470	
385	471	
384	472	
385	472	
385	473	
385	474	
385	475	
385	476	
385	477	
386	477	
386	478	
386	479	
385	480	
385	481	
385	482	
385	483	
385	484	
385	485	
385	486	
385	487	
386	487	
385	488	
386	489	
385	490	
385	491	
386	492	
386	493	
386	494	
385	495	
385	496	
385	497	
385	498	
385	499	
385	500	
385	501	
385	502	
386	503	
386	504	
387	504	
387	505	
387	506	
387	507	
387	508	
387	509	
388	509	
388	510	
387	511	
387	512	
387	513	
388	514	
388	515	
389	516	
389	517	
389	518	
389	519	
389	520	
389	521	
389	522	
389	523	
390	524	
390	525	
390	526	
390	527	
390	528	
389	529	
390	530	
390	531	
391	532	
390	533	
389	534	
391	535	
388	536	
388	537	
386	538	
389	538	
387	539	
388	539	
389	539	
387	540	
386	541	
386	542	
386	543	
386	544	
386	545	
386	546	
385	547	
385	548	
383	549	
383	550	
385	550	
384	551	
383	552	
384	553	
384	554	
384	555	
384	556	
384	557	
384	558	
384	559	
384	560	
384	561	
384	562	
383	563	
386	563	
385	564	
385	565	
384	566	
385	567	
384	568	
384	569	
383	570	
384	571	
384	572	
385	573	
384	574	
384	575	
384	576	
384	577	
382	578	
384	579	
382	580	
381	581	
383	581	
382	582	
381	583	
381	584	
382	585	
383	585	
382	586	
382	587	
382	588	
382	589	
381	590	
380	591	
380	592	
380	593	
380	594	
380	595	
379	596	
379	597	
379	598	
380	599	
380	600	
380	601	
380	602	
380	603	
379	604	
379	605	
379	606	
378	607	
377	608	
378	608	
379	608	
377	609	
377	610	
377	611	
378	612	
377	613	
378	613	
377	614	
378	615	
378	616	
379	616	
378	617	
378	618	
378	619	
378	620	
378	621	
378	622	
377	623	
377	624	
378	625	
378	626	
378	627	
378	628	
376	629	
376	630	
376	631	
375	632	
377	633	
377	634	
376	635	
377	636	
377	637	
376	638	
376	639	
375	640	
376	641	
375	642	
376	643	
376	644	
375	645	
376	646	
376	647	
375	648	
376	649	
376	650	
375	651	
375	652	
376	652	
376	653	
376	654	
375	655	
375	656	
375	657	
376	658	
377	658	
376	659	
376	660	
376	661	
376	662	
376	663	
375	664	
376	665	
375	666	
376	667	
376	668	
376	669	
375	670	
375	671	
376	672	
375	673	
376	674	
376	675	
376	676	
375	677	
374	678	
375	678	
375	679	
374	680	
375	680	
373	681	
373	682	
375	683	
375	684	
374	685	
373	686	
373	687	
373	688	
374	688	
375	689	
375	690	
375	691	
374	692	
376	693	
373	694	
375	694	
375	695	
375	696	
375	697	
375	698	
375	699	
375	700	
374	701	
376	702	
374	703	
375	704	
375	705	
374	706	
375	707	
376	708	
375	709	
376	710	
376	711	
375	712	
376	713	
376	714	
377	715	
377	716	
376	717	
376	718	
375	719	
376	720	
376	721	
376	722	
376	723	
376	724	
376	725	
376	726	
376	727	
377	728	
377	729	
378	729	
377	730	
378	730	
377	731	
378	731	
377	732	
377	733	
377	734	
378	735	
378	736	
379	737	
379	738	
379	739	
378	740	
378	741	
378	742	
377	743	
378	744	
377	745	
378	746	
378	747	
378	748	
378	749	
378	750	
378	751	
377	752	
377	753	
378	754	
378	755	
378	756	
378	757	
378	758	
379	758	
379	759	
379	760	
378	761	
380	762	
378	763	
378	764	
377	765	
377	766	
378	766	
378	767	
379	768	
380	769	
379	770	
379	771	
379	772	
380	773	
379	774	
380	775	
379	776	
379	777	
379	778	
380	779	
379	780	
381	781	
381	782	
380	783	
382	784	
381	785	
379	786	
381	787	
380	788	
380	789	
380	790	
381	791	
381	792	
381	793	
381	794	
381	795	
382	795	
382	796	
383	797	
383	798	
383	799	
383	800	
382	801	
382	802	
383	803	
384	804	
385	805	
385	806	
383	807	
384	807	
383	808	
384	809	
384	810	
385	811	
385	812	
385	813	
385	814	
386	815	
385	816	
386	817	
386	818	
386	819	
386	820	
387	820	
387	821	
386	822	
385	823	
386	823	
386	824	
385	825	
386	826	
385	827	
386	828	
387	829	
387	830	
386	831	
387	831	
385	832	
385	833	
385	834	
385	835	
386	836	
387	836	
386	837	
386	838	
387	838	
388	839	
387	840	
386	841	
387	841	
386	842	
387	843	
386	844	
386	845	
386	846	
386	847	
386	848	
385	849	
386	850	
386	851	
386	852	
387	853	
387	854	
388	855	
387	856	
386	857	
386	858	
386	859	
385	860	
386	861	
387	861	
387	862	
387	863	
388	864	
388	865	
386	866	
388	867	
388	868	
386	869	
386	870	
386	871	
386	872	
387	873	
387	874	
386	875	
387	876	
387	877	
386	878	
386	879	
386	880	
387	881	
386	882	
386	883	
386	884	
386	885	
387	886	
387	887	
387	888	
387	889	
388	889	
389	890	
389	891	
387	892	
387	893	
387	894	
389	895	
389	896	
387	897	
388	897	
387	898	
389	899	
389	900	
388	901	
387	902	
389	903	
389	904	
388	905	
388	906	
389	907	
389	908	
389	909	
389	910	
389	911	
387	912	
388	913	
388	914	
388	915	
389	916	
389	917	
389	918	
390	918	
389	919	
389	920	
390	921	
390	922	
389	923	
389	924	
386	1018	
386	1019	
386	1020	
385	1030	
377	1073	
376	1074	
376	1091	
375	1092	
374	1093	
374	1094	
376	1095	
374	1097	
374	1098	
374	1099	
375	1100	
376	1119	
375	1127	
376	1131	
374	1133	
