462	46	
464	79	
395	315	
397	316	
397	317	
397	318	
395	319	
396	320	
397	320	
397	321	
397	322	
396	323	
397	323	
396	324	
396	325	
396	326	
396	327	
395	328	
395	329	
395	330	
396	331	
396	332	
397	332	
396	333	
397	334	
397	335	
397	336	
396	337	
395	338	
395	339	
395	340	
397	341	
397	342	
395	343	
396	344	
397	344	
397	345	
397	346	
397	347	
396	348	
396	349	
396	350	
397	351	
397	352	
397	353	
397	354	
398	354	
397	355	
398	355	
398	356	
398	357	
398	358	
398	359	
398	360	
398	361	
398	362	
397	363	
398	364	
398	365	
398	366	
399	366	
398	367	
398	368	
398	369	
398	370	
398	371	
398	372	
398	373	
398	374	
397	375	
397	376	
397	377	
397	378	
396	379	
397	380	
398	380	
397	381	
397	382	
397	383	
397	384	
397	385	
396	386	
396	387	
396	388	
396	389	
396	390	
397	391	
398	392	
398	393	
396	394	
397	394	
397	395	
396	396	
397	396	
396	397	
396	398	
396	399	
397	400	
397	401	
397	402	
397	403	
396	404	
396	405	
396	406	
396	407	
396	408	
396	409	
396	410	
396	411	
396	412	
396	413	
396	414	
397	415	
396	416	
396	417	
396	418	
396	419	
396	420	
396	421	
395	422	
395	423	
389	425	
389	426	
389	427	
387	428	
387	429	
387	430	
389	431	
389	432	
389	433	
389	434	
387	435	
387	436	
387	437	
387	438	
387	439	
387	440	
387	441	
387	442	
387	443	
387	444	
386	445	
386	446	
386	447	
386	448	
386	449	
387	450	
387	451	
387	452	
385	453	
385	454	
386	455	
385	456	
385	457	
385	458	
385	459	
385	460	
386	461	
386	462	
385	463	
385	464	
385	465	
385	466	
386	467	
385	468	
386	468	
387	469	
388	470	
387	471	
387	472	
386	473	
387	474	
388	474	
387	475	
387	476	
387	477	
387	478	
388	478	
387	479	
387	480	
387	481	
387	482	
387	483	
387	484	
387	485	
386	486	
388	487	
386	488	
385	489	
387	490	
387	491	
387	492	
387	493	
387	494	
386	495	
387	496	
387	497	
389	498	
387	499	
387	500	
388	501	
387	502	
387	503	
388	504	
388	505	
390	506	
390	507	
389	508	
389	509	
390	510	
390	511	
389	512	
389	513	
390	514	
389	515	
390	516	
389	517	
390	518	
390	519	
389	520	
389	521	
389	522	
391	523	
392	523	
390	524	
391	525	
391	526	
391	527	
391	528	
392	529	
391	530	
390	531	
391	532	
391	533	
392	534	
391	535	
389	536	
389	537	
389	538	
388	539	
387	540	
388	541	
387	542	
387	543	
388	544	
388	545	
389	546	
387	547	
386	548	
385	549	
385	550	
385	551	
385	552	
385	553	
385	554	
385	555	
385	556	
385	557	
385	558	
385	559	
385	560	
385	561	
386	562	
386	563	
385	564	
385	565	
386	566	
386	567	
385	568	
386	569	
386	570	
385	571	
385	572	
384	573	
384	574	
384	575	
383	576	
383	577	
383	578	
384	579	
384	580	
384	581	
384	582	
384	583	
384	584	
384	585	
384	586	
383	587	
383	588	
383	589	
382	590	
382	591	
381	592	
382	593	
381	594	
382	595	
381	596	
381	597	
381	598	
381	599	
380	600	
379	601	
379	602	
380	603	
379	604	
379	605	
379	606	
381	607	
379	608	
379	609	
380	610	
379	611	
380	612	
381	613	
379	614	
380	614	
381	615	
381	616	
379	617	
380	618	
379	619	
379	620	
380	621	
379	622	
379	623	
378	624	
380	624	
378	625	
379	625	
378	626	
378	627	
380	628	
378	629	
378	630	
379	631	
379	632	
377	633	
377	634	
377	635	
378	635	
378	636	
378	637	
380	638	
379	639	
378	640	
377	641	
377	642	
377	643	
375	644	
378	645	
378	646	
377	647	
378	648	
378	649	
378	650	
378	651	
378	652	
377	653	
377	654	
378	655	
377	656	
375	657	
376	658	
376	659	
377	659	
376	660	
377	661	
377	662	
378	663	
377	664	
377	665	
377	666	
377	667	
378	668	
377	669	
378	670	
378	671	
377	672	
378	673	
378	674	
378	675	
378	676	
377	677	
376	678	
377	679	
376	680	
376	681	
377	681	
375	682	
377	683	
376	684	
377	685	
376	686	
376	687	
376	688	
376	689	
377	689	
376	690	
378	690	
377	691	
377	692	
376	693	
376	694	
375	695	
376	695	
376	696	
376	697	
376	698	
377	699	
376	700	
376	701	
377	702	
377	703	
376	704	
376	705	
377	706	
377	707	
377	708	
377	709	
375	710	
376	711	
377	711	
377	712	
377	713	
377	714	
377	715	
377	716	
377	717	
376	718	
377	719	
377	720	
377	721	
378	722	
377	723	
377	724	
378	725	
378	726	
377	727	
378	728	
378	729	
378	730	
378	731	
378	732	
379	733	
378	734	
378	735	
378	736	
377	737	
378	737	
378	738	
377	739	
380	740	
378	741	
378	742	
378	743	
380	743	
379	744	
380	744	
379	745	
380	746	
380	747	
379	748	
379	749	
379	750	
380	750	
379	751	
380	752	
379	753	
379	754	
380	755	
380	756	
381	757	
381	758	
381	759	
380	760	
380	761	
380	762	
380	763	
380	764	
380	765	
379	766	
380	766	
379	767	
380	768	
381	769	
381	770	
380	771	
380	772	
381	773	
381	774	
381	775	
381	776	
380	777	
381	778	
381	779	
382	779	
382	780	
382	781	
383	782	
383	783	
382	784	
382	785	
382	786	
382	787	
382	788	
382	789	
381	790	
383	790	
383	791	
383	792	
383	793	
383	794	
383	795	
383	796	
383	797	
383	798	
383	799	
385	800	
383	801	
384	802	
385	803	
384	804	
384	805	
384	806	
384	807	
385	808	
387	809	
387	810	
387	811	
387	812	
387	813	
387	814	
386	815	
386	816	
386	817	
387	818	
387	819	
387	820	
387	821	
387	822	
388	823	
387	824	
387	825	
387	826	
387	827	
387	828	
387	829	
387	830	
388	831	
387	832	
388	832	
387	833	
387	834	
388	834	
387	835	
387	836	
387	837	
388	838	
388	839	
387	840	
388	840	
387	841	
387	842	
387	843	
387	844	
387	845	
387	846	
388	846	
387	847	
388	848	
389	849	
389	850	
389	851	
388	852	
387	853	
387	854	
388	855	
389	856	
389	857	
389	858	
387	859	
387	860	
388	860	
387	861	
387	862	
388	863	
388	864	
388	865	
388	866	
388	867	
387	868	
387	869	
389	870	
390	871	
389	872	
388	873	
388	874	
389	875	
389	876	
388	877	
390	878	
390	879	
390	880	
389	881	
389	882	
388	883	
388	884	
388	885	
389	886	
389	887	
390	887	
390	888	
389	889	
389	890	
389	891	
389	892	
389	893	
389	894	
389	895	
390	896	
389	897	
389	898	
389	899	
389	900	
390	900	
389	901	
390	902	
390	903	
389	904	
389	905	
390	906	
389	907	
389	908	
390	909	
390	910	
391	911	
389	912	
389	913	
390	914	
391	915	
391	916	
390	917	
389	918	
390	919	
391	920	
391	921	
391	922	
391	923	
389	1016	
389	1017	
386	1028	
387	1033	
387	1034	
384	1037	
384	1038	
385	1039	
385	1040	
378	1089	
376	1091	
376	1092	
377	1093	
378	1094	
