474	62	
474	63	
474	64	
407	324	
407	325	
407	326	
407	327	
407	328	
407	329	
407	330	
407	331	
407	332	
407	333	
406	334	
406	335	
407	336	
406	337	
406	338	
406	339	
406	340	
406	341	
406	342	
406	343	
406	344	
406	345	
406	346	
406	347	
407	348	
407	349	
407	350	
406	351	
406	352	
406	353	
406	354	
407	355	
407	356	
406	357	
406	358	
406	359	
407	360	
407	361	
407	362	
407	363	
407	364	
407	365	
407	366	
407	367	
407	368	
407	369	
407	370	
407	371	
407	372	
408	373	
408	374	
408	375	
408	376	
407	377	
407	378	
407	379	
408	380	
408	381	
408	382	
408	383	
408	384	
408	385	
408	386	
408	387	
408	388	
409	389	
409	390	
409	391	
409	392	
410	393	
409	394	
409	395	
409	396	
409	397	
408	398	
409	398	
409	399	
408	400	
409	401	
409	402	
408	403	
408	404	
408	405	
408	406	
408	407	
407	408	
407	409	
407	410	
408	411	
408	412	
408	413	
408	414	
408	415	
408	416	
408	417	
409	418	
408	419	
401	421	
401	422	
399	423	
399	424	
399	425	
399	426	
397	427	
397	428	
397	429	
397	430	
398	431	
397	432	
397	433	
398	434	
397	435	
397	436	
397	437	
397	438	
398	439	
397	440	
397	441	
397	442	
397	443	
396	444	
397	445	
397	446	
397	447	
395	448	
396	449	
396	450	
395	451	
395	452	
395	453	
395	454	
395	455	
396	455	
395	456	
395	457	
396	458	
395	459	
395	460	
396	461	
396	462	
395	463	
396	463	
396	464	
396	465	
396	466	
397	467	
397	468	
397	469	
396	470	
396	471	
396	472	
396	473	
397	474	
396	475	
396	476	
397	477	
397	478	
397	479	
397	480	
396	481	
396	482	
397	483	
397	484	
397	485	
396	486	
397	486	
397	487	
397	488	
397	489	
397	490	
397	491	
397	492	
398	493	
398	494	
397	495	
397	496	
397	497	
396	498	
397	499	
397	500	
397	501	
397	502	
398	502	
398	503	
399	504	
398	505	
398	506	
398	507	
399	508	
399	509	
399	510	
399	511	
400	512	
399	513	
399	514	
399	515	
399	516	
399	517	
400	518	
400	519	
401	520	
401	521	
401	522	
401	523	
402	524	
401	525	
400	526	
401	527	
402	528	
401	529	
402	530	
402	531	
401	532	
402	533	
403	533	
402	534	
401	535	
402	536	
402	537	
401	538	
401	539	
401	540	
401	541	
400	542	
399	543	
399	544	
399	545	
398	546	
397	547	
397	548	
397	549	
397	550	
397	551	
397	552	
397	553	
397	554	
396	555	
397	556	
397	557	
395	558	
396	559	
396	560	
396	561	
396	562	
395	563	
395	564	
395	565	
395	566	
395	567	
395	568	
394	569	
395	570	
393	571	
395	571	
395	572	
395	573	
395	574	
394	575	
393	576	
395	576	
394	577	
395	577	
393	578	
395	579	
394	580	
395	581	
395	582	
394	583	
394	584	
393	585	
393	586	
394	586	
393	587	
395	587	
394	588	
394	589	
393	590	
393	591	
394	592	
394	593	
393	594	
393	595	
393	596	
393	597	
392	598	
392	599	
393	600	
393	601	
392	602	
393	603	
393	604	
393	605	
392	606	
391	607	
391	608	
391	609	
392	610	
391	611	
391	612	
392	613	
391	614	
391	615	
390	616	
390	617	
390	618	
391	619	
390	620	
390	621	
391	622	
391	623	
391	624	
390	625	
390	626	
388	627	
390	628	
389	629	
389	630	
389	631	
388	632	
388	633	
388	634	
387	635	
387	636	
387	637	
388	638	
388	639	
389	640	
388	641	
389	642	
387	643	
388	644	
387	645	
388	646	
388	647	
387	648	
388	649	
388	650	
388	651	
387	652	
388	653	
388	654	
389	655	
387	656	
388	656	
388	657	
388	658	
388	659	
389	660	
389	661	
389	662	
388	663	
389	664	
389	665	
389	666	
389	667	
389	668	
389	669	
389	670	
388	671	
389	672	
390	673	
389	674	
390	675	
390	676	
389	677	
389	678	
390	679	
389	680	
389	681	
390	682	
388	683	
390	684	
389	685	
389	686	
387	687	
389	687	
389	688	
389	689	
387	690	
387	691	
388	692	
389	693	
389	694	
388	695	
388	696	
387	697	
388	697	
388	698	
388	699	
387	700	
388	701	
388	702	
389	703	
387	704	
388	705	
387	706	
388	707	
388	708	
389	709	
389	710	
389	711	
389	712	
390	712	
389	713	
389	714	
389	715	
388	716	
389	717	
389	718	
389	719	
389	720	
390	721	
390	722	
391	722	
390	723	
390	724	
392	725	
391	726	
391	727	
390	728	
390	729	
391	730	
391	731	
390	732	
390	733	
390	734	
390	735	
391	736	
390	737	
391	738	
391	739	
391	740	
392	741	
389	742	
390	743	
391	744	
391	745	
391	746	
391	747	
391	748	
391	749	
391	750	
391	751	
391	752	
391	753	
392	754	
391	755	
392	755	
391	756	
392	757	
392	758	
392	759	
392	760	
393	761	
394	762	
393	763	
393	764	
391	765	
391	766	
391	767	
391	768	
391	769	
393	769	
393	770	
391	771	
392	771	
391	772	
392	772	
392	773	
392	774	
392	775	
392	776	
392	777	
392	778	
392	779	
392	780	
392	781	
394	782	
394	783	
393	784	
395	785	
393	786	
393	787	
394	788	
394	789	
394	790	
394	791	
396	792	
396	793	
395	794	
393	795	
394	796	
395	797	
395	798	
396	799	
395	800	
396	801	
396	802	
396	803	
396	804	
396	805	
396	806	
396	807	
398	808	
398	809	
397	810	
398	811	
398	812	
398	813	
398	814	
397	815	
397	816	
398	816	
398	817	
398	818	
396	819	
399	820	
398	821	
398	822	
398	823	
398	824	
398	825	
397	826	
398	827	
398	828	
398	829	
398	830	
398	831	
398	832	
398	833	
398	834	
398	835	
398	836	
398	837	
398	838	
397	839	
398	840	
398	841	
398	842	
397	843	
397	844	
397	845	
397	846	
398	847	
398	848	
397	849	
397	850	
398	851	
399	852	
399	853	
399	854	
399	855	
398	856	
398	857	
398	858	
397	859	
398	860	
398	861	
398	862	
399	863	
398	864	
398	865	
398	866	
398	867	
399	868	
399	869	
398	870	
398	871	
398	872	
399	873	
398	874	
398	875	
398	876	
398	877	
398	878	
401	879	
398	880	
400	880	
399	881	
399	882	
398	883	
399	883	
399	884	
399	885	
398	886	
399	887	
399	888	
400	889	
398	890	
399	891	
399	892	
398	893	
397	894	
401	895	
401	896	
400	897	
400	898	
399	899	
399	900	
400	901	
400	902	
399	903	
399	904	
401	904	
400	905	
400	906	
400	907	
400	908	
399	909	
399	910	
401	911	
401	912	
401	913	
401	914	
401	915	
401	916	
401	917	
402	918	
402	919	
402	920	
401	921	
401	922	
401	923	
401	924	
401	925	
401	926	
403	946	
401	953	
401	954	
397	1030	
396	1032	
396	1033	
