476	71	
476	72	
476	73	
409	325	
409	326	
409	327	
409	328	
407	329	
407	330	
408	331	
407	332	
408	333	
407	334	
407	335	
407	336	
407	337	
407	338	
407	339	
407	340	
407	341	
407	342	
408	342	
407	343	
408	344	
408	345	
408	346	
408	347	
407	348	
407	349	
408	349	
407	350	
407	351	
407	352	
408	353	
408	354	
407	355	
408	356	
409	357	
409	358	
407	359	
407	360	
407	361	
407	362	
408	362	
407	363	
408	364	
409	365	
409	366	
408	367	
409	368	
409	369	
408	370	
408	371	
409	372	
409	373	
409	374	
408	375	
409	375	
409	376	
409	377	
409	378	
410	379	
409	380	
409	381	
409	382	
409	383	
410	384	
410	385	
410	386	
409	387	
409	388	
409	389	
410	390	
410	391	
409	392	
409	393	
410	393	
410	394	
409	395	
409	396	
410	396	
410	397	
410	398	
410	399	
411	399	
410	400	
410	401	
411	402	
411	403	
409	404	
410	404	
410	405	
410	406	
410	407	
410	408	
410	409	
410	410	
410	411	
409	412	
410	413	
410	414	
410	415	
410	416	
410	417	
409	418	
409	419	
409	420	
403	421	
403	422	
401	423	
399	424	
401	425	
400	426	
400	427	
400	428	
400	429	
400	430	
400	431	
399	432	
399	433	
398	434	
398	435	
398	436	
398	437	
398	438	
398	439	
398	440	
399	441	
399	442	
398	443	
398	444	
398	445	
398	446	
398	447	
398	448	
398	449	
397	450	
397	451	
397	452	
397	453	
397	454	
397	455	
397	456	
397	457	
398	457	
397	458	
397	459	
398	459	
398	460	
397	461	
398	461	
398	462	
397	463	
398	464	
398	465	
398	466	
398	467	
398	468	
397	469	
399	469	
398	470	
398	471	
399	472	
397	473	
398	474	
398	475	
398	476	
398	477	
397	478	
396	479	
398	480	
398	481	
397	482	
398	483	
398	484	
397	485	
397	486	
397	487	
398	488	
398	489	
399	490	
398	491	
398	492	
398	493	
399	493	
397	494	
398	495	
397	496	
399	496	
397	497	
399	498	
398	499	
399	499	
399	500	
398	501	
399	501	
398	502	
399	502	
398	503	
399	503	
399	504	
399	505	
400	506	
400	507	
399	508	
400	509	
401	510	
399	511	
400	512	
402	513	
400	514	
401	514	
401	515	
400	516	
399	517	
401	518	
401	519	
402	520	
401	521	
401	522	
401	523	
402	524	
402	525	
402	526	
402	527	
402	528	
402	529	
401	530	
402	531	
403	532	
402	533	
402	534	
403	535	
402	536	
403	537	
403	538	
403	539	
401	540	
401	541	
402	542	
401	543	
401	544	
399	545	
399	546	
398	547	
398	548	
398	549	
398	550	
398	551	
399	551	
399	552	
399	553	
398	554	
399	555	
398	556	
397	557	
397	558	
398	559	
397	560	
397	561	
397	562	
396	563	
397	564	
395	565	
396	565	
396	566	
395	567	
396	568	
395	569	
396	570	
396	571	
396	572	
395	573	
395	574	
396	575	
397	576	
395	577	
396	578	
396	579	
396	580	
396	581	
396	582	
396	583	
395	584	
396	585	
396	586	
397	586	
395	587	
395	588	
395	589	
395	590	
394	591	
394	592	
393	593	
394	594	
394	595	
394	596	
393	597	
394	598	
393	599	
394	600	
393	601	
394	602	
393	603	
392	604	
393	604	
394	604	
393	605	
393	606	
392	607	
391	608	
393	609	
393	610	
392	611	
393	612	
392	613	
393	614	
392	615	
391	616	
391	617	
392	617	
391	618	
392	618	
391	619	
391	620	
390	621	
392	622	
391	623	
391	624	
391	625	
391	626	
391	627	
387	628	
389	629	
389	630	
390	631	
390	632	
390	633	
389	634	
390	635	
390	636	
389	637	
390	637	
390	638	
389	639	
389	640	
390	641	
388	642	
391	642	
389	643	
391	643	
389	644	
389	645	
390	645	
390	646	
390	647	
389	648	
390	649	
389	650	
390	651	
390	652	
389	653	
389	654	
391	655	
390	656	
390	657	
391	658	
390	659	
391	659	
390	660	
391	661	
391	662	
390	663	
391	663	
390	664	
390	665	
390	666	
390	667	
390	668	
390	669	
391	670	
389	671	
391	671	
390	672	
391	673	
391	674	
390	675	
390	676	
390	677	
390	678	
391	679	
390	680	
389	681	
390	682	
390	683	
390	684	
390	685	
390	686	
389	687	
390	688	
391	689	
389	690	
390	691	
391	692	
390	693	
390	694	
390	695	
390	696	
390	697	
391	698	
389	699	
390	700	
389	701	
390	701	
389	702	
390	703	
389	704	
391	704	
390	705	
391	706	
391	707	
392	708	
391	709	
391	710	
390	711	
392	712	
392	713	
391	714	
391	715	
391	716	
390	717	
392	718	
392	719	
392	720	
391	721	
392	722	
391	723	
392	723	
391	724	
391	725	
392	726	
391	727	
391	728	
392	728	
391	729	
392	729	
391	730	
391	731	
392	732	
392	733	
391	734	
391	735	
391	736	
393	736	
393	737	
392	738	
392	739	
392	740	
392	741	
391	742	
392	742	
392	743	
392	744	
392	745	
391	746	
392	747	
392	748	
392	749	
393	750	
392	751	
392	752	
392	753	
391	754	
392	754	
393	755	
392	756	
393	757	
393	758	
392	759	
392	760	
393	761	
392	762	
393	762	
393	763	
394	764	
394	765	
394	766	
394	767	
395	768	
395	769	
394	770	
394	771	
394	772	
393	773	
395	773	
393	774	
394	775	
394	776	
394	777	
394	778	
394	779	
394	780	
395	781	
393	782	
394	782	
394	783	
394	784	
394	785	
395	786	
396	787	
396	788	
395	789	
395	790	
396	791	
396	792	
396	793	
396	794	
397	794	
396	795	
396	796	
397	797	
397	798	
397	799	
398	800	
397	801	
398	802	
398	803	
398	804	
398	805	
398	806	
398	807	
399	807	
398	808	
399	809	
399	810	
398	811	
398	812	
398	813	
398	814	
399	815	
398	816	
399	816	
398	817	
398	818	
398	819	
398	820	
398	821	
398	822	
398	823	
399	824	
398	825	
399	826	
399	827	
400	827	
399	828	
398	829	
398	830	
398	831	
399	832	
400	832	
399	833	
400	834	
399	835	
399	836	
399	837	
399	838	
400	839	
399	840	
400	841	
399	842	
400	843	
400	844	
398	845	
399	846	
399	847	
400	847	
400	848	
399	849	
399	850	
399	851	
399	852	
399	853	
399	854	
399	855	
399	856	
398	857	
398	858	
398	859	
399	860	
399	861	
398	862	
398	863	
399	864	
400	865	
400	866	
399	867	
399	868	
401	869	
402	870	
400	871	
400	872	
400	873	
400	874	
400	875	
400	876	
400	877	
400	878	
400	879	
400	880	
400	881	
401	882	
400	883	
400	884	
400	885	
400	886	
400	887	
399	888	
400	888	
400	889	
401	890	
401	891	
400	892	
400	893	
399	894	
400	895	
400	896	
401	897	
401	898	
401	899	
401	900	
401	901	
401	902	
401	903	
401	904	
401	905	
400	906	
400	907	
400	908	
401	908	
401	909	
403	910	
402	911	
402	912	
402	913	
401	914	
403	915	
403	916	
403	917	
403	918	
403	919	
403	920	
403	921	
403	922	
404	923	
403	924	
402	925	
401	926	
403	934	
401	943	
402	943	
401	944	
401	945	
403	947	
403	948	
402	949	
402	950	
401	951	
397	1022	
398	1026	
399	1028	
397	1030	
397	1039	
396	1040	
