478	44	
413	329	
413	330	
413	331	
413	332	
413	333	
414	334	
413	335	
414	335	
413	336	
413	337	
413	338	
413	339	
413	340	
413	341	
412	342	
413	343	
413	344	
413	345	
412	346	
412	347	
412	348	
411	349	
411	350	
412	351	
412	352	
413	353	
413	354	
413	355	
412	356	
412	357	
413	357	
413	358	
412	359	
412	360	
413	361	
413	362	
413	363	
413	364	
413	365	
413	366	
413	367	
413	368	
413	369	
412	370	
412	371	
412	372	
413	373	
414	374	
414	375	
414	376	
415	376	
413	377	
413	378	
413	379	
414	380	
414	381	
414	382	
414	383	
414	384	
413	385	
413	386	
413	387	
414	388	
413	389	
413	390	
413	391	
414	392	
414	393	
415	394	
414	395	
415	395	
414	396	
415	396	
415	397	
415	398	
414	399	
414	400	
415	400	
414	401	
414	402	
414	403	
414	404	
413	405	
414	405	
416	406	
415	407	
415	408	
415	409	
415	410	
415	411	
415	412	
415	413	
415	414	
415	415	
415	416	
415	417	
415	418	
415	419	
415	420	
407	422	
407	423	
407	424	
405	425	
405	426	
403	427	
403	428	
403	429	
405	430	
405	431	
403	432	
403	433	
403	434	
403	435	
404	436	
403	437	
403	438	
404	439	
403	440	
404	441	
404	442	
403	443	
402	444	
403	444	
402	445	
401	446	
402	446	
402	447	
402	448	
403	449	
403	450	
402	451	
401	452	
403	452	
402	453	
402	454	
401	455	
403	455	
401	456	
401	457	
401	458	
401	459	
401	460	
402	461	
403	461	
403	462	
404	462	
402	463	
403	464	
403	465	
403	466	
403	467	
402	468	
403	468	
403	469	
402	470	
401	471	
402	471	
401	472	
403	472	
402	473	
403	473	
402	474	
402	475	
401	476	
401	477	
402	478	
402	479	
402	480	
402	481	
403	481	
402	482	
403	483	
403	484	
403	485	
403	486	
403	487	
403	488	
403	489	
403	490	
402	491	
402	492	
403	493	
403	494	
403	495	
403	496	
403	497	
403	498	
403	499	
403	500	
405	501	
405	502	
404	503	
404	504	
403	505	
404	505	
405	506	
406	507	
405	508	
405	509	
406	510	
406	511	
405	512	
406	512	
405	513	
405	514	
406	514	
406	515	
406	516	
405	517	
405	518	
405	519	
407	520	
406	521	
406	522	
407	523	
408	524	
407	525	
408	526	
408	527	
408	528	
407	529	
407	530	
408	531	
408	532	
408	533	
408	534	
408	535	
409	536	
408	537	
408	538	
407	539	
407	540	
408	540	
408	541	
407	542	
407	543	
408	544	
408	545	
407	546	
406	547	
405	548	
405	549	
404	550	
403	551	
404	551	
403	552	
403	553	
403	554	
404	555	
403	556	
403	557	
403	558	
402	559	
402	560	
403	561	
403	562	
402	563	
402	564	
402	565	
401	566	
401	567	
402	568	
401	569	
401	570	
401	571	
401	572	
400	573	
402	573	
399	574	
399	575	
402	576	
401	577	
400	578	
401	579	
400	580	
402	580	
399	581	
399	582	
400	583	
400	584	
399	585	
400	586	
400	587	
400	588	
399	589	
400	589	
399	590	
399	591	
399	592	
400	593	
399	594	
399	595	
399	596	
400	597	
399	598	
399	599	
399	600	
397	601	
398	601	
399	602	
397	603	
398	604	
398	605	
398	606	
398	607	
397	608	
398	609	
398	610	
398	611	
397	612	
397	613	
397	614	
398	615	
397	616	
397	617	
396	618	
396	619	
397	619	
396	620	
397	620	
395	621	
396	622	
395	623	
395	624	
396	624	
395	625	
396	626	
396	627	
396	628	
396	629	
396	630	
396	631	
396	632	
396	633	
395	634	
395	635	
396	636	
396	637	
396	638	
395	639	
395	640	
394	641	
395	642	
395	643	
394	644	
395	645	
395	646	
393	647	
394	648	
393	649	
394	650	
394	651	
393	652	
393	653	
394	654	
395	655	
395	656	
395	657	
395	658	
395	659	
396	660	
395	661	
395	662	
394	663	
396	664	
396	665	
395	666	
395	667	
396	668	
396	669	
397	670	
397	671	
397	672	
397	673	
398	674	
398	675	
399	676	
399	677	
398	678	
398	679	
398	680	
398	681	
398	682	
397	683	
399	683	
398	684	
398	685	
397	686	
398	687	
397	688	
398	689	
397	690	
397	691	
398	692	
397	693	
398	694	
397	695	
397	696	
397	697	
397	698	
397	699	
398	699	
396	700	
396	701	
396	702	
397	703	
397	704	
398	705	
397	706	
397	707	
397	708	
397	709	
397	710	
398	710	
397	711	
398	712	
398	713	
397	714	
397	715	
398	715	
398	716	
399	717	
399	718	
397	719	
398	719	
398	720	
398	721	
397	722	
397	723	
398	724	
397	725	
398	725	
397	726	
397	727	
398	728	
398	729	
397	730	
398	731	
398	732	
397	733	
398	733	
398	734	
398	735	
397	736	
397	737	
398	738	
398	739	
398	740	
397	741	
398	742	
398	743	
397	744	
398	745	
398	746	
398	747	
398	748	
398	749	
398	750	
397	751	
397	752	
398	753	
398	754	
399	755	
399	756	
398	757	
398	758	
399	759	
399	760	
399	761	
400	762	
399	763	
400	764	
400	765	
400	766	
400	767	
398	768	
400	769	
400	770	
400	771	
399	772	
399	773	
399	774	
399	775	
399	776	
400	777	
400	778	
400	779	
400	780	
401	781	
401	782	
402	782	
401	783	
401	784	
400	785	
400	786	
400	787	
401	788	
401	789	
401	790	
401	791	
402	792	
401	793	
402	794	
402	795	
403	796	
403	797	
404	798	
405	799	
404	800	
405	801	
404	802	
403	803	
403	804	
404	805	
403	806	
404	807	
403	808	
404	808	
403	809	
404	809	
404	810	
404	811	
404	812	
404	813	
404	814	
405	815	
404	816	
404	817	
404	818	
404	819	
404	820	
404	821	
405	821	
405	822	
404	823	
404	824	
404	825	
404	826	
404	827	
404	828	
404	829	
404	830	
403	831	
404	832	
405	833	
405	834	
405	835	
404	836	
405	837	
405	838	
405	839	
404	840	
404	841	
403	842	
404	843	
403	844	
403	845	
403	846	
404	847	
403	848	
403	849	
404	850	
403	851	
403	852	
406	853	
405	854	
404	855	
404	856	
404	857	
404	858	
404	859	
404	860	
404	861	
404	862	
404	863	
404	864	
404	865	
404	866	
404	867	
404	868	
404	869	
405	870	
405	871	
405	872	
405	873	
405	874	
405	875	
405	876	
405	877	
404	878	
404	879	
406	880	
406	881	
406	882	
405	883	
405	884	
406	885	
406	886	
406	887	
405	888	
405	889	
406	890	
406	891	
406	892	
406	893	
406	894	
406	895	
407	896	
407	897	
407	898	
406	899	
405	900	
405	901	
406	901	
406	902	
407	902	
407	903	
407	904	
407	905	
407	906	
406	907	
406	908	
407	909	
408	909	
407	910	
408	910	
406	911	
406	912	
406	913	
406	914	
407	915	
407	916	
408	917	
408	918	
407	919	
408	920	
409	921	
409	922	
409	923	
408	924	
408	925	
407	926	
407	927	
407	937	
408	938	
408	939	
407	942	
407	943	
407	944	
407	945	
407	946	
409	947	
409	948	
407	950	
407	951	
409	954	
402	1027	
402	1028	
402	1029	
403	1034	
400	1045	
400	1046	
400	1047	
392	1098	
392	1099	
393	1100	
394	1101	
394	1102	
392	1109	
392	1115	
392	1123	
