264	59	
264	63	
195	508	
195	511	
195	512	
195	513	
194	514	
195	515	
195	516	
194	517	
193	518	
194	519	
192	520	
194	521	
194	522	
195	523	
193	524	
193	525	
193	526	
193	527	
193	528	
193	529	
193	530	
193	531	
193	532	
193	533	
192	534	
192	535	
192	536	
192	537	
192	538	
191	539	
190	540	
193	541	
190	542	
190	543	
191	544	
191	545	
187	546	
188	547	
189	548	
190	549	
190	550	
189	551	
190	552	
190	553	
190	554	
189	555	
189	556	
189	557	
189	558	
189	559	
189	560	
186	561	
186	562	
187	563	
188	564	
187	565	
187	566	
186	567	
186	568	
186	569	
186	570	
186	571	
186	572	
185	573	
186	573	
184	574	
184	575	
186	576	
186	577	
186	578	
187	579	
184	580	
187	581	
187	582	
187	583	
187	584	
187	585	
188	586	
187	587	
188	588	
187	589	
187	590	
187	591	
188	592	
188	593	
191	594	
188	595	
189	596	
190	597	
189	598	
189	599	
189	600	
189	601	
185	613	
185	614	
183	616	
183	617	
181	618	
182	619	
184	620	
181	621	
181	622	
181	623	
183	624	
183	625	
182	626	
181	627	
181	628	
183	629	
183	630	
183	631	
183	632	
183	633	
181	634	
183	635	
183	636	
183	637	
182	638	
183	639	
183	640	
183	641	
183	642	
183	643	
184	644	
182	645	
181	646	
182	647	
183	648	
185	649	
185	650	
185	651	
183	652	
183	653	
184	653	
183	654	
186	655	
186	656	
184	657	
184	658	
184	659	
186	660	
185	661	
185	662	
185	663	
186	664	
186	665	
186	666	
186	667	
187	668	
187	669	
188	670	
185	671	
185	672	
185	673	
188	674	
188	675	
189	676	
189	677	
188	678	
188	679	
187	680	
187	681	
190	682	
190	683	
190	684	
190	685	
188	686	
188	687	
190	688	
190	689	
191	690	
191	691	
190	692	
190	693	
190	694	
190	695	
190	696	
190	697	
193	698	
194	699	
193	700	
193	701	
193	702	
193	703	
193	704	
193	705	
193	706	
194	707	
195	708	
195	709	
195	710	
193	711	
194	712	
196	717	
197	718	
