486	72	
486	73	
488	92	
488	93	
418	335	
419	336	
418	337	
417	338	
418	338	
418	339	
417	340	
417	341	
417	342	
417	343	
417	344	
417	345	
417	346	
417	347	
417	348	
417	349	
417	350	
417	351	
417	352	
416	353	
417	353	
418	354	
418	355	
417	356	
417	357	
417	358	
417	359	
417	360	
417	361	
417	362	
417	363	
417	364	
417	365	
417	366	
417	367	
417	368	
417	369	
417	370	
417	371	
418	372	
417	373	
417	374	
417	375	
417	376	
417	377	
417	378	
419	379	
418	380	
417	381	
417	382	
417	383	
418	384	
418	385	
418	386	
417	387	
417	388	
418	389	
417	390	
418	390	
417	391	
418	392	
418	393	
418	394	
418	395	
418	396	
418	397	
418	398	
418	399	
418	400	
418	401	
419	402	
419	403	
419	404	
420	404	
419	405	
419	406	
420	406	
419	407	
419	408	
419	409	
419	410	
419	411	
419	412	
419	413	
419	414	
419	415	
419	416	
419	417	
419	418	
419	419	
413	420	
413	421	
409	422	
409	423	
409	424	
409	425	
409	426	
409	427	
410	428	
409	429	
409	430	
409	431	
408	432	
408	433	
408	434	
408	435	
408	436	
407	437	
407	438	
407	439	
407	440	
408	440	
408	441	
407	442	
407	443	
407	444	
407	445	
407	446	
407	447	
407	448	
407	449	
407	450	
407	451	
407	452	
407	453	
407	454	
407	455	
407	456	
407	457	
407	458	
407	459	
408	459	
407	460	
407	461	
407	462	
407	463	
407	464	
407	465	
407	466	
407	467	
407	468	
407	469	
407	470	
407	471	
406	472	
407	473	
407	474	
407	475	
407	476	
407	477	
406	478	
407	479	
407	480	
408	480	
407	481	
406	482	
408	482	
407	483	
407	484	
407	485	
408	486	
407	487	
408	488	
407	489	
409	490	
408	491	
409	492	
410	493	
409	494	
408	495	
408	496	
408	497	
408	498	
408	499	
408	500	
409	501	
410	502	
408	503	
409	504	
409	505	
409	506	
409	507	
409	508	
410	509	
410	510	
410	511	
410	512	
409	513	
410	514	
409	515	
410	516	
411	517	
411	518	
411	519	
411	520	
412	521	
411	522	
412	523	
412	524	
411	525	
413	526	
414	527	
413	528	
413	529	
413	530	
414	531	
415	532	
414	533	
414	534	
414	535	
414	536	
413	537	
413	538	
413	539	
413	540	
413	541	
412	542	
412	543	
412	544	
413	545	
412	546	
413	546	
413	547	
411	548	
413	549	
413	550	
413	551	
407	552	
410	553	
409	554	
409	555	
407	556	
409	556	
407	557	
408	557	
408	558	
407	559	
408	559	
408	560	
407	561	
407	562	
408	562	
407	563	
407	564	
405	565	
406	565	
406	566	
405	567	
405	568	
407	568	
406	569	
406	570	
406	571	
405	572	
406	572	
407	573	
407	574	
408	574	
407	575	
405	576	
405	577	
406	578	
406	579	
405	580	
405	581	
405	582	
406	583	
405	584	
404	585	
405	586	
404	587	
402	588	
403	589	
403	590	
404	591	
403	592	
403	593	
403	594	
403	595	
404	596	
403	597	
403	598	
403	599	
403	600	
403	601	
403	602	
404	603	
403	604	
403	605	
401	606	
402	607	
402	608	
402	609	
401	610	
401	611	
402	612	
403	613	
401	614	
401	615	
401	616	
402	616	
402	617	
401	618	
401	619	
402	620	
402	621	
403	621	
402	622	
403	623	
403	624	
403	625	
401	626	
401	627	
401	628	
401	629	
401	630	
402	631	
403	632	
402	633	
403	634	
403	635	
401	636	
402	637	
401	638	
400	639	
400	640	
399	641	
399	642	
400	643	
400	644	
401	645	
400	646	
400	647	
399	648	
400	649	
399	650	
400	651	
399	652	
400	653	
401	654	
401	655	
400	656	
399	657	
401	658	
401	659	
399	660	
401	661	
401	662	
401	663	
401	664	
401	665	
401	666	
401	667	
401	668	
401	669	
401	670	
401	671	
401	672	
402	673	
403	674	
403	675	
402	676	
403	677	
403	678	
404	679	
403	680	
403	681	
405	682	
403	683	
403	684	
404	685	
404	686	
404	687	
404	688	
405	688	
405	689	
405	690	
404	691	
403	692	
403	693	
403	694	
404	695	
404	696	
405	696	
404	697	
405	698	
405	699	
403	700	
405	700	
404	701	
404	702	
404	703	
403	704	
404	705	
404	706	
404	707	
404	708	
403	709	
403	710	
405	711	
405	712	
405	713	
404	714	
403	715	
402	716	
403	717	
404	718	
404	719	
403	720	
404	721	
402	722	
402	723	
403	723	
402	724	
403	724	
402	725	
403	726	
403	727	
404	727	
404	728	
404	729	
403	730	
403	731	
403	732	
402	733	
404	734	
403	735	
403	736	
404	737	
403	738	
404	738	
402	739	
403	740	
403	741	
404	742	
405	743	
403	744	
404	744	
403	745	
403	746	
404	747	
404	748	
403	749	
404	749	
404	750	
403	751	
404	751	
403	752	
403	753	
403	754	
403	755	
404	756	
404	757	
404	758	
403	759	
403	760	
403	761	
404	761	
404	762	
404	763	
405	763	
404	764	
405	765	
405	766	
404	767	
405	767	
405	768	
405	769	
405	770	
406	771	
404	772	
405	773	
405	774	
405	775	
405	776	
405	777	
405	778	
406	778	
405	779	
405	780	
406	781	
406	782	
406	783	
406	784	
406	785	
407	786	
407	787	
407	788	
408	788	
408	789	
408	790	
407	791	
407	792	
407	793	
407	794	
407	795	
407	796	
408	797	
408	798	
408	799	
408	800	
409	801	
409	802	
408	803	
408	804	
409	804	
408	805	
408	806	
409	806	
408	807	
408	808	
408	809	
408	810	
409	810	
408	811	
408	812	
407	813	
407	814	
409	815	
409	816	
409	817	
409	818	
410	818	
409	819	
408	820	
408	821	
408	822	
408	823	
408	824	
408	825	
408	826	
409	827	
409	828	
410	828	
409	829	
408	830	
408	831	
410	832	
408	833	
409	833	
409	834	
408	835	
409	836	
410	837	
410	838	
408	839	
408	840	
409	840	
409	841	
408	842	
409	843	
408	844	
408	845	
408	846	
408	847	
409	848	
409	849	
408	850	
408	851	
408	852	
408	853	
408	854	
409	855	
409	856	
409	857	
410	857	
409	858	
409	859	
410	860	
410	861	
410	862	
409	863	
409	864	
409	865	
410	866	
411	867	
410	868	
411	868	
410	869	
409	870	
409	871	
409	872	
410	873	
410	874	
410	875	
410	876	
410	877	
410	878	
410	879	
410	880	
410	881	
410	882	
410	883	
410	884	
410	885	
410	886	
410	887	
411	887	
411	888	
410	889	
409	890	
410	891	
411	892	
411	893	
411	894	
410	895	
410	896	
410	897	
411	898	
410	899	
410	900	
410	901	
410	902	
410	903	
411	904	
411	905	
411	906	
411	907	
411	908	
412	909	
412	910	
412	911	
412	912	
413	913	
411	914	
413	915	
413	916	
413	917	
413	918	
413	919	
413	920	
413	921	
413	922	
413	923	
413	924	
413	925	
413	947	
413	948	
412	949	
412	950	
413	951	
413	952	
412	953	
412	954	
412	955	
406	1040	
406	1041	
401	1074	
400	1078	
400	1079	
398	1087	
398	1088	
398	1089	
399	1095	
399	1096	
396	1101	
396	1102	
