490	84	
490	85	
421	339	
421	340	
421	341	
421	342	
421	343	
421	344	
421	345	
421	346	
420	347	
420	348	
420	349	
420	350	
420	351	
419	352	
419	353	
419	354	
419	355	
420	356	
420	357	
420	358	
419	359	
419	360	
419	361	
419	362	
419	363	
419	364	
419	365	
419	366	
419	367	
420	368	
420	369	
420	370	
421	371	
421	372	
420	373	
419	374	
419	375	
419	376	
419	377	
419	378	
419	379	
420	380	
420	381	
419	382	
419	383	
419	384	
421	385	
420	386	
419	387	
420	387	
419	388	
420	389	
421	390	
421	391	
419	392	
421	392	
421	393	
421	394	
421	395	
421	396	
421	397	
422	398	
421	399	
420	400	
420	401	
421	402	
421	403	
422	404	
422	405	
421	406	
422	406	
421	407	
421	408	
421	409	
421	410	
421	411	
421	412	
421	413	
422	414	
422	415	
423	416	
422	417	
421	418	
421	419	
415	420	
415	421	
415	422	
413	423	
413	424	
413	425	
413	426	
413	427	
413	428	
413	429	
412	430	
411	431	
411	432	
411	433	
411	434	
411	435	
411	436	
411	437	
411	438	
411	439	
411	440	
411	441	
411	442	
410	443	
410	444	
410	445	
409	446	
409	447	
409	448	
410	449	
410	450	
410	451	
411	451	
411	452	
410	453	
409	454	
409	455	
409	456	
409	457	
410	457	
410	458	
410	459	
410	460	
410	461	
410	462	
409	463	
410	463	
409	464	
409	465	
409	466	
409	467	
410	468	
409	469	
410	470	
410	471	
409	472	
410	473	
411	474	
411	475	
410	476	
410	477	
409	478	
409	479	
409	480	
410	481	
410	482	
410	483	
410	484	
410	485	
409	486	
410	486	
410	487	
410	488	
410	489	
411	489	
409	490	
410	491	
409	492	
411	492	
410	493	
409	494	
410	495	
410	496	
411	497	
412	498	
412	499	
412	500	
411	501	
412	502	
412	503	
411	504	
411	505	
413	506	
413	507	
414	508	
412	509	
413	509	
414	510	
412	511	
413	512	
414	512	
413	513	
413	514	
414	514	
414	515	
413	516	
413	517	
414	518	
414	519	
413	520	
415	520	
415	521	
414	522	
414	523	
415	524	
416	525	
415	526	
415	527	
416	528	
416	529	
416	530	
416	531	
415	532	
416	533	
416	534	
416	535	
416	536	
416	537	
416	538	
416	539	
417	539	
416	540	
416	541	
417	542	
415	543	
415	544	
415	545	
415	546	
415	547	
414	548	
415	549	
415	550	
414	551	
413	552	
413	553	
415	554	
415	555	
413	556	
412	557	
410	558	
411	558	
411	559	
411	560	
411	561	
410	562	
409	563	
409	564	
410	565	
410	566	
410	567	
409	568	
410	569	
409	570	
410	571	
410	572	
409	573	
410	574	
410	575	
409	576	
409	577	
409	578	
407	579	
408	580	
407	581	
407	582	
408	583	
407	584	
407	585	
408	586	
408	587	
408	588	
408	589	
408	590	
407	591	
408	591	
407	592	
407	593	
407	594	
406	595	
405	596	
407	597	
405	598	
407	599	
406	600	
405	601	
405	602	
405	603	
406	603	
406	604	
405	605	
405	606	
405	607	
405	608	
406	609	
405	610	
405	611	
407	612	
406	613	
406	614	
405	615	
406	616	
405	617	
405	618	
405	619	
405	620	
405	621	
405	622	
406	623	
407	624	
407	625	
407	626	
407	627	
406	628	
407	628	
406	629	
405	630	
406	631	
406	632	
405	633	
406	633	
406	634	
407	635	
407	636	
406	637	
405	638	
405	639	
405	640	
405	641	
405	642	
405	643	
405	644	
405	645	
404	646	
404	647	
404	648	
404	649	
403	650	
403	651	
404	652	
404	653	
404	654	
404	655	
403	656	
404	657	
403	658	
404	659	
404	660	
403	661	
403	662	
403	663	
404	664	
404	665	
404	666	
405	667	
404	668	
405	669	
404	670	
405	671	
405	672	
404	673	
405	673	
405	674	
405	675	
405	676	
407	677	
403	678	
406	679	
406	680	
406	681	
405	682	
406	682	
407	683	
406	684	
407	685	
406	686	
407	687	
407	688	
407	689	
406	690	
407	691	
407	692	
408	693	
408	694	
408	695	
408	696	
408	697	
408	698	
408	699	
408	700	
408	701	
408	702	
408	703	
409	704	
407	705	
407	706	
408	707	
408	708	
407	709	
408	709	
407	710	
407	711	
407	712	
407	713	
407	714	
407	715	
407	716	
407	717	
406	718	
408	719	
405	720	
405	721	
406	721	
405	722	
405	723	
406	724	
406	725	
406	726	
407	727	
407	728	
406	729	
406	730	
407	731	
406	732	
407	733	
405	734	
406	735	
407	735	
406	736	
405	737	
405	738	
406	739	
406	740	
405	741	
405	742	
407	743	
407	744	
407	745	
406	746	
407	747	
406	748	
407	749	
408	750	
408	751	
407	752	
407	753	
407	754	
407	755	
408	756	
407	757	
407	758	
407	759	
408	759	
407	760	
408	761	
409	762	
406	763	
409	764	
407	765	
408	766	
408	767	
408	768	
407	769	
407	770	
408	771	
408	772	
407	773	
408	774	
409	775	
409	776	
409	777	
409	778	
409	779	
409	780	
409	781	
409	782	
408	783	
411	783	
411	784	
411	785	
410	786	
410	787	
410	788	
410	789	
411	790	
411	791	
410	792	
411	793	
410	794	
412	795	
409	796	
410	797	
410	798	
410	799	
411	800	
411	801	
411	802	
411	803	
411	804	
411	805	
411	806	
412	807	
411	808	
411	809	
411	810	
411	811	
411	812	
411	813	
411	814	
411	815	
411	816	
411	817	
411	818	
411	819	
412	819	
412	820	
412	821	
412	822	
412	823	
412	824	
413	824	
412	825	
411	826	
412	827	
412	828	
412	829	
413	830	
412	831	
412	832	
412	833	
413	834	
413	835	
412	836	
412	837	
412	838	
413	839	
412	840	
413	841	
412	842	
413	842	
412	843	
412	844	
411	845	
412	846	
412	847	
411	848	
411	849	
411	850	
411	851	
411	852	
411	853	
413	854	
411	855	
412	855	
411	856	
411	857	
411	858	
411	859	
411	860	
413	861	
413	862	
414	863	
411	864	
413	864	
412	865	
412	866	
412	867	
412	868	
411	869	
411	870	
413	871	
413	872	
412	873	
412	874	
413	874	
412	875	
412	876	
412	877	
412	878	
412	879	
412	880	
413	881	
413	882	
412	883	
412	884	
412	885	
412	886	
413	887	
413	888	
414	889	
412	890	
412	891	
412	892	
412	893	
415	894	
415	895	
414	896	
413	897	
413	898	
413	899	
413	900	
413	901	
413	902	
414	903	
416	904	
415	905	
414	906	
414	907	
414	908	
414	909	
415	910	
416	910	
414	911	
414	912	
414	913	
417	914	
416	915	
417	915	
416	916	
415	917	
415	918	
415	919	
414	920	
415	921	
416	922	
416	923	
416	924	
417	925	
415	926	
416	927	
417	928	
414	950	
414	951	
414	952	
414	953	
415	954	
415	955	
416	956	
415	957	
416	957	
409	1050	
404	1064	
404	1072	
405	1073	
402	1079	
402	1080	
401	1087	
402	1091	
402	1092	
402	1093	
402	1094	
402	1095	
402	1096	
