423	343	
423	344	
423	345	
423	346	
423	347	
423	348	
423	349	
423	350	
423	351	
423	352	
423	353	
424	353	
423	354	
422	355	
422	356	
422	357	
421	358	
422	358	
423	359	
421	360	
423	360	
423	361	
423	362	
422	363	
422	364	
422	365	
421	366	
422	367	
421	368	
422	368	
422	369	
422	370	
422	371	
422	372	
422	373	
422	374	
422	375	
422	376	
422	377	
422	378	
422	379	
423	379	
422	380	
422	381	
422	382	
422	383	
422	384	
422	385	
422	386	
422	387	
423	387	
423	388	
422	389	
422	390	
423	391	
423	392	
423	393	
423	394	
423	395	
423	396	
423	397	
423	398	
423	399	
423	400	
423	401	
423	402	
424	403	
424	404	
423	405	
423	406	
423	407	
423	408	
423	409	
424	410	
423	411	
423	412	
423	413	
423	414	
423	415	
424	416	
424	417	
424	418	
425	419	
425	420	
417	421	
417	422	
417	423	
417	424	
415	425	
415	426	
415	427	
416	428	
416	429	
415	430	
415	431	
415	432	
414	433	
414	434	
413	435	
414	436	
413	437	
414	438	
413	439	
413	440	
413	441	
413	442	
413	443	
413	444	
413	445	
414	446	
414	447	
413	448	
413	449	
413	450	
412	451	
411	452	
411	453	
411	454	
412	455	
412	456	
411	457	
411	458	
411	459	
411	460	
411	461	
411	462	
412	463	
412	464	
412	465	
412	466	
412	467	
412	468	
411	469	
412	469	
411	470	
412	471	
412	472	
412	473	
412	474	
412	475	
411	476	
411	477	
412	478	
411	479	
412	480	
412	481	
412	482	
411	483	
412	483	
411	484	
413	485	
413	486	
412	487	
413	488	
413	489	
414	490	
413	491	
414	491	
414	492	
413	493	
414	494	
414	495	
413	496	
413	497	
414	497	
414	498	
415	498	
414	499	
413	500	
414	500	
414	501	
415	501	
414	502	
414	503	
415	504	
414	505	
415	506	
413	507	
414	508	
415	509	
416	510	
415	511	
415	512	
415	513	
416	514	
416	515	
415	516	
416	516	
416	517	
416	518	
416	519	
416	520	
416	521	
417	522	
417	523	
417	524	
418	525	
418	526	
418	527	
418	528	
418	529	
418	530	
419	531	
419	532	
418	533	
418	534	
418	535	
418	536	
419	536	
419	537	
419	538	
419	539	
418	540	
418	541	
419	542	
418	543	
418	544	
419	544	
418	545	
418	546	
418	547	
418	548	
419	548	
419	549	
419	550	
418	551	
417	552	
417	553	
416	554	
417	555	
417	556	
417	557	
415	558	
415	559	
413	560	
414	561	
413	562	
414	563	
414	564	
413	565	
413	566	
411	567	
411	568	
411	569	
412	569	
413	569	
411	570	
413	571	
411	572	
412	573	
412	574	
412	575	
411	576	
412	577	
411	578	
411	579	
411	580	
411	581	
411	582	
409	583	
411	584	
410	585	
409	586	
410	586	
410	587	
410	588	
409	589	
409	590	
409	591	
409	592	
410	593	
409	594	
410	595	
409	596	
409	597	
410	598	
409	599	
410	600	
410	601	
407	602	
407	603	
407	604	
407	605	
407	606	
408	607	
408	608	
408	609	
407	610	
407	611	
408	612	
407	613	
408	614	
408	615	
408	616	
410	617	
410	618	
410	619	
410	620	
410	621	
410	622	
409	623	
409	624	
410	625	
409	626	
409	627	
410	628	
409	629	
408	630	
409	631	
409	632	
408	633	
407	634	
408	635	
408	636	
408	637	
409	638	
408	639	
407	640	
408	641	
407	642	
407	643	
408	644	
407	645	
407	646	
407	647	
408	648	
408	649	
406	650	
406	651	
405	652	
407	653	
406	654	
406	655	
406	656	
407	657	
407	658	
408	659	
406	660	
406	661	
407	662	
406	663	
406	664	
407	665	
407	666	
407	667	
407	668	
408	669	
406	670	
408	671	
407	672	
408	673	
407	674	
408	675	
408	676	
408	677	
407	678	
408	679	
408	680	
408	681	
407	682	
408	683	
407	684	
410	685	
409	686	
410	687	
410	688	
409	689	
410	690	
409	691	
410	692	
411	693	
410	694	
411	695	
410	696	
411	697	
410	698	
411	699	
410	700	
410	701	
409	702	
411	702	
410	703	
410	704	
410	705	
410	706	
409	707	
409	708	
410	709	
410	710	
409	711	
409	712	
410	713	
410	714	
410	715	
409	716	
410	717	
410	718	
409	719	
410	720	
410	721	
410	722	
410	723	
411	724	
410	725	
410	726	
410	727	
409	728	
410	728	
408	729	
408	730	
409	731	
410	731	
411	731	
409	732	
410	733	
410	734	
409	735	
410	735	
410	736	
409	737	
409	738	
410	738	
410	739	
409	740	
410	740	
410	741	
411	741	
410	742	
410	743	
409	744	
409	745	
409	746	
410	747	
410	748	
410	749	
410	750	
410	751	
410	752	
410	753	
410	754	
410	755	
410	756	
410	757	
410	758	
410	759	
410	760	
410	761	
410	762	
410	763	
410	764	
409	765	
409	766	
410	767	
410	768	
411	769	
410	770	
411	771	
412	772	
412	773	
412	774	
413	775	
413	776	
413	777	
411	778	
412	778	
412	779	
412	780	
412	781	
412	782	
413	782	
412	783	
412	784	
413	785	
413	786	
413	787	
413	788	
413	789	
412	790	
412	791	
413	791	
413	792	
413	793	
414	794	
413	795	
413	796	
414	797	
414	798	
414	799	
414	800	
413	801	
413	802	
414	803	
413	804	
414	804	
414	805	
413	806	
413	807	
414	807	
414	808	
413	809	
413	810	
414	811	
414	812	
415	812	
415	813	
415	814	
415	815	
413	816	
413	817	
414	818	
414	819	
414	820	
414	821	
413	822	
413	823	
414	824	
415	824	
414	825	
414	826	
414	827	
413	828	
414	829	
415	829	
414	830	
414	831	
415	832	
414	833	
415	833	
414	834	
414	835	
414	836	
414	837	
414	838	
415	838	
414	839	
414	840	
414	841	
415	842	
414	843	
415	843	
416	844	
413	845	
413	846	
416	847	
415	848	
415	849	
414	850	
414	851	
414	852	
415	853	
414	854	
415	854	
414	855	
414	856	
414	857	
414	858	
413	859	
414	860	
414	861	
414	862	
414	863	
415	864	
415	865	
414	866	
415	867	
416	867	
416	868	
415	869	
415	870	
415	871	
414	872	
414	873	
416	874	
415	875	
415	876	
416	877	
416	878	
415	879	
415	880	
415	881	
415	882	
416	883	
416	884	
416	885	
416	886	
417	887	
417	888	
417	889	
417	890	
416	891	
415	892	
416	893	
416	894	
417	894	
416	895	
417	895	
417	896	
417	897	
418	898	
416	899	
416	900	
418	901	
417	902	
417	903	
417	904	
417	905	
417	906	
417	907	
417	908	
419	909	
419	910	
418	911	
418	912	
419	913	
418	914	
419	914	
417	915	
418	916	
419	917	
419	918	
419	919	
419	920	
419	921	
418	922	
418	923	
418	924	
419	925	
419	926	
419	927	
419	928	
417	948	
417	949	
417	950	
417	951	
417	952	
417	957	
418	963	
418	964	
418	965	
418	966	
417	967	
404	1088	
404	1089	
404	1090	
404	1106	
404	1107	
404	1108	
