490	53	
494	83	
425	345	
424	346	
424	347	
424	348	
424	349	
424	350	
424	351	
424	352	
424	353	
423	354	
423	355	
423	356	
423	357	
423	358	
423	359	
424	359	
423	360	
423	361	
423	362	
424	363	
423	364	
423	365	
423	366	
423	367	
423	368	
424	369	
423	370	
423	371	
423	372	
423	373	
423	374	
423	375	
423	376	
422	377	
423	377	
422	378	
422	379	
423	380	
422	381	
423	382	
423	383	
423	384	
422	385	
422	386	
422	387	
423	388	
423	389	
423	390	
423	391	
423	392	
423	393	
423	394	
424	395	
424	396	
423	397	
423	398	
423	399	
423	400	
423	401	
423	402	
423	403	
423	404	
423	405	
424	406	
424	407	
423	408	
423	409	
423	410	
424	411	
425	412	
424	413	
425	414	
425	415	
425	416	
424	417	
425	417	
425	418	
424	419	
424	420	
419	421	
419	422	
418	423	
417	424	
415	425	
415	426	
415	427	
415	428	
415	429	
415	430	
415	431	
414	432	
414	433	
414	434	
414	435	
413	436	
413	437	
415	438	
414	439	
413	440	
414	441	
414	442	
414	443	
413	444	
413	445	
413	446	
413	447	
413	448	
413	449	
413	450	
413	451	
413	452	
413	453	
414	454	
414	455	
414	456	
413	457	
413	458	
414	458	
414	459	
413	460	
414	461	
413	462	
413	463	
412	464	
412	465	
412	466	
412	467	
412	468	
412	469	
413	470	
413	471	
413	472	
413	473	
413	474	
413	475	
412	476	
413	477	
413	478	
415	478	
414	479	
413	480	
412	481	
413	481	
412	482	
413	483	
413	484	
414	484	
413	485	
415	486	
414	487	
414	488	
413	489	
414	490	
414	491	
414	492	
413	493	
414	494	
414	495	
413	496	
414	497	
412	498	
413	499	
415	500	
415	501	
414	502	
416	503	
415	504	
415	505	
415	506	
415	507	
416	508	
415	509	
416	510	
415	511	
416	512	
417	513	
416	514	
416	515	
416	516	
416	517	
416	518	
417	518	
417	519	
417	520	
417	521	
417	522	
417	523	
417	524	
418	525	
418	526	
418	527	
419	527	
419	528	
419	529	
419	530	
419	531	
419	532	
420	533	
419	534	
420	535	
419	536	
420	537	
419	538	
420	538	
419	539	
419	540	
418	541	
419	542	
418	543	
419	544	
418	545	
419	546	
418	547	
417	548	
418	549	
418	550	
419	550	
418	551	
417	552	
418	553	
418	554	
417	555	
419	556	
417	557	
417	558	
415	559	
415	560	
415	561	
413	562	
414	562	
414	563	
413	564	
414	565	
413	566	
414	567	
413	568	
413	569	
412	570	
413	571	
413	572	
413	573	
411	574	
410	575	
411	576	
412	577	
412	578	
412	579	
412	580	
413	581	
413	582	
412	583	
411	584	
411	585	
412	586	
411	587	
411	588	
409	589	
410	589	
409	590	
410	591	
411	591	
409	592	
410	593	
409	594	
409	595	
409	596	
409	597	
409	598	
409	599	
410	600	
409	601	
410	602	
410	603	
410	604	
410	605	
410	606	
409	607	
409	608	
409	609	
407	610	
410	611	
408	612	
409	613	
410	614	
410	615	
409	616	
410	617	
410	618	
409	619	
409	620	
411	620	
411	621	
410	622	
410	623	
410	624	
409	625	
410	625	
410	626	
410	627	
409	628	
409	629	
409	630	
409	631	
409	632	
409	633	
408	634	
408	635	
407	636	
409	637	
408	638	
407	639	
407	640	
408	641	
407	642	
408	643	
408	644	
407	645	
407	646	
408	647	
408	648	
407	649	
407	650	
407	651	
407	652	
408	653	
407	654	
407	655	
405	656	
406	656	
406	657	
405	658	
406	659	
408	659	
406	660	
407	660	
408	660	
408	661	
407	662	
407	663	
408	664	
408	665	
408	666	
409	667	
407	668	
408	669	
407	670	
408	671	
407	672	
407	673	
408	674	
409	675	
410	676	
407	677	
408	677	
409	678	
408	679	
408	680	
408	681	
409	682	
409	683	
410	684	
410	685	
410	686	
410	687	
411	688	
411	689	
410	690	
410	691	
411	691	
410	692	
411	692	
412	692	
411	693	
412	694	
412	695	
411	696	
411	697	
412	698	
412	699	
411	700	
411	701	
412	701	
412	702	
411	703	
412	704	
411	705	
412	705	
412	706	
412	707	
412	708	
412	709	
410	710	
410	711	
410	712	
411	713	
410	714	
411	715	
410	716	
410	717	
410	718	
411	719	
410	720	
410	721	
410	722	
410	723	
410	724	
411	725	
411	726	
410	727	
410	728	
410	729	
411	730	
409	731	
410	732	
410	733	
409	734	
409	735	
410	736	
410	737	
410	738	
410	739	
410	740	
410	741	
410	742	
410	743	
410	744	
410	745	
411	746	
410	747	
411	748	
410	749	
411	750	
410	751	
411	752	
410	753	
411	754	
411	755	
411	756	
411	757	
411	758	
410	759	
410	760	
412	761	
412	762	
411	763	
411	764	
412	765	
411	766	
412	767	
411	768	
411	769	
412	770	
412	771	
412	772	
412	773	
412	774	
412	775	
412	776	
412	777	
413	778	
413	779	
411	780	
411	781	
411	782	
413	783	
412	784	
413	785	
413	786	
412	787	
412	788	
414	789	
414	790	
413	791	
413	792	
413	793	
414	794	
414	795	
414	796	
414	797	
415	797	
414	798	
414	799	
414	800	
415	801	
415	802	
414	803	
414	804	
413	805	
414	805	
413	806	
413	807	
413	808	
413	809	
414	810	
414	811	
414	812	
414	813	
414	814	
414	815	
413	816	
413	817	
413	818	
414	819	
414	820	
414	821	
414	822	
414	823	
415	824	
414	825	
415	826	
416	827	
416	828	
416	829	
416	830	
416	831	
416	832	
416	833	
416	834	
414	835	
415	836	
415	837	
415	838	
414	839	
415	840	
414	841	
416	842	
415	843	
416	844	
416	845	
416	846	
416	847	
416	848	
416	849	
416	850	
416	851	
416	852	
415	853	
416	853	
415	854	
414	855	
414	856	
416	857	
416	858	
417	859	
417	860	
415	861	
416	861	
415	862	
415	863	
416	864	
417	865	
417	866	
417	867	
417	868	
417	869	
417	870	
417	871	
416	872	
417	872	
417	873	
415	874	
415	875	
416	876	
416	877	
416	878	
417	878	
417	879	
417	880	
415	881	
415	882	
415	883	
415	884	
417	885	
416	886	
417	886	
416	887	
416	888	
416	889	
416	890	
417	891	
417	892	
416	893	
418	894	
417	895	
417	896	
417	897	
416	898	
418	899	
417	900	
417	901	
417	902	
419	903	
418	904	
418	905	
418	906	
418	907	
419	908	
418	909	
418	910	
419	911	
419	912	
418	913	
419	913	
418	914	
418	915	
418	916	
418	917	
418	918	
419	918	
420	919	
420	920	
420	921	
419	922	
419	923	
419	924	
420	925	
421	926	
421	927	
420	928	
420	929	
417	948	
417	949	
417	950	
418	951	
419	953	
418	954	
419	954	
419	963	
418	964	
418	965	
417	966	
417	967	
412	1046	
410	1056	
