496	70	
429	351	
429	352	
429	353	
429	354	
429	355	
429	356	
428	357	
427	358	
427	359	
427	360	
427	361	
426	362	
427	362	
426	363	
426	364	
426	365	
426	366	
426	367	
426	368	
426	369	
426	370	
427	371	
425	372	
425	373	
425	374	
427	375	
427	376	
427	377	
426	378	
426	379	
426	380	
426	381	
426	382	
426	383	
426	384	
426	385	
427	386	
427	387	
426	388	
427	388	
427	389	
427	390	
427	391	
425	392	
425	393	
426	393	
426	394	
426	395	
426	396	
427	397	
427	398	
426	399	
426	400	
429	401	
428	402	
427	403	
427	404	
427	405	
426	406	
427	406	
426	407	
425	408	
428	409	
429	409	
428	410	
427	411	
427	412	
427	413	
428	414	
428	415	
427	416	
427	417	
428	418	
427	419	
427	420	
427	421	
421	422	
421	423	
421	424	
420	425	
419	426	
420	427	
419	428	
419	429	
419	430	
419	431	
418	432	
418	433	
418	434	
417	435	
417	436	
417	437	
418	438	
417	439	
417	440	
417	441	
417	442	
417	443	
417	444	
417	445	
416	446	
417	446	
416	447	
416	448	
418	449	
418	450	
416	451	
415	452	
416	453	
416	454	
417	455	
417	456	
416	457	
417	457	
416	458	
415	459	
415	460	
416	461	
417	462	
417	463	
417	464	
416	465	
415	466	
416	466	
417	467	
416	468	
417	469	
417	470	
417	471	
416	472	
416	473	
415	474	
416	474	
415	475	
416	475	
416	476	
416	477	
416	478	
416	479	
415	480	
416	481	
417	481	
416	482	
417	483	
417	484	
417	485	
418	486	
417	487	
417	488	
417	489	
417	490	
418	490	
418	491	
417	492	
417	493	
418	494	
417	495	
417	496	
417	497	
418	498	
418	499	
417	500	
419	500	
418	501	
419	502	
419	503	
419	504	
419	505	
420	506	
420	507	
419	508	
420	509	
420	510	
420	511	
421	512	
421	513	
421	514	
420	515	
420	516	
421	517	
421	518	
421	519	
421	520	
421	521	
421	522	
421	523	
421	524	
423	525	
423	526	
423	527	
423	528	
423	529	
424	530	
423	531	
424	531	
423	532	
424	533	
423	534	
424	535	
423	536	
424	537	
424	538	
423	539	
423	540	
423	541	
424	541	
423	542	
423	543	
423	544	
423	545	
422	546	
423	546	
422	547	
422	548	
423	549	
422	550	
422	551	
422	552	
422	553	
421	554	
422	555	
422	556	
421	557	
421	558	
420	559	
421	559	
421	560	
421	561	
420	562	
421	563	
421	564	
417	565	
417	566	
416	567	
417	568	
417	569	
417	570	
417	571	
417	572	
416	573	
416	574	
416	575	
416	576	
417	577	
416	578	
416	579	
417	579	
415	580	
416	580	
417	580	
416	581	
416	582	
415	583	
415	584	
415	585	
415	586	
415	587	
416	588	
415	589	
414	590	
414	591	
415	592	
414	593	
413	594	
414	594	
415	594	
414	595	
414	596	
413	597	
413	598	
414	599	
414	600	
413	601	
413	602	
414	602	
413	603	
414	603	
413	604	
414	604	
414	605	
414	606	
414	607	
414	608	
415	608	
413	609	
414	609	
413	610	
413	611	
413	612	
414	613	
415	614	
413	615	
415	616	
414	617	
415	617	
415	618	
415	619	
415	620	
415	621	
413	622	
414	623	
413	624	
413	625	
414	626	
414	627	
413	628	
414	629	
414	630	
415	631	
415	632	
415	633	
415	634	
413	635	
413	636	
413	637	
412	638	
411	639	
412	639	
413	640	
413	641	
412	642	
413	643	
412	644	
412	645	
411	646	
412	647	
411	648	
411	649	
410	650	
411	651	
411	652	
412	652	
412	653	
411	654	
410	655	
411	656	
411	657	
412	657	
412	658	
411	659	
412	660	
411	661	
412	662	
412	663	
412	664	
413	665	
412	666	
411	667	
412	668	
411	669	
411	670	
412	671	
411	672	
411	673	
411	674	
412	675	
411	676	
411	677	
412	678	
412	679	
411	680	
412	681	
412	682	
413	683	
414	684	
414	685	
414	686	
414	687	
415	688	
414	689	
413	690	
415	691	
414	692	
415	693	
415	694	
413	695	
415	696	
415	697	
415	698	
416	698	
414	699	
416	700	
414	701	
416	702	
416	703	
416	704	
417	705	
413	706	
414	707	
413	708	
414	708	
414	709	
415	710	
415	711	
414	712	
415	713	
414	714	
415	715	
415	716	
415	717	
415	718	
414	719	
415	720	
415	721	
415	722	
415	723	
415	724	
415	725	
416	725	
416	726	
415	727	
414	728	
414	729	
414	730	
414	731	
413	732	
413	733	
415	733	
415	734	
414	735	
415	735	
414	736	
413	737	
416	738	
414	739	
414	740	
415	741	
414	742	
415	742	
414	743	
415	744	
415	745	
415	746	
415	747	
414	748	
415	748	
414	749	
415	750	
414	751	
414	752	
413	753	
414	753	
416	754	
416	755	
416	756	
415	757	
415	758	
416	759	
416	760	
416	761	
416	762	
415	763	
415	764	
416	765	
416	766	
415	767	
416	767	
416	768	
416	769	
416	770	
415	771	
415	772	
415	773	
417	773	
416	774	
415	775	
416	775	
416	776	
416	777	
417	778	
417	779	
417	780	
417	781	
417	782	
417	783	
417	784	
418	785	
418	786	
418	787	
418	788	
419	789	
417	790	
419	791	
419	792	
418	793	
417	794	
418	795	
418	796	
418	797	
418	798	
417	799	
417	800	
418	801	
418	802	
418	803	
418	804	
417	805	
418	806	
418	807	
417	808	
418	808	
417	809	
418	810	
418	811	
418	812	
417	813	
417	814	
418	815	
418	816	
419	817	
418	818	
419	818	
418	819	
418	820	
418	821	
418	822	
418	823	
418	824	
418	825	
418	826	
418	827	
418	828	
418	829	
419	830	
419	831	
420	832	
419	833	
418	834	
417	835	
419	836	
419	837	
418	838	
418	839	
419	840	
418	841	
418	842	
418	843	
418	844	
418	845	
418	846	
418	847	
419	848	
419	849	
418	850	
420	850	
419	851	
420	851	
421	852	
420	853	
420	854	
419	855	
419	856	
418	857	
419	858	
419	859	
420	860	
420	861	
420	862	
420	863	
419	864	
419	865	
419	866	
419	867	
420	868	
420	869	
419	870	
419	871	
420	872	
420	873	
420	874	
419	875	
420	875	
419	876	
420	877	
420	878	
420	879	
421	880	
420	881	
420	882	
420	883	
420	884	
421	885	
421	886	
421	887	
421	888	
421	889	
421	890	
421	891	
420	892	
420	893	
420	894	
422	895	
422	896	
422	897	
420	898	
420	899	
420	900	
421	901	
422	902	
421	903	
422	904	
421	905	
421	906	
423	907	
423	908	
422	909	
423	909	
421	910	
422	911	
422	912	
423	913	
423	914	
422	915	
422	916	
422	917	
423	918	
423	919	
423	920	
423	921	
423	922	
422	923	
421	924	
425	925	
425	926	
425	927	
424	928	
425	929	
423	962	
423	965	
421	966	
408	1102	
408	1103	
408	1104	
406	1113	
