431	361	
432	362	
433	363	
433	364	
432	365	
432	366	
431	367	
431	368	
431	369	
431	370	
431	371	
431	372	
432	373	
432	374	
432	375	
431	376	
431	377	
431	378	
431	379	
431	380	
431	381	
431	382	
431	383	
431	384	
431	385	
430	386	
430	387	
430	388	
430	389	
431	390	
431	391	
431	392	
431	393	
431	394	
431	395	
431	396	
431	397	
431	398	
431	399	
431	400	
431	401	
431	402	
430	403	
431	403	
431	404	
431	405	
432	406	
432	407	
431	408	
432	408	
431	409	
432	410	
432	411	
433	412	
432	413	
432	414	
433	414	
431	415	
432	416	
431	417	
432	418	
432	419	
432	420	
432	421	
431	422	
431	423	
427	424	
425	425	
425	426	
425	427	
425	428	
425	429	
425	430	
423	431	
423	432	
421	433	
422	434	
422	435	
423	436	
422	437	
422	438	
421	439	
421	440	
422	441	
422	442	
422	443	
422	444	
422	445	
423	445	
422	446	
421	447	
421	448	
421	449	
421	450	
421	451	
421	452	
421	453	
422	454	
422	455	
421	456	
421	457	
422	458	
422	459	
422	460	
421	461	
421	462	
421	463	
421	464	
422	464	
421	465	
421	466	
421	467	
421	468	
422	469	
419	470	
420	471	
420	472	
420	473	
421	474	
421	475	
422	476	
422	477	
421	478	
422	478	
421	479	
422	480	
422	481	
422	482	
421	483	
421	484	
422	485	
422	486	
421	487	
423	488	
422	489	
422	490	
422	491	
422	492	
421	493	
421	494	
422	495	
422	496	
422	497	
422	498	
423	499	
422	500	
423	501	
422	502	
423	503	
423	504	
423	505	
423	506	
424	506	
423	507	
424	508	
424	509	
423	510	
423	511	
424	512	
426	512	
425	513	
425	514	
425	515	
425	516	
425	517	
425	518	
425	519	
426	519	
426	520	
425	521	
426	522	
425	523	
427	524	
428	525	
427	526	
427	527	
427	528	
428	529	
427	530	
428	530	
428	531	
428	532	
429	533	
429	534	
429	535	
430	536	
429	537	
429	538	
427	539	
427	540	
427	541	
427	542	
427	543	
427	544	
426	545	
428	546	
427	547	
428	548	
427	549	
427	550	
427	551	
427	552	
427	553	
427	554	
427	555	
427	556	
427	557	
427	558	
427	559	
426	560	
425	561	
425	562	
425	563	
426	564	
426	565	
425	566	
425	567	
425	568	
425	569	
423	570	
425	571	
425	572	
423	573	
423	574	
422	575	
423	575	
421	576	
421	577	
421	578	
421	579	
421	580	
421	581	
420	582	
419	583	
419	584	
420	585	
419	586	
419	587	
420	588	
421	589	
419	590	
420	591	
419	592	
419	593	
419	594	
419	595	
419	596	
420	597	
419	598	
420	599	
419	600	
419	601	
419	602	
419	603	
420	604	
420	605	
420	606	
420	607	
419	608	
419	609	
420	610	
419	611	
420	612	
419	613	
420	613	
419	614	
419	615	
419	616	
419	617	
419	618	
419	619	
419	620	
419	621	
419	622	
420	623	
419	624	
421	625	
421	626	
421	627	
420	628	
421	628	
421	629	
421	630	
421	631	
421	632	
421	633	
421	634	
421	635	
421	636	
420	637	
421	638	
420	639	
420	640	
421	640	
421	641	
420	642	
420	643	
420	644	
420	645	
421	646	
421	647	
419	648	
419	649	
418	650	
419	651	
419	652	
419	653	
419	654	
419	655	
420	656	
418	657	
417	658	
417	659	
417	660	
417	661	
417	662	
417	663	
418	663	
417	664	
417	665	
416	666	
416	667	
417	668	
417	669	
418	670	
417	671	
419	672	
418	673	
418	674	
417	675	
418	676	
418	677	
418	678	
419	679	
419	680	
417	681	
418	681	
418	682	
418	683	
419	684	
418	685	
418	686	
418	687	
417	688	
418	689	
417	690	
417	691	
418	692	
419	693	
419	694	
419	695	
420	696	
419	697	
420	697	
420	698	
421	699	
419	700	
420	700	
420	701	
421	702	
420	703	
420	704	
421	704	
419	705	
420	706	
419	707	
420	708	
419	709	
419	710	
419	711	
419	712	
419	713	
419	714	
419	715	
420	716	
419	717	
420	718	
420	719	
420	720	
419	721	
419	722	
420	722	
419	723	
420	724	
420	725	
419	726	
419	727	
421	728	
419	729	
421	729	
420	730	
421	731	
419	732	
420	733	
419	734	
419	735	
420	736	
420	737	
419	738	
421	739	
419	740	
421	741	
421	742	
420	743	
420	744	
420	745	
421	746	
419	747	
419	748	
421	748	
421	749	
420	750	
420	751	
419	752	
420	753	
420	754	
419	755	
420	756	
420	757	
419	758	
419	759	
420	759	
420	760	
420	761	
419	762	
420	762	
420	763	
420	764	
421	765	
421	766	
421	767	
421	768	
422	769	
422	770	
420	771	
420	772	
419	773	
419	774	
420	775	
422	776	
422	777	
422	778	
422	779	
421	780	
422	781	
422	782	
424	783	
423	784	
422	785	
422	786	
421	787	
423	788	
422	789	
422	790	
422	791	
422	792	
421	793	
422	793	
421	794	
421	795	
422	796	
422	797	
422	798	
422	799	
423	799	
423	800	
422	801	
423	801	
422	802	
422	803	
423	804	
423	805	
423	806	
423	807	
422	808	
423	809	
423	810	
423	811	
423	812	
423	813	
424	813	
424	814	
423	815	
423	816	
422	817	
422	818	
423	819	
423	820	
423	821	
423	822	
424	822	
423	823	
423	824	
424	825	
424	826	
424	827	
424	828	
423	829	
424	830	
424	831	
424	832	
424	833	
424	834	
423	835	
423	836	
424	837	
423	838	
424	839	
424	840	
423	841	
423	842	
423	843	
424	843	
423	844	
423	845	
423	846	
424	847	
423	848	
423	849	
423	850	
424	851	
423	852	
423	853	
423	854	
423	855	
423	856	
423	857	
423	858	
423	859	
424	859	
424	860	
424	861	
424	862	
425	863	
425	864	
425	865	
424	866	
424	867	
424	868	
424	869	
424	870	
423	871	
423	872	
423	873	
423	874	
424	875	
425	876	
425	877	
425	878	
424	879	
425	880	
425	881	
424	882	
424	883	
424	884	
425	885	
425	886	
426	886	
425	887	
425	888	
425	889	
425	890	
424	891	
425	891	
425	892	
425	893	
425	894	
427	895	
424	896	
425	897	
425	898	
426	899	
426	900	
427	901	
427	902	
427	903	
427	904	
426	905	
425	906	
427	907	
427	908	
427	909	
427	910	
428	911	
428	912	
428	913	
427	914	
427	915	
427	916	
428	916	
428	917	
428	918	
427	919	
427	920	
427	921	
427	922	
427	923	
427	924	
427	925	
427	926	
427	927	
429	928	
416	1093	
416	1094	
414	1117	
