504	76	
504	77	
435	371	
436	372	
437	373	
437	374	
437	375	
437	376	
437	377	
436	378	
435	379	
435	380	
436	381	
436	382	
436	383	
436	384	
435	385	
435	386	
435	387	
435	388	
436	388	
435	389	
435	390	
435	391	
435	392	
435	393	
435	394	
435	395	
436	396	
435	397	
435	398	
434	399	
434	400	
435	401	
435	402	
434	403	
434	404	
435	405	
435	406	
435	407	
435	408	
434	409	
434	410	
434	411	
436	412	
435	413	
435	414	
435	415	
435	416	
435	417	
435	418	
436	418	
435	419	
435	420	
436	421	
435	422	
436	423	
435	424	
431	425	
431	426	
429	427	
429	428	
429	429	
427	430	
429	431	
429	432	
429	433	
428	434	
426	435	
427	436	
426	437	
428	437	
427	438	
427	439	
427	440	
426	441	
427	441	
426	442	
426	443	
426	444	
427	444	
426	445	
426	446	
426	447	
425	448	
425	449	
425	450	
425	451	
426	451	
425	452	
426	452	
425	453	
426	453	
426	454	
426	455	
425	456	
426	457	
426	458	
425	459	
425	460	
425	461	
426	462	
425	463	
425	464	
425	465	
425	466	
425	467	
426	468	
425	469	
425	470	
426	471	
425	472	
426	473	
425	474	
426	474	
426	475	
425	476	
425	477	
425	478	
425	479	
426	480	
426	481	
425	482	
425	483	
426	484	
426	485	
425	486	
426	486	
425	487	
426	488	
425	489	
426	490	
427	491	
425	492	
427	493	
427	494	
425	495	
426	496	
427	497	
427	498	
427	499	
427	500	
427	501	
428	502	
427	503	
428	504	
428	505	
428	506	
428	507	
428	508	
427	509	
428	510	
429	511	
429	512	
428	513	
429	514	
428	515	
429	515	
429	516	
429	517	
430	518	
430	519	
429	520	
430	521	
429	522	
430	522	
430	523	
431	524	
432	525	
431	526	
431	527	
431	528	
432	529	
433	530	
433	531	
433	532	
432	533	
434	534	
433	535	
432	536	
433	536	
433	537	
433	538	
433	539	
432	540	
432	541	
432	542	
432	543	
431	544	
431	545	
430	546	
430	547	
431	547	
431	548	
429	549	
429	550	
429	551	
429	552	
431	552	
431	553	
429	554	
430	555	
430	556	
430	557	
430	558	
431	559	
429	560	
429	561	
429	562	
430	563	
429	564	
430	564	
429	565	
430	566	
429	567	
429	568	
429	569	
429	570	
429	571	
427	572	
428	572	
429	572	
427	573	
428	574	
427	575	
427	576	
427	577	
428	578	
428	579	
428	580	
428	581	
428	582	
427	583	
427	584	
427	585	
427	586	
427	587	
427	588	
427	589	
427	590	
427	591	
426	592	
425	593	
426	593	
425	594	
425	595	
425	596	
427	597	
425	598	
425	599	
426	600	
426	601	
426	602	
425	603	
425	604	
426	605	
426	606	
426	607	
426	608	
426	609	
425	610	
426	611	
425	612	
426	613	
426	614	
425	615	
426	616	
425	617	
424	618	
424	619	
425	620	
426	620	
425	621	
426	622	
425	623	
426	624	
426	625	
426	626	
426	627	
426	628	
425	629	
425	630	
426	631	
426	632	
426	633	
427	634	
426	635	
426	636	
426	637	
426	638	
426	639	
426	640	
425	641	
426	642	
426	643	
426	644	
426	645	
426	646	
426	647	
426	648	
425	649	
425	650	
425	651	
425	652	
425	653	
423	654	
423	655	
423	656	
423	657	
422	658	
423	659	
422	660	
421	661	
423	662	
421	663	
422	664	
423	665	
423	666	
423	667	
422	668	
421	669	
421	670	
421	671	
421	672	
421	673	
421	674	
422	674	
421	675	
425	676	
425	677	
425	678	
422	679	
421	680	
421	681	
422	681	
421	682	
421	683	
421	684	
423	684	
423	685	
421	686	
424	687	
423	688	
423	689	
423	690	
423	691	
423	692	
423	693	
423	694	
424	695	
424	696	
424	697	
423	698	
424	699	
424	700	
423	701	
423	702	
424	702	
425	703	
424	704	
424	705	
423	706	
426	706	
425	707	
425	708	
424	709	
424	710	
424	711	
424	712	
425	712	
425	713	
425	714	
425	715	
425	716	
425	717	
426	718	
423	719	
424	720	
424	721	
424	722	
424	723	
424	724	
424	725	
424	726	
425	727	
425	728	
425	729	
424	730	
425	731	
425	732	
425	733	
424	734	
426	734	
427	735	
425	736	
425	737	
425	738	
425	739	
423	740	
423	741	
424	741	
424	742	
424	743	
425	744	
425	745	
424	746	
425	747	
423	748	
423	749	
423	750	
423	751	
424	752	
423	753	
424	753	
424	754	
425	755	
425	756	
425	757	
425	758	
425	759	
425	760	
425	761	
425	762	
425	763	
426	763	
425	764	
425	765	
424	766	
426	767	
426	768	
424	769	
425	770	
426	771	
426	772	
426	773	
425	774	
426	774	
425	775	
425	776	
426	777	
425	778	
425	779	
426	780	
426	781	
426	782	
426	783	
426	784	
426	785	
427	786	
427	787	
427	788	
426	789	
426	790	
425	791	
426	792	
427	793	
426	794	
427	795	
426	796	
426	797	
426	798	
426	799	
428	800	
426	801	
427	801	
427	802	
427	803	
428	804	
428	805	
427	806	
427	807	
427	808	
426	809	
427	810	
427	811	
427	812	
426	813	
426	814	
426	815	
427	816	
427	817	
427	818	
428	819	
428	820	
428	821	
428	822	
427	823	
427	824	
427	825	
428	826	
427	827	
428	828	
427	829	
429	830	
429	831	
427	832	
428	833	
427	834	
428	834	
428	835	
428	836	
429	836	
429	837	
429	838	
427	839	
427	840	
428	841	
428	842	
429	843	
429	844	
428	845	
428	846	
427	847	
428	848	
428	849	
428	850	
428	851	
427	852	
429	852	
428	853	
428	854	
429	855	
428	856	
428	857	
428	858	
428	859	
428	860	
428	861	
428	862	
428	863	
428	864	
428	865	
428	866	
428	867	
429	868	
429	869	
428	870	
428	871	
428	872	
428	873	
429	874	
428	875	
428	876	
429	877	
429	878	
428	879	
428	880	
428	881	
428	882	
429	883	
430	884	
428	885	
428	886	
429	887	
430	888	
430	889	
430	890	
430	891	
429	892	
429	893	
429	894	
429	895	
429	896	
429	897	
430	898	
429	899	
431	900	
430	901	
430	902	
429	903	
429	904	
430	905	
432	906	
432	907	
431	908	
431	909	
431	910	
432	910	
432	911	
433	912	
433	913	
433	914	
433	915	
433	916	
432	917	
431	918	
432	919	
432	920	
432	921	
432	922	
432	923	
433	924	
433	925	
433	926	
433	927	
423	1061	
423	1062	
422	1064	
420	1066	
420	1067	
420	1075	
420	1076	
420	1077	
420	1078	
420	1081	
420	1082	
420	1083	
418	1087	
418	1088	
421	1093	
421	1094	
418	1095	
418	1096	
418	1097	
418	1098	
418	1103	
418	1104	
418	1105	
420	1106	
