439	379	
439	380	
439	381	
440	382	
441	382	
439	383	
439	384	
439	385	
439	386	
438	387	
439	387	
438	388	
438	389	
438	390	
438	391	
438	392	
438	393	
438	394	
438	395	
438	396	
437	397	
437	398	
437	399	
438	399	
438	400	
437	401	
437	402	
438	403	
438	404	
438	405	
438	406	
437	407	
437	408	
438	409	
438	410	
438	411	
438	412	
439	413	
439	414	
439	415	
438	416	
439	416	
439	417	
439	418	
438	419	
438	420	
438	421	
439	422	
438	423	
438	424	
438	425	
438	426	
433	427	
433	428	
433	429	
433	430	
431	431	
431	432	
431	433	
431	434	
431	435	
431	436	
431	437	
430	438	
430	439	
430	440	
430	441	
430	442	
430	443	
430	444	
429	445	
429	446	
429	447	
430	447	
429	448	
430	449	
430	450	
428	451	
428	452	
428	453	
428	454	
428	455	
428	456	
428	457	
428	458	
428	459	
428	460	
428	461	
429	462	
429	463	
428	464	
428	465	
428	466	
429	466	
428	467	
428	468	
429	469	
428	470	
428	471	
429	472	
428	473	
428	474	
427	475	
428	476	
428	477	
429	478	
428	479	
429	480	
429	481	
430	482	
429	483	
429	484	
430	485	
429	486	
430	487	
429	488	
429	489	
429	490	
430	490	
429	491	
428	492	
430	493	
430	494	
430	495	
430	496	
430	497	
430	498	
430	499	
430	500	
429	501	
430	501	
430	502	
430	503	
430	504	
431	505	
432	505	
431	506	
431	507	
432	508	
431	509	
431	510	
432	511	
432	512	
432	513	
433	514	
432	515	
433	516	
433	517	
433	518	
433	519	
433	520	
434	521	
435	522	
434	523	
434	524	
436	525	
435	526	
435	527	
435	528	
436	529	
437	529	
436	530	
436	531	
436	532	
437	533	
436	534	
436	535	
436	536	
436	537	
435	538	
435	539	
435	540	
435	541	
435	542	
435	543	
434	544	
435	545	
434	546	
434	547	
433	548	
434	549	
433	550	
433	551	
433	552	
433	553	
433	554	
433	555	
433	556	
433	557	
433	558	
433	559	
433	560	
433	561	
433	562	
434	562	
433	563	
433	564	
433	565	
433	566	
431	567	
432	568	
432	569	
431	570	
432	571	
432	572	
432	573	
431	574	
432	574	
432	575	
432	576	
431	577	
432	578	
431	579	
431	580	
430	581	
429	582	
430	582	
429	583	
429	584	
430	585	
431	586	
431	587	
431	588	
432	588	
431	589	
429	590	
429	591	
430	592	
430	593	
431	593	
430	594	
429	595	
429	596	
429	597	
429	598	
429	599	
430	600	
429	601	
430	601	
429	602	
430	603	
430	604	
429	605	
430	606	
429	607	
430	607	
429	608	
429	609	
429	610	
429	611	
429	612	
429	613	
429	614	
430	615	
430	616	
429	617	
430	618	
429	619	
428	620	
428	621	
427	622	
429	623	
429	624	
429	625	
428	626	
427	627	
428	627	
428	628	
428	629	
427	630	
427	631	
427	632	
429	632	
428	633	
429	634	
429	635	
428	636	
429	637	
430	638	
430	639	
429	640	
430	640	
429	641	
430	642	
429	643	
430	644	
430	645	
429	646	
430	647	
429	648	
430	649	
429	650	
430	651	
430	652	
429	653	
429	654	
429	655	
429	656	
429	657	
429	658	
428	659	
429	659	
428	660	
428	661	
425	662	
425	663	
425	664	
426	665	
427	666	
427	667	
427	668	
427	669	
425	670	
425	671	
425	672	
426	673	
428	674	
425	675	
427	676	
427	677	
427	678	
427	679	
427	680	
427	681	
427	682	
427	683	
428	684	
428	685	
428	686	
428	687	
427	688	
427	689	
427	690	
427	691	
428	692	
427	693	
428	694	
427	695	
427	696	
429	697	
429	698	
429	699	
428	700	
428	701	
429	702	
428	703	
429	703	
428	704	
429	705	
428	706	
429	707	
429	708	
428	709	
429	710	
429	711	
429	712	
429	713	
428	714	
428	715	
428	716	
428	717	
428	718	
428	719	
428	720	
429	721	
428	722	
427	723	
428	724	
428	725	
429	725	
427	726	
428	726	
428	727	
428	728	
428	729	
429	730	
428	731	
427	732	
428	733	
429	734	
428	735	
429	736	
429	737	
427	738	
427	739	
428	740	
428	741	
428	742	
429	743	
428	744	
428	745	
429	746	
428	747	
427	748	
428	749	
428	750	
427	751	
429	751	
427	752	
427	753	
429	754	
427	755	
428	756	
429	757	
429	758	
428	759	
427	760	
428	761	
428	762	
429	763	
429	764	
429	765	
429	766	
430	767	
429	768	
429	769	
429	770	
429	771	
429	772	
430	773	
430	774	
429	775	
430	775	
429	776	
429	777	
430	778	
429	779	
430	780	
429	781	
429	782	
430	782	
429	783	
430	784	
430	785	
430	786	
431	786	
430	787	
431	787	
430	788	
430	789	
430	790	
430	791	
430	792	
431	793	
431	794	
431	795	
429	796	
430	797	
430	798	
431	799	
430	800	
431	801	
431	802	
431	803	
431	804	
431	805	
431	806	
430	807	
431	808	
431	809	
430	810	
430	811	
430	812	
430	813	
430	814	
430	815	
430	816	
431	817	
431	818	
431	819	
431	820	
431	821	
431	822	
431	823	
431	824	
431	825	
430	826	
430	827	
430	828	
430	829	
430	830	
432	831	
432	832	
431	833	
431	834	
432	835	
431	836	
431	837	
433	838	
432	839	
432	840	
431	841	
432	841	
432	842	
432	843	
430	844	
430	845	
430	846	
431	847	
432	848	
433	849	
430	850	
433	851	
432	852	
431	853	
431	854	
432	855	
432	856	
432	857	
432	858	
431	859	
431	860	
431	861	
431	862	
432	863	
431	864	
432	864	
433	865	
432	866	
431	867	
431	868	
431	869	
431	870	
431	871	
432	872	
431	873	
431	874	
431	875	
432	876	
432	877	
432	878	
432	879	
432	880	
431	881	
432	882	
432	883	
432	884	
432	885	
432	886	
433	886	
433	887	
433	888	
433	889	
433	890	
433	891	
433	892	
433	893	
433	894	
434	895	
434	896	
433	897	
433	898	
434	899	
434	900	
435	901	
435	902	
433	903	
433	904	
433	905	
435	906	
435	907	
435	908	
434	909	
434	910	
434	911	
436	912	
436	913	
435	914	
434	915	
435	916	
436	917	
437	918	
435	919	
435	920	
435	921	
435	922	
435	923	
435	924	
436	925	
437	926	
435	927	
427	1048	
427	1049	
427	1050	
426	1054	
427	1058	
426	1059	
426	1060	
425	1070	
425	1071	
424	1072	
422	1086	
422	1087	
420	1111	
424	1113	
424	1114	
422	1115	
