510	83	
510	84	
510	85	
442	381	
442	382	
443	383	
443	384	
439	385	
441	386	
441	387	
441	388	
441	389	
440	390	
440	391	
440	392	
440	393	
440	394	
440	395	
440	396	
439	397	
439	398	
439	399	
439	400	
439	401	
440	402	
439	403	
439	404	
440	405	
440	406	
440	407	
440	408	
439	409	
440	409	
440	410	
439	411	
440	411	
440	412	
440	413	
441	413	
440	414	
440	415	
440	416	
440	417	
440	418	
440	419	
440	420	
440	421	
440	422	
440	423	
440	424	
441	425	
441	426	
441	427	
437	428	
433	429	
433	430	
435	431	
435	432	
433	433	
433	434	
433	435	
433	436	
431	437	
431	438	
433	439	
433	440	
431	441	
431	442	
432	443	
432	444	
432	445	
431	446	
430	447	
430	448	
430	449	
432	450	
430	451	
430	452	
430	453	
430	454	
430	455	
431	456	
430	457	
430	458	
430	459	
430	460	
430	461	
430	462	
430	463	
431	464	
431	465	
430	466	
431	466	
430	467	
430	468	
430	469	
430	470	
430	471	
430	472	
431	472	
430	473	
430	474	
430	475	
431	476	
430	477	
431	477	
430	478	
430	479	
431	479	
430	480	
430	481	
430	482	
429	483	
430	483	
430	484	
430	485	
429	486	
431	487	
431	488	
431	489	
431	490	
433	491	
430	492	
433	492	
433	493	
432	494	
431	495	
432	496	
432	497	
432	498	
432	499	
432	500	
432	501	
431	502	
431	503	
432	504	
432	505	
432	506	
433	507	
433	508	
433	509	
433	510	
433	511	
434	511	
433	512	
433	513	
434	513	
434	514	
435	514	
434	515	
435	516	
434	517	
434	518	
435	519	
435	520	
435	521	
434	522	
436	522	
435	523	
435	524	
435	525	
437	526	
437	527	
437	528	
437	529	
438	530	
437	531	
438	532	
439	532	
439	533	
438	534	
439	535	
438	536	
438	537	
437	538	
438	539	
438	540	
437	541	
437	542	
435	543	
436	543	
435	544	
435	545	
435	546	
436	547	
435	548	
435	549	
435	550	
435	551	
435	552	
435	553	
436	554	
436	555	
434	556	
435	556	
436	556	
435	557	
435	558	
436	559	
436	560	
434	561	
433	562	
434	562	
435	563	
434	564	
435	564	
434	565	
434	566	
434	567	
434	568	
434	569	
434	570	
433	571	
434	572	
433	573	
434	574	
433	575	
433	576	
433	577	
432	578	
433	578	
432	579	
433	579	
433	580	
433	581	
432	582	
433	583	
432	584	
431	585	
431	586	
431	587	
432	587	
432	588	
432	589	
432	590	
432	591	
431	592	
432	593	
431	594	
432	595	
432	596	
432	597	
432	598	
432	599	
432	600	
433	600	
431	601	
432	601	
432	602	
432	603	
432	604	
431	605	
432	606	
432	607	
432	608	
431	609	
431	610	
431	611	
431	612	
431	613	
430	614	
430	615	
431	615	
430	616	
431	616	
431	617	
430	618	
430	619	
430	620	
429	621	
429	622	
430	623	
431	624	
430	625	
431	626	
431	627	
430	628	
431	628	
431	629	
431	630	
431	631	
430	632	
430	633	
430	634	
430	635	
429	636	
429	637	
430	638	
430	639	
429	640	
429	641	
430	642	
430	643	
431	643	
430	644	
431	645	
433	646	
431	647	
431	648	
431	649	
430	650	
431	651	
431	652	
433	653	
432	654	
432	655	
430	656	
431	656	
430	657	
429	658	
430	658	
432	658	
430	659	
430	660	
430	661	
430	662	
430	663	
429	664	
429	665	
429	666	
428	667	
430	667	
428	668	
428	669	
427	670	
429	671	
429	672	
428	673	
427	674	
427	675	
427	676	
427	677	
427	678	
429	679	
429	680	
429	681	
429	682	
430	683	
429	684	
429	685	
430	686	
429	687	
430	688	
430	689	
429	690	
429	691	
429	692	
429	693	
431	694	
431	695	
431	696	
432	697	
430	698	
432	698	
430	699	
430	700	
431	701	
431	702	
431	703	
430	704	
432	705	
431	706	
432	706	
431	707	
432	708	
431	709	
430	710	
430	711	
430	712	
429	713	
429	714	
431	715	
431	716	
429	717	
430	718	
431	719	
429	720	
430	721	
429	722	
429	723	
429	724	
430	724	
430	725	
431	726	
430	727	
430	728	
430	729	
431	729	
429	730	
430	731	
430	732	
429	733	
429	734	
430	734	
430	735	
430	736	
430	737	
431	737	
430	738	
430	739	
431	740	
430	741	
430	742	
430	743	
430	744	
430	745	
430	746	
429	747	
429	748	
429	749	
429	750	
429	751	
430	752	
430	753	
431	754	
430	755	
429	756	
430	756	
429	757	
430	758	
431	758	
431	759	
431	760	
431	761	
429	762	
431	763	
431	764	
431	765	
431	766	
431	767	
431	768	
432	769	
431	770	
431	771	
431	772	
431	773	
431	774	
432	774	
431	775	
430	776	
431	776	
432	777	
431	778	
432	779	
430	780	
432	781	
432	782	
432	783	
432	784	
433	785	
433	786	
433	787	
432	788	
432	789	
433	790	
432	791	
432	792	
432	793	
433	793	
432	794	
432	795	
433	795	
432	796	
433	796	
431	797	
433	797	
433	798	
431	799	
433	799	
432	800	
432	801	
432	802	
432	803	
432	804	
433	804	
434	805	
433	806	
432	807	
432	808	
432	809	
432	810	
432	811	
432	812	
431	813	
431	814	
432	815	
432	816	
432	817	
433	817	
432	818	
432	819	
432	820	
432	821	
432	822	
432	823	
432	824	
432	825	
432	826	
432	827	
432	828	
431	829	
432	830	
433	831	
433	832	
433	833	
432	834	
433	835	
432	836	
434	837	
433	838	
432	839	
432	840	
433	840	
433	841	
433	842	
432	843	
432	844	
432	845	
433	846	
433	847	
433	848	
432	849	
433	850	
433	851	
434	851	
434	852	
433	853	
434	853	
433	854	
433	855	
434	855	
433	856	
433	857	
433	858	
433	859	
433	860	
433	861	
433	862	
433	863	
433	864	
435	865	
434	866	
433	867	
433	868	
434	869	
434	870	
435	871	
433	872	
433	873	
433	874	
433	875	
433	876	
433	877	
433	878	
434	879	
434	880	
434	881	
434	882	
434	883	
433	884	
434	884	
433	885	
434	886	
434	887	
435	888	
435	889	
435	890	
435	891	
435	892	
435	893	
435	894	
437	895	
437	896	
435	897	
435	898	
435	899	
435	900	
437	901	
437	902	
437	903	
438	904	
438	905	
438	906	
437	907	
437	908	
438	909	
438	910	
436	911	
436	912	
438	913	
439	913	
439	914	
436	915	
437	916	
437	917	
437	918	
436	919	
436	920	
437	921	
437	922	
437	923	
437	924	
438	924	
437	925	
437	926	
437	927	
437	928	
428	1047	
428	1048	
428	1049	
428	1050	
427	1060	
426	1061	
426	1062	
426	1068	
426	1069	
426	1070	
426	1075	
426	1076	
426	1077	
426	1078	
