444	382	
444	383	
445	383	
443	384	
443	386	
443	387	
443	388	
441	389	
441	390	
441	391	
441	392	
442	393	
442	394	
441	395	
441	396	
441	397	
441	398	
441	399	
441	400	
441	401	
441	402	
442	402	
441	403	
441	404	
441	405	
441	406	
441	407	
441	408	
441	409	
441	410	
441	411	
441	412	
441	413	
441	414	
441	415	
441	416	
442	417	
441	418	
441	419	
441	420	
441	421	
441	422	
442	423	
442	424	
442	425	
442	426	
441	427	
435	428	
435	429	
435	430	
435	431	
435	432	
433	433	
433	434	
434	435	
434	436	
434	437	
433	438	
434	438	
433	439	
433	440	
433	441	
433	442	
433	443	
433	444	
433	445	
433	446	
432	447	
431	448	
431	449	
432	450	
432	451	
431	452	
431	453	
431	454	
432	455	
432	456	
432	457	
432	458	
432	459	
432	460	
432	461	
432	462	
431	463	
431	464	
431	465	
432	466	
431	467	
431	468	
432	469	
431	470	
432	470	
431	471	
432	471	
432	472	
431	473	
432	473	
432	474	
433	475	
432	476	
433	476	
432	477	
432	478	
433	479	
432	480	
433	481	
432	482	
432	483	
432	484	
431	485	
432	486	
432	487	
432	488	
432	489	
432	490	
432	491	
432	492	
433	492	
432	493	
432	494	
433	495	
432	496	
432	497	
433	498	
432	499	
433	500	
433	501	
433	502	
433	503	
434	504	
434	505	
434	506	
435	507	
435	508	
433	509	
434	509	
434	510	
434	511	
434	512	
435	513	
434	514	
435	515	
435	516	
435	517	
436	517	
436	518	
436	519	
437	520	
437	521	
438	522	
437	523	
437	524	
439	525	
439	526	
439	527	
439	528	
440	529	
440	530	
440	531	
439	532	
440	533	
440	534	
440	535	
440	536	
439	537	
439	538	
440	539	
439	540	
438	541	
438	542	
438	543	
438	544	
437	545	
437	546	
437	547	
437	548	
437	549	
435	550	
437	550	
436	551	
435	552	
437	553	
435	554	
435	555	
435	556	
435	557	
435	558	
435	559	
435	560	
435	561	
435	562	
436	563	
435	564	
435	565	
435	566	
435	567	
436	568	
436	569	
436	570	
434	571	
434	572	
434	573	
436	574	
434	575	
434	576	
434	577	
434	578	
434	579	
435	579	
435	580	
434	581	
435	582	
436	583	
435	584	
434	585	
433	586	
433	587	
434	588	
433	589	
434	590	
435	591	
433	592	
433	593	
434	594	
433	595	
434	595	
432	596	
432	597	
433	598	
433	599	
434	600	
432	601	
432	602	
433	603	
434	604	
432	605	
433	605	
432	606	
433	607	
432	608	
432	609	
431	610	
432	611	
431	612	
432	613	
431	614	
432	615	
432	616	
432	617	
432	618	
431	619	
432	620	
431	621	
432	622	
431	623	
432	623	
432	624	
431	625	
431	626	
431	627	
431	628	
432	629	
431	630	
432	630	
431	631	
432	632	
432	633	
431	634	
432	635	
434	635	
433	636	
432	637	
432	638	
431	639	
431	640	
431	641	
432	642	
431	643	
432	644	
432	645	
431	646	
433	647	
432	648	
433	649	
432	650	
433	651	
432	652	
433	653	
433	654	
434	655	
434	656	
433	657	
433	658	
433	659	
433	660	
433	661	
431	662	
429	663	
429	664	
430	665	
431	666	
431	667	
431	668	
431	669	
430	670	
430	671	
430	672	
430	673	
432	673	
429	674	
430	674	
432	674	
429	675	
429	676	
431	677	
432	678	
431	679	
431	680	
431	681	
429	682	
432	683	
432	684	
432	685	
432	686	
431	687	
430	688	
431	689	
432	690	
432	691	
432	692	
431	693	
432	693	
432	694	
432	695	
432	696	
432	697	
432	698	
431	699	
431	700	
432	701	
432	702	
433	703	
433	704	
432	705	
433	705	
432	706	
432	707	
433	707	
432	708	
432	709	
431	710	
433	710	
431	711	
432	711	
432	712	
431	713	
432	714	
431	715	
432	715	
431	716	
432	717	
433	717	
432	718	
431	719	
432	719	
432	720	
433	721	
432	722	
433	723	
434	724	
432	725	
432	726	
431	727	
432	727	
433	727	
432	728	
434	728	
434	729	
433	730	
432	731	
432	732	
432	733	
432	734	
432	735	
431	736	
431	737	
432	737	
432	738	
431	739	
432	739	
432	740	
434	741	
433	742	
432	743	
432	744	
432	745	
431	746	
432	747	
432	748	
431	749	
432	750	
432	751	
432	752	
432	753	
431	754	
432	754	
433	754	
432	755	
431	756	
432	757	
432	758	
431	759	
432	760	
432	761	
432	762	
432	763	
432	764	
431	765	
431	766	
432	767	
432	768	
433	769	
434	770	
433	771	
432	772	
432	773	
432	774	
431	775	
432	775	
432	776	
432	777	
431	778	
432	778	
431	779	
433	779	
431	780	
431	781	
431	782	
433	783	
432	784	
433	785	
433	786	
433	787	
432	788	
433	788	
432	789	
433	790	
431	791	
432	791	
433	791	
433	792	
433	793	
432	794	
433	794	
432	795	
433	795	
433	796	
433	797	
433	798	
433	799	
433	800	
433	801	
433	802	
433	803	
433	804	
433	805	
433	806	
433	807	
433	808	
433	809	
434	809	
434	810	
433	811	
433	812	
434	813	
434	814	
433	815	
433	816	
433	817	
433	818	
433	819	
433	820	
433	821	
434	822	
434	823	
434	824	
434	825	
434	826	
434	827	
433	828	
433	829	
433	830	
434	830	
434	831	
434	832	
435	833	
434	834	
433	835	
435	836	
435	837	
433	838	
433	839	
433	840	
434	841	
435	842	
434	843	
434	844	
434	845	
434	846	
434	847	
433	848	
434	848	
434	849	
434	850	
434	851	
434	852	
434	853	
434	854	
434	855	
434	856	
434	857	
433	858	
434	859	
434	860	
435	861	
435	862	
435	863	
434	864	
434	865	
435	866	
435	867	
434	868	
434	869	
434	870	
435	871	
435	872	
434	873	
434	874	
435	875	
435	876	
435	877	
436	878	
436	879	
436	880	
435	881	
434	882	
435	882	
435	883	
435	884	
437	885	
437	886	
436	887	
435	888	
435	889	
436	890	
437	891	
436	892	
436	893	
436	894	
437	895	
438	896	
438	897	
438	898	
438	899	
435	900	
439	901	
438	902	
437	903	
437	904	
437	905	
438	906	
438	907	
439	907	
439	908	
438	909	
439	910	
439	911	
439	912	
438	913	
437	914	
438	915	
438	916	
438	917	
439	918	
439	919	
439	920	
439	921	
439	922	
439	923	
439	924	
439	925	
429	1063	
428	1064	
429	1064	
428	1065	
427	1078	
