516	41	
516	42	
518	67	
467	396	
467	397	
467	398	
451	401	
451	402	
453	403	
453	404	
451	405	
451	406	
451	407	
451	408	
451	409	
451	410	
451	411	
451	412	
451	413	
451	414	
451	415	
451	416	
451	417	
451	418	
451	419	
451	420	
451	421	
451	422	
451	423	
450	424	
451	424	
451	425	
451	426	
451	427	
451	428	
451	429	
451	430	
451	431	
451	432	
452	433	
451	434	
451	435	
451	436	
447	437	
447	438	
443	439	
443	440	
445	441	
445	442	
443	443	
443	444	
444	445	
444	446	
442	447	
442	448	
442	449	
442	450	
442	451	
442	452	
442	453	
442	454	
442	455	
442	456	
442	457	
442	458	
442	459	
442	460	
442	461	
442	462	
441	463	
441	464	
442	465	
442	466	
441	467	
442	467	
441	468	
442	469	
442	470	
442	471	
442	472	
442	473	
442	474	
442	475	
442	476	
442	477	
442	478	
441	479	
441	480	
441	481	
441	482	
441	483	
441	484	
441	485	
441	486	
441	487	
442	487	
442	488	
442	489	
443	490	
443	491	
442	492	
442	493	
443	493	
442	494	
443	494	
443	495	
443	496	
443	497	
444	498	
443	499	
443	500	
443	501	
444	502	
443	503	
444	504	
444	505	
444	506	
444	507	
444	508	
444	509	
444	510	
444	511	
445	511	
445	512	
445	513	
446	514	
446	515	
446	516	
446	517	
448	518	
449	518	
449	519	
449	520	
447	521	
448	522	
450	523	
450	524	
449	525	
450	525	
450	526	
450	527	
450	528	
450	529	
450	530	
449	531	
449	532	
450	533	
449	534	
450	535	
449	536	
450	537	
450	538	
449	539	
450	539	
449	540	
449	541	
447	542	
450	542	
448	543	
449	544	
449	545	
449	546	
448	547	
449	548	
449	549	
447	550	
445	551	
445	552	
445	553	
445	554	
446	555	
445	556	
445	557	
446	558	
445	559	
445	560	
444	561	
445	562	
444	563	
444	564	
444	565	
444	566	
445	566	
444	567	
445	568	
446	568	
445	569	
444	570	
443	571	
444	571	
444	572	
443	573	
444	574	
443	575	
443	576	
443	577	
443	578	
443	579	
443	580	
443	581	
444	582	
443	583	
443	584	
442	585	
442	586	
441	587	
443	588	
442	589	
442	590	
443	590	
442	591	
442	592	
442	593	
442	594	
442	595	
442	596	
442	597	
441	598	
442	599	
442	600	
441	601	
441	602	
442	602	
441	603	
441	604	
441	605	
441	606	
442	607	
442	608	
440	609	
440	610	
441	611	
440	612	
440	613	
441	613	
441	614	
439	615	
439	616	
441	617	
441	618	
439	619	
439	620	
440	620	
440	621	
441	621	
441	622	
440	623	
441	624	
440	625	
440	626	
441	627	
441	628	
441	629	
441	630	
440	631	
440	632	
439	633	
439	634	
439	635	
439	636	
439	637	
441	638	
442	639	
442	640	
440	641	
441	642	
441	643	
442	643	
441	644	
441	645	
441	646	
442	647	
441	648	
442	649	
441	650	
442	651	
441	652	
441	653	
442	654	
442	655	
443	655	
443	656	
443	657	
443	658	
443	659	
443	660	
443	661	
444	662	
443	663	
444	664	
444	665	
445	666	
444	667	
445	667	
444	668	
446	669	
446	670	
446	671	
445	672	
445	673	
445	674	
445	675	
447	675	
446	676	
446	677	
446	678	
446	679	
445	680	
445	681	
444	682	
444	683	
444	684	
444	685	
444	686	
444	687	
444	688	
444	689	
444	690	
443	691	
443	692	
443	693	
443	694	
444	695	
443	696	
443	697	
443	698	
443	699	
443	700	
444	700	
443	701	
443	702	
444	703	
444	704	
444	705	
445	706	
445	707	
444	708	
444	709	
445	710	
445	711	
444	712	
443	713	
443	714	
443	715	
443	716	
441	717	
443	718	
442	719	
442	720	
442	721	
442	722	
442	723	
442	724	
442	725	
443	726	
442	727	
443	727	
441	728	
442	729	
443	730	
443	731	
442	732	
442	733	
442	734	
442	735	
442	736	
441	737	
441	738	
441	739	
442	740	
443	741	
443	742	
441	743	
442	744	
441	745	
442	746	
442	747	
442	748	
443	749	
442	750	
442	751	
442	752	
441	753	
442	753	
442	754	
442	755	
442	756	
443	757	
442	758	
442	759	
443	760	
442	761	
442	762	
442	763	
442	764	
442	765	
442	766	
442	767	
442	768	
442	769	
442	770	
442	771	
442	772	
442	773	
442	774	
442	775	
443	775	
442	776	
443	777	
443	778	
443	779	
443	780	
443	781	
442	782	
442	783	
443	784	
443	785	
443	786	
443	787	
444	788	
443	789	
443	790	
443	791	
443	792	
444	792	
444	793	
443	794	
444	795	
443	796	
443	797	
443	798	
443	799	
443	800	
443	801	
443	802	
444	802	
443	803	
443	804	
443	805	
443	806	
443	807	
443	808	
443	809	
443	810	
443	811	
443	812	
443	813	
443	814	
442	815	
445	816	
444	817	
444	818	
444	819	
443	820	
443	821	
443	822	
444	822	
443	823	
443	824	
443	825	
443	826	
444	827	
444	828	
444	829	
444	830	
444	831	
444	832	
445	832	
445	833	
444	834	
444	835	
444	836	
444	837	
445	837	
445	838	
444	839	
444	840	
444	841	
444	842	
445	843	
444	844	
444	845	
445	845	
444	846	
444	847	
444	848	
443	849	
444	850	
445	851	
445	852	
445	853	
445	854	
446	855	
445	856	
445	857	
444	858	
444	859	
444	860	
445	861	
445	862	
445	863	
444	864	
444	865	
444	866	
445	867	
445	868	
446	869	
447	870	
446	871	
445	872	
445	873	
445	874	
447	875	
447	876	
447	877	
445	878	
447	879	
446	880	
446	881	
446	882	
446	883	
447	884	
447	885	
446	886	
446	887	
446	888	
446	889	
446	890	
446	891	
446	892	
446	893	
446	894	
446	895	
446	896	
448	897	
448	898	
447	899	
447	900	
447	901	
448	902	
448	903	
449	904	
447	905	
449	906	
450	907	
449	908	
448	909	
448	910	
449	911	
448	912	
449	912	
448	913	
449	913	
449	914	
449	915	
448	916	
447	917	
447	918	
447	919	
448	920	
449	921	
451	922	
449	923	
449	924	
449	925	
449	926	
437	1017	
438	1017	
437	1018	
438	1018	
439	1019	
440	1020	
439	1021	
438	1022	
439	1023	
436	1024	
439	1046	
440	1047	
440	1048	
440	1049	
440	1050	
438	1051	
438	1052	
438	1053	
436	1063	
436	1064	
438	1065	
438	1066	
434	1076	
434	1077	
434	1078	
434	1079	
434	1080	
434	1081	
434	1082	
434	1083	
434	1084	
434	1085	
434	1086	
432	1089	
432	1093	
432	1094	
432	1095	
432	1096	
432	1097	
432	1098	
432	1099	
432	1100	
432	1103	
432	1104	
431	1105	
431	1106	
433	1107	
432	1123	
430	1125	
