520	33	
520	54	
522	69	
522	70	
522	71	
522	72	
524	77	
524	78	
524	79	
524	85	
524	86	
524	87	
524	88	
524	89	
469	397	
469	398	
471	399	
471	400	
469	401	
469	402	
469	403	
469	404	
469	405	
469	406	
469	407	
469	408	
469	409	
469	410	
457	412	
457	413	
456	414	
457	414	
455	415	
455	416	
455	417	
456	418	
456	419	
456	420	
456	421	
456	422	
455	423	
454	424	
455	424	
455	425	
455	426	
455	427	
455	428	
455	429	
455	430	
455	431	
455	432	
455	433	
454	434	
455	435	
455	436	
455	437	
457	438	
455	439	
455	440	
455	441	
455	442	
447	443	
447	444	
449	445	
449	446	
447	447	
447	448	
448	449	
448	450	
445	451	
446	452	
447	453	
447	454	
447	455	
446	456	
446	457	
446	458	
445	459	
446	460	
446	461	
446	462	
447	463	
447	464	
446	465	
446	466	
446	467	
446	468	
445	469	
446	470	
446	471	
446	472	
446	473	
446	474	
446	475	
445	476	
446	476	
445	477	
446	477	
446	478	
446	479	
446	480	
445	481	
445	482	
446	483	
446	484	
445	485	
446	485	
446	486	
446	487	
446	488	
446	489	
447	490	
447	491	
446	492	
446	493	
447	494	
448	495	
447	496	
447	497	
447	498	
448	499	
448	500	
448	501	
449	502	
448	503	
447	504	
448	504	
447	505	
448	506	
447	507	
448	508	
448	509	
449	510	
449	511	
449	512	
450	513	
451	514	
451	515	
451	516	
452	517	
453	518	
454	519	
454	520	
454	521	
454	522	
453	523	
454	523	
453	524	
454	525	
454	526	
453	527	
454	528	
455	529	
454	530	
455	530	
455	531	
455	532	
454	533	
454	534	
453	535	
454	535	
453	536	
453	537	
453	538	
453	539	
454	539	
454	540	
453	541	
453	542	
453	543	
453	544	
452	545	
452	546	
452	547	
452	548	
453	548	
452	549	
452	550	
452	551	
452	552	
453	553	
450	554	
449	555	
449	556	
449	557	
449	558	
450	559	
449	560	
449	561	
449	562	
449	563	
447	564	
448	565	
448	566	
448	567	
448	568	
448	569	
447	570	
447	571	
448	572	
447	573	
447	574	
447	575	
447	576	
447	577	
446	578	
447	579	
445	580	
447	581	
446	582	
446	583	
446	584	
445	585	
446	585	
446	586	
446	587	
446	588	
447	588	
446	589	
445	590	
445	591	
447	592	
446	593	
446	594	
446	595	
447	595	
447	596	
446	597	
446	598	
445	599	
445	600	
445	601	
445	602	
445	603	
445	604	
445	605	
445	606	
445	607	
446	607	
445	608	
446	609	
445	610	
445	611	
445	612	
445	613	
445	614	
445	615	
445	616	
445	617	
444	618	
444	619	
445	620	
445	621	
444	622	
445	623	
446	624	
445	625	
445	626	
445	627	
444	628	
444	629	
445	630	
445	631	
444	632	
445	632	
444	633	
445	634	
445	635	
444	636	
443	637	
445	637	
445	638	
445	639	
444	640	
445	641	
445	642	
446	643	
446	644	
446	645	
446	646	
446	647	
446	648	
447	649	
445	650	
447	650	
447	651	
447	652	
447	653	
448	654	
448	655	
448	656	
448	657	
447	658	
447	659	
448	660	
448	661	
448	662	
447	663	
448	664	
449	665	
448	666	
449	666	
449	667	
449	668	
448	669	
449	670	
449	671	
449	672	
449	673	
449	674	
449	675	
449	676	
449	677	
450	677	
450	678	
451	679	
450	680	
450	681	
451	682	
451	683	
450	684	
450	685	
450	686	
450	687	
449	688	
449	689	
449	690	
449	691	
449	692	
449	693	
449	694	
449	695	
447	696	
449	696	
448	697	
449	698	
449	699	
448	700	
447	701	
447	702	
448	703	
448	704	
448	705	
448	706	
449	706	
448	707	
449	707	
448	708	
449	709	
449	710	
448	711	
450	711	
449	712	
450	713	
448	714	
448	715	
447	716	
448	717	
448	718	
447	719	
448	719	
448	720	
447	721	
448	722	
447	723	
447	724	
447	725	
448	726	
447	727	
448	728	
447	729	
447	730	
446	731	
446	732	
447	732	
447	733	
446	734	
446	735	
445	736	
446	737	
446	738	
446	739	
447	740	
447	741	
448	742	
447	743	
447	744	
448	745	
448	746	
446	747	
446	748	
446	749	
447	749	
447	750	
445	751	
446	752	
446	753	
445	754	
445	755	
446	756	
445	757	
445	758	
446	759	
446	760	
446	761	
445	762	
446	762	
446	763	
446	764	
446	765	
446	766	
446	767	
446	768	
445	769	
446	770	
445	771	
445	772	
446	773	
446	774	
446	775	
446	776	
446	777	
447	778	
447	779	
446	780	
446	781	
447	782	
448	783	
448	784	
448	785	
448	786	
448	787	
447	788	
448	789	
448	790	
448	791	
447	792	
448	793	
448	794	
447	795	
447	796	
447	797	
448	798	
447	799	
447	800	
447	801	
448	802	
448	803	
448	804	
447	805	
448	806	
447	807	
447	808	
447	809	
447	810	
447	811	
448	812	
447	813	
447	814	
447	815	
448	816	
447	817	
448	817	
447	818	
447	819	
447	820	
447	821	
447	822	
447	823	
448	824	
448	825	
447	826	
448	826	
448	827	
448	828	
448	829	
449	830	
449	831	
448	832	
448	833	
448	834	
448	835	
448	836	
448	837	
448	838	
448	839	
448	840	
447	841	
447	842	
447	843	
450	844	
450	845	
450	846	
447	847	
447	848	
447	849	
450	850	
449	851	
448	852	
450	853	
450	854	
449	855	
449	856	
450	856	
449	857	
449	858	
450	859	
450	860	
449	861	
449	862	
449	863	
449	864	
449	865	
450	866	
449	867	
450	867	
450	868	
450	869	
449	870	
449	871	
449	872	
449	873	
450	874	
450	875	
450	876	
450	877	
450	878	
450	879	
450	880	
450	881	
450	882	
450	883	
450	884	
451	884	
451	885	
451	886	
450	887	
451	888	
452	889	
451	890	
450	891	
450	892	
450	893	
451	894	
451	895	
451	896	
453	897	
453	898	
453	899	
453	900	
453	901	
453	902	
452	903	
452	904	
453	905	
452	906	
452	907	
452	908	
452	909	
452	910	
453	911	
453	912	
453	913	
451	914	
452	915	
455	916	
455	917	
455	918	
453	919	
453	920	
455	921	
455	922	
455	923	
455	924	
442	1018	
441	1019	
443	1020	
442	1023	
443	1023	
442	1024	
440	1025	
440	1026	
440	1027	
440	1035	
441	1036	
442	1048	
442	1049	
442	1050	
443	1054	
440	1066	
440	1067	
441	1068	
438	1070	
441	1071	
441	1072	
438	1075	
438	1076	
438	1083	
438	1084	
438	1085	
436	1097	
436	1098	
434	1103	
437	1103	
434	1104	
434	1105	
434	1106	
436	1107	
436	1108	
434	1109	
434	1110	
434	1111	
436	1112	
436	1113	
436	1114	
434	1115	
434	1116	
438	1117	
438	1118	
436	1139	
