271	99	
199	505	
201	506	
198	507	
199	508	
199	509	
199	510	
199	511	
199	512	
198	513	
197	514	
199	515	
199	516	
199	517	
196	518	
199	519	
199	520	
199	521	
196	522	
196	523	
197	524	
197	525	
196	526	
197	527	
197	528	
197	529	
197	530	
197	531	
197	532	
197	533	
197	534	
196	535	
197	535	
196	536	
196	537	
196	538	
197	539	
194	540	
194	541	
195	541	
197	542	
197	543	
197	544	
195	545	
195	546	
193	547	
193	548	
195	549	
195	550	
195	551	
193	552	
193	553	
193	554	
193	555	
193	556	
193	557	
193	558	
193	559	
192	560	
190	561	
190	562	
190	563	
191	564	
190	565	
189	566	
190	566	
190	567	
191	568	
190	569	
191	569	
189	570	
189	571	
190	572	
190	573	
190	574	
189	575	
190	575	
189	576	
190	577	
189	578	
190	579	
190	580	
190	581	
189	582	
191	583	
191	584	
191	585	
190	586	
190	587	
191	588	
191	589	
192	590	
192	591	
193	592	
191	593	
192	595	
191	596	
189	603	
189	604	
188	605	
187	606	
185	607	
185	608	
187	609	
187	610	
187	611	
185	612	
185	613	
185	614	
187	615	
187	616	
187	617	
185	618	
185	619	
184	620	
184	621	
184	622	
184	623	
185	624	
184	625	
183	626	
184	626	
184	627	
185	628	
184	629	
183	630	
185	631	
186	632	
186	633	
184	634	
183	635	
184	636	
187	637	
187	638	
184	639	
187	639	
187	640	
185	641	
185	642	
185	643	
186	644	
185	645	
185	646	
187	647	
187	648	
185	649	
185	650	
186	651	
187	652	
187	653	
187	654	
186	655	
185	656	
186	656	
187	657	
189	658	
189	659	
189	660	
189	661	
188	662	
189	663	
190	664	
190	665	
188	666	
188	667	
191	668	
191	669	
191	670	
191	671	
191	672	
190	673	
189	674	
190	675	
191	676	
190	677	
190	678	
191	679	
192	680	
193	681	
193	682	
193	683	
191	684	
192	685	
194	686	
193	687	
192	688	
192	689	
192	690	
195	691	
195	692	
195	693	
195	694	
194	695	
194	696	
197	697	
197	698	
195	699	
195	700	
195	701	
196	702	
197	703	
197	704	
197	705	
196	706	
196	707	
196	708	
196	709	
196	710	
199	711	
199	712	
199	713	
198	714	
199	715	
199	716	
201	720	
186	1073	
186	1078	
186	1079	
188	1080	
