524	38	
526	54	
526	55	
526	56	
528	73	
528	79	
475	401	
475	402	
475	403	
475	404	
475	405	
473	406	
473	407	
473	408	
473	409	
473	410	
473	411	
474	412	
474	413	
473	414	
473	415	
473	416	
473	417	
473	418	
473	419	
473	420	
473	421	
473	422	
473	423	
461	425	
461	426	
461	427	
461	428	
461	429	
461	430	
462	431	
462	432	
461	433	
461	434	
461	435	
461	436	
460	437	
459	438	
459	439	
460	440	
460	441	
461	442	
461	443	
463	444	
461	445	
461	446	
461	447	
461	448	
461	449	
462	450	
461	451	
461	452	
461	453	
461	454	
453	455	
455	456	
453	457	
453	458	
453	459	
453	460	
452	461	
452	462	
452	463	
453	463	
453	464	
452	465	
452	466	
452	467	
451	468	
451	469	
451	470	
452	471	
451	472	
451	473	
453	474	
452	475	
452	476	
452	477	
452	478	
452	479	
452	480	
452	481	
451	482	
452	483	
453	483	
452	484	
451	485	
452	486	
452	487	
452	488	
452	489	
452	490	
452	491	
453	492	
453	493	
453	494	
453	495	
452	496	
455	497	
454	498	
453	499	
453	500	
453	501	
453	502	
455	503	
455	504	
455	505	
455	506	
456	507	
457	508	
459	509	
459	510	
461	511	
461	512	
461	513	
461	514	
461	515	
461	516	
462	517	
461	518	
461	519	
461	520	
461	521	
461	522	
461	523	
461	524	
461	525	
461	526	
461	527	
460	528	
460	529	
458	530	
459	531	
459	532	
459	533	
459	534	
458	535	
458	536	
458	537	
458	538	
458	539	
457	540	
458	541	
458	542	
458	543	
458	544	
458	545	
459	545	
457	546	
458	547	
458	548	
458	549	
458	550	
458	551	
459	552	
457	553	
457	554	
457	555	
458	556	
458	557	
457	558	
457	559	
455	560	
455	561	
455	562	
455	563	
454	564	
454	565	
454	566	
454	567	
454	568	
454	569	
454	570	
453	571	
452	572	
452	573	
454	573	
451	574	
452	575	
452	576	
452	577	
451	578	
452	579	
451	580	
452	581	
451	582	
452	583	
451	584	
452	585	
453	585	
452	586	
453	587	
452	588	
451	589	
452	590	
451	591	
452	592	
451	593	
451	594	
451	595	
451	596	
451	597	
451	598	
451	599	
451	600	
450	601	
450	602	
449	603	
451	604	
451	605	
450	606	
450	607	
451	608	
450	609	
450	610	
449	611	
450	612	
449	613	
450	614	
450	615	
451	615	
450	616	
450	617	
449	618	
451	619	
451	620	
451	621	
451	622	
451	623	
450	624	
451	624	
450	625	
449	626	
450	627	
451	628	
451	629	
450	630	
451	631	
451	632	
451	633	
451	634	
451	635	
451	636	
451	637	
453	638	
452	639	
451	640	
451	641	
451	642	
452	643	
452	644	
452	645	
452	646	
454	647	
453	648	
453	649	
454	650	
453	651	
453	652	
453	653	
453	654	
454	655	
453	656	
453	657	
453	658	
453	659	
453	660	
455	660	
453	661	
454	662	
455	663	
455	664	
455	665	
457	666	
456	667	
455	668	
455	669	
455	670	
455	671	
455	672	
456	673	
455	674	
456	675	
456	676	
455	677	
457	678	
456	679	
456	680	
456	681	
456	682	
456	683	
457	684	
456	685	
455	686	
455	687	
455	688	
456	689	
456	690	
455	691	
455	692	
455	693	
456	693	
455	694	
455	695	
455	696	
454	697	
455	698	
455	699	
455	700	
455	701	
456	702	
456	703	
456	704	
456	705	
457	706	
454	707	
453	708	
454	709	
455	710	
456	711	
456	712	
456	713	
457	713	
455	714	
455	715	
455	716	
455	717	
455	718	
455	719	
455	720	
454	721	
454	722	
454	723	
454	724	
453	725	
454	726	
454	727	
453	728	
454	728	
453	729	
454	730	
453	731	
454	731	
453	732	
453	733	
454	734	
453	735	
454	735	
453	736	
453	737	
453	738	
453	739	
451	740	
452	741	
453	742	
453	743	
453	744	
454	745	
453	746	
453	747	
452	748	
452	749	
452	750	
452	751	
451	752	
451	753	
452	754	
452	755	
452	756	
452	757	
452	758	
453	759	
451	760	
453	761	
453	762	
450	763	
452	763	
452	764	
450	765	
450	766	
450	767	
450	768	
451	769	
450	770	
451	771	
450	772	
450	773	
451	774	
450	775	
450	776	
450	777	
451	778	
451	779	
451	780	
451	781	
451	782	
452	782	
452	783	
452	784	
452	785	
452	786	
452	787	
452	788	
452	789	
452	790	
452	791	
452	792	
452	793	
452	794	
453	795	
453	796	
453	797	
452	798	
452	799	
453	800	
452	801	
453	802	
453	803	
452	804	
452	805	
452	806	
452	807	
452	808	
453	808	
453	809	
453	810	
453	811	
453	812	
453	813	
453	814	
452	815	
452	816	
452	817	
454	818	
454	819	
453	820	
454	821	
454	822	
454	823	
454	824	
454	825	
454	826	
454	827	
454	828	
454	829	
454	830	
454	831	
454	832	
454	833	
453	834	
453	835	
454	836	
454	837	
454	838	
455	839	
454	840	
455	840	
455	841	
454	842	
454	843	
454	844	
454	845	
454	846	
454	847	
454	848	
454	849	
456	850	
457	851	
453	852	
454	853	
454	854	
456	855	
457	856	
455	857	
455	858	
455	859	
455	860	
455	861	
456	861	
456	862	
455	863	
455	864	
455	865	
455	866	
456	867	
456	868	
457	869	
456	870	
456	871	
456	872	
456	873	
456	874	
456	875	
457	875	
456	876	
456	877	
455	878	
455	879	
456	880	
456	881	
456	882	
456	883	
457	884	
457	885	
457	886	
457	887	
457	888	
458	888	
457	889	
457	890	
459	891	
459	892	
456	893	
456	894	
459	895	
458	896	
459	896	
458	897	
458	898	
458	899	
458	900	
458	901	
458	902	
458	903	
460	904	
459	905	
457	906	
458	907	
458	908	
458	909	
458	910	
458	911	
459	912	
459	913	
459	914	
459	915	
459	916	
459	917	
459	918	
460	919	
461	920	
459	921	
459	922	
461	923	
461	924	
446	1017	
447	1018	
446	1019	
445	1020	
446	1021	
446	1022	
447	1023	
447	1024	
447	1025	
448	1025	
447	1026	
446	1027	
447	1027	
446	1028	
447	1029	
447	1030	
448	1031	
449	1055	
449	1056	
444	1072	
444	1073	
444	1086	
442	1088	
444	1097	
444	1098	
442	1100	
442	1101	
440	1119	
440	1120	
