530	65	
477	403	
477	404	
477	405	
477	406	
477	407	
477	408	
475	409	
475	410	
475	411	
476	412	
475	413	
475	414	
475	415	
475	416	
475	417	
475	418	
475	419	
475	420	
476	421	
476	422	
474	423	
474	424	
474	425	
474	426	
474	427	
475	428	
463	429	
463	430	
463	431	
465	432	
463	433	
463	434	
463	435	
463	436	
464	437	
465	437	
465	438	
463	439	
463	440	
463	441	
463	442	
464	442	
463	443	
463	444	
463	445	
463	446	
463	447	
463	448	
463	449	
463	450	
463	451	
463	452	
463	453	
463	454	
464	454	
464	455	
464	456	
463	457	
463	458	
455	459	
455	460	
455	461	
457	462	
455	463	
455	464	
453	465	
453	466	
453	467	
454	468	
454	469	
454	470	
455	471	
455	472	
454	473	
455	473	
453	474	
453	475	
453	476	
454	477	
455	477	
454	478	
456	479	
454	480	
454	481	
454	482	
455	483	
455	484	
455	485	
455	486	
455	487	
454	488	
455	489	
455	490	
455	491	
456	492	
456	493	
457	494	
457	495	
456	496	
456	497	
456	498	
455	499	
457	500	
457	501	
459	502	
459	503	
459	504	
458	505	
457	506	
457	507	
463	508	
464	509	
464	510	
464	511	
463	512	
464	512	
464	513	
464	514	
464	515	
463	516	
463	517	
463	518	
463	519	
463	520	
462	521	
462	522	
462	523	
462	524	
461	525	
461	526	
462	527	
461	528	
461	529	
460	530	
460	531	
460	532	
460	533	
460	534	
460	535	
460	536	
459	537	
460	537	
460	538	
460	539	
459	540	
460	540	
459	541	
460	542	
460	543	
459	544	
460	545	
460	546	
459	547	
459	548	
460	549	
460	550	
459	551	
460	552	
459	553	
460	554	
459	555	
459	556	
459	557	
458	558	
457	559	
458	559	
457	560	
457	561	
456	562	
457	563	
456	564	
456	565	
456	566	
456	567	
456	568	
456	569	
456	570	
457	570	
456	571	
456	572	
455	573	
456	574	
455	575	
454	576	
454	577	
454	578	
455	579	
454	580	
454	581	
454	582	
454	583	
454	584	
454	585	
454	586	
454	587	
453	588	
453	589	
453	590	
454	591	
453	592	
453	593	
454	593	
453	594	
453	595	
453	596	
454	597	
453	598	
454	598	
453	599	
453	600	
453	601	
452	602	
453	602	
452	603	
452	604	
453	605	
452	606	
452	607	
453	608	
452	609	
453	610	
451	611	
451	612	
452	613	
451	614	
452	615	
452	616	
452	617	
453	618	
453	619	
453	620	
453	621	
453	622	
453	623	
453	624	
453	625	
454	626	
453	627	
454	628	
454	629	
453	630	
453	631	
454	632	
453	633	
455	634	
455	635	
453	636	
454	637	
453	638	
455	639	
455	640	
455	641	
455	642	
455	643	
455	644	
455	645	
455	646	
455	647	
455	648	
455	649	
455	650	
456	651	
456	652	
455	653	
455	654	
456	655	
456	656	
456	657	
458	658	
457	659	
457	660	
457	661	
457	662	
458	663	
458	664	
456	665	
458	666	
458	667	
458	668	
458	669	
458	670	
457	671	
457	672	
458	673	
458	674	
457	675	
458	676	
458	677	
457	678	
457	679	
457	680	
457	681	
457	682	
457	683	
457	684	
457	685	
458	686	
458	687	
458	688	
458	689	
458	690	
457	691	
457	692	
458	693	
458	694	
457	695	
457	696	
457	697	
457	698	
458	699	
458	700	
458	701	
458	702	
457	703	
457	704	
458	704	
457	705	
456	706	
457	707	
457	708	
457	709	
457	710	
458	710	
457	711	
457	712	
458	712	
458	713	
456	714	
456	715	
456	716	
456	717	
457	717	
458	718	
457	719	
457	720	
457	721	
456	722	
457	723	
455	724	
455	725	
455	726	
456	727	
455	728	
456	729	
455	730	
455	731	
455	732	
455	733	
455	734	
455	735	
455	736	
456	737	
456	738	
455	739	
456	740	
455	741	
454	742	
453	743	
455	744	
455	745	
455	746	
454	747	
455	748	
455	749	
454	750	
454	751	
453	752	
455	753	
454	754	
454	755	
454	756	
453	757	
453	758	
454	758	
453	759	
452	760	
452	761	
452	762	
452	763	
451	764	
452	764	
451	765	
451	766	
452	767	
453	768	
452	769	
452	770	
452	771	
452	772	
452	773	
452	774	
452	775	
452	776	
452	777	
451	778	
452	779	
452	780	
453	781	
453	782	
454	783	
454	784	
454	785	
454	786	
454	787	
455	787	
454	788	
454	789	
454	790	
454	791	
453	792	
453	793	
453	794	
453	795	
453	796	
453	797	
453	798	
453	799	
454	800	
454	801	
454	802	
454	803	
454	804	
455	804	
454	805	
454	806	
454	807	
454	808	
454	809	
454	810	
455	811	
454	812	
454	813	
454	814	
454	815	
454	816	
455	817	
455	818	
455	819	
455	820	
455	821	
456	822	
456	823	
456	824	
456	825	
456	826	
456	827	
457	828	
457	829	
456	830	
456	831	
456	832	
456	833	
456	834	
456	835	
456	836	
456	837	
456	838	
456	839	
456	840	
456	841	
456	842	
456	843	
456	844	
456	845	
456	846	
456	847	
456	848	
456	849	
456	850	
457	851	
457	852	
457	853	
456	854	
456	855	
456	856	
457	857	
457	858	
457	859	
457	860	
457	861	
457	862	
459	863	
459	864	
457	865	
458	865	
457	866	
458	866	
458	867	
457	868	
457	869	
457	870	
458	870	
458	871	
457	872	
458	873	
458	874	
458	875	
458	876	
457	877	
457	878	
457	879	
458	880	
459	881	
459	882	
458	883	
457	884	
457	885	
458	886	
461	887	
461	888	
458	889	
458	890	
460	891	
460	892	
459	893	
458	894	
460	895	
460	896	
460	897	
461	898	
460	899	
460	900	
459	901	
460	902	
460	903	
461	904	
460	905	
460	906	
460	907	
460	908	
460	909	
460	910	
461	911	
460	912	
461	912	
460	913	
463	914	
461	915	
461	916	
461	917	
462	917	
461	918	
461	919	
462	920	
461	921	
461	922	
463	923	
463	924	
463	925	
448	1019	
448	1020	
447	1021	
446	1022	
448	1023	
449	1024	
449	1025	
450	1025	
449	1026	
450	1027	
450	1028	
448	1029	
448	1030	
448	1031	
449	1032	
448	1035	
448	1036	
450	1050	
449	1051	
449	1052	
450	1057	
450	1058	
450	1059	
449	1060	
448	1072	
446	1074	
446	1075	
446	1076	
444	1090	
444	1091	
444	1092	
