534	52	
536	69	
536	70	
536	71	
536	81	
536	82	
538	85	
538	86	
483	409	
483	410	
483	411	
483	412	
483	413	
483	414	
483	415	
482	416	
482	417	
482	418	
482	419	
482	420	
482	421	
481	422	
482	422	
481	423	
481	424	
482	425	
482	426	
482	427	
482	428	
482	429	
482	430	
482	431	
482	432	
482	433	
482	434	
482	435	
482	436	
482	437	
482	438	
482	439	
482	440	
482	441	
482	442	
482	443	
482	444	
481	445	
482	446	
482	447	
482	448	
482	449	
482	450	
482	451	
482	452	
483	453	
483	454	
485	455	
485	456	
485	457	
485	458	
485	459	
475	461	
475	462	
473	463	
473	464	
473	465	
475	466	
475	467	
475	468	
474	469	
473	470	
474	471	
475	472	
475	473	
474	474	
474	475	
474	476	
474	477	
474	478	
474	479	
475	480	
475	481	
475	482	
475	483	
475	484	
475	485	
475	486	
475	487	
475	488	
476	489	
476	490	
477	491	
477	492	
476	493	
476	494	
476	495	
477	496	
477	497	
477	498	
477	499	
478	500	
477	501	
477	502	
477	503	
477	504	
477	505	
477	506	
473	507	
473	508	
473	509	
473	510	
473	511	
473	512	
473	513	
472	514	
473	514	
473	515	
474	516	
473	517	
472	518	
473	518	
472	519	
472	520	
471	521	
471	522	
471	523	
472	523	
471	524	
471	525	
472	526	
472	527	
471	528	
471	529	
471	530	
471	531	
469	532	
471	533	
467	534	
467	535	
467	536	
467	537	
467	538	
468	539	
467	540	
468	541	
466	542	
466	543	
468	544	
468	545	
467	546	
467	547	
466	548	
467	549	
467	550	
467	551	
467	552	
467	553	
467	554	
467	555	
467	556	
468	557	
467	558	
467	559	
467	560	
467	561	
466	562	
467	563	
467	564	
466	565	
466	566	
465	567	
466	567	
465	568	
466	569	
466	570	
466	571	
466	572	
463	573	
463	574	
463	575	
463	576	
463	577	
464	578	
463	579	
464	579	
463	580	
463	581	
463	582	
463	583	
463	584	
463	585	
463	586	
463	587	
462	588	
462	589	
462	590	
462	591	
461	592	
461	593	
461	594	
461	595	
461	596	
461	597	
461	598	
462	599	
463	600	
462	601	
464	602	
463	603	
462	604	
462	605	
462	606	
462	607	
462	608	
462	609	
462	610	
462	611	
462	612	
463	612	
463	613	
462	614	
463	615	
464	616	
464	617	
461	618	
465	619	
466	620	
467	621	
467	622	
467	623	
467	624	
467	625	
467	626	
467	627	
467	628	
467	629	
467	630	
467	631	
468	631	
467	632	
467	633	
468	634	
467	635	
469	636	
467	637	
467	638	
467	639	
467	640	
466	641	
467	641	
466	642	
467	643	
467	644	
467	645	
467	646	
467	647	
467	648	
467	649	
466	650	
467	650	
466	651	
467	651	
466	652	
466	653	
467	654	
467	655	
465	656	
465	657	
465	658	
465	659	
465	660	
467	661	
467	662	
468	662	
467	663	
466	664	
465	665	
466	666	
465	667	
465	668	
466	669	
467	670	
467	671	
469	672	
467	673	
467	674	
467	675	
467	676	
467	677	
467	678	
467	679	
467	680	
467	681	
468	682	
469	683	
467	684	
467	685	
467	686	
468	686	
467	687	
468	688	
468	689	
467	690	
467	691	
467	692	
467	693	
467	694	
467	695	
467	696	
467	697	
467	698	
467	699	
467	700	
467	701	
467	702	
467	703	
467	704	
467	705	
466	706	
467	706	
466	707	
467	708	
466	709	
466	710	
465	711	
466	711	
466	712	
465	713	
466	713	
465	714	
465	715	
465	716	
465	717	
465	718	
465	719	
464	720	
465	721	
465	722	
464	723	
465	723	
465	724	
464	725	
465	726	
465	727	
464	728	
464	729	
465	730	
464	731	
464	732	
464	733	
464	734	
464	735	
463	736	
463	737	
464	738	
464	739	
463	740	
463	741	
463	742	
463	743	
464	744	
462	745	
462	746	
461	747	
462	748	
462	749	
462	750	
462	751	
461	752	
461	753	
461	754	
459	755	
460	756	
459	757	
460	758	
460	759	
459	760	
460	761	
460	762	
459	763	
459	764	
459	765	
459	766	
460	766	
460	767	
459	768	
459	769	
459	770	
459	771	
459	772	
459	773	
459	774	
459	775	
460	775	
460	776	
460	777	
460	778	
459	779	
459	780	
460	781	
460	782	
460	783	
460	784	
461	785	
460	786	
461	786	
461	787	
461	788	
461	789	
460	790	
460	791	
460	792	
460	793	
460	794	
459	795	
459	796	
460	797	
459	798	
460	798	
459	799	
459	800	
460	800	
459	801	
459	802	
460	802	
459	803	
459	804	
460	805	
460	806	
460	807	
460	808	
460	809	
461	810	
462	811	
462	812	
462	813	
462	814	
462	815	
462	816	
462	817	
463	817	
463	818	
463	819	
464	819	
463	820	
464	821	
464	822	
464	823	
464	824	
465	825	
464	826	
464	827	
464	828	
465	829	
466	830	
464	831	
464	832	
465	833	
465	834	
465	835	
465	836	
465	837	
466	838	
466	839	
465	840	
465	841	
465	842	
465	843	
466	844	
467	845	
467	846	
467	847	
466	848	
467	848	
467	849	
466	850	
466	851	
467	852	
467	853	
465	854	
465	855	
466	856	
466	857	
466	858	
467	859	
467	860	
469	861	
469	862	
469	863	
468	864	
469	865	
469	866	
467	867	
467	868	
469	869	
469	870	
467	871	
467	872	
467	873	
467	874	
467	875	
467	876	
467	877	
467	878	
467	879	
468	880	
468	881	
467	882	
467	883	
467	884	
467	885	
468	886	
468	887	
468	888	
468	889	
468	890	
468	891	
469	892	
469	893	
469	894	
469	895	
469	896	
470	897	
469	898	
468	899	
468	900	
469	901	
469	902	
470	902	
471	903	
471	904	
471	905	
471	906	
471	907	
471	908	
470	909	
471	909	
470	910	
469	911	
469	912	
469	913	
471	914	
473	915	
473	916	
471	917	
471	918	
475	919	
474	920	
455	1016	
457	1018	
454	1026	
456	1054	
456	1055	
456	1056	
450	1111	
