540	65	
540	66	
540	67	
540	68	
540	72	
541	73	
542	74	
542	75	
542	83	
542	84	
543	85	
544	87	
542	89	
489	415	
489	416	
487	417	
487	418	
487	419	
487	420	
487	421	
487	422	
487	423	
487	424	
488	425	
488	426	
488	427	
487	428	
487	429	
488	430	
487	431	
488	432	
488	433	
487	434	
487	435	
487	436	
488	437	
488	438	
487	439	
487	440	
487	441	
487	442	
487	443	
487	444	
487	445	
487	446	
489	447	
489	448	
489	449	
489	450	
489	451	
489	452	
489	453	
491	454	
491	455	
491	456	
490	457	
490	458	
491	459	
491	460	
477	515	
477	516	
478	517	
478	518	
477	519	
477	520	
477	521	
478	522	
478	523	
478	524	
477	525	
477	526	
477	527	
477	528	
478	528	
477	529	
477	530	
477	531	
477	532	
475	533	
475	534	
475	535	
475	536	
475	537	
475	538	
475	539	
475	540	
475	541	
475	542	
475	543	
473	544	
473	545	
473	546	
472	547	
473	547	
472	548	
472	549	
473	549	
473	550	
472	551	
472	552	
472	553	
471	554	
473	555	
472	556	
472	557	
472	558	
473	559	
472	560	
472	561	
472	562	
472	563	
472	564	
472	565	
472	566	
471	567	
471	568	
471	569	
472	570	
472	571	
472	572	
472	573	
472	574	
472	575	
472	576	
472	577	
471	578	
472	579	
472	580	
472	581	
472	582	
472	583	
472	584	
473	584	
472	585	
472	586	
472	587	
472	588	
475	589	
471	590	
470	591	
469	592	
469	593	
469	594	
469	595	
470	595	
470	596	
470	597	
470	598	
470	599	
469	600	
470	600	
469	601	
470	602	
470	603	
469	604	
470	605	
469	606	
468	607	
469	608	
469	609	
469	610	
469	611	
474	612	
473	613	
474	614	
474	615	
474	616	
474	617	
473	618	
474	619	
474	620	
473	621	
474	621	
474	622	
474	623	
473	624	
473	625	
473	626	
474	627	
474	628	
474	629	
474	630	
474	631	
475	631	
475	632	
474	633	
475	634	
475	635	
475	636	
475	637	
475	638	
475	639	
475	640	
475	641	
475	642	
475	643	
475	644	
476	645	
475	646	
476	647	
476	648	
475	649	
475	650	
475	651	
475	652	
475	653	
473	654	
473	655	
473	657	
473	658	
473	659	
475	660	
473	661	
472	662	
473	663	
475	664	
475	665	
475	666	
475	667	
475	668	
473	669	
473	670	
473	671	
473	672	
473	673	
473	674	
475	675	
471	676	
475	677	
473	678	
473	679	
473	680	
473	681	
473	682	
471	683	
471	684	
471	685	
472	686	
472	687	
472	688	
471	689	
472	690	
472	691	
472	692	
472	693	
472	694	
472	695	
471	696	
472	697	
472	698	
473	699	
472	700	
472	701	
472	702	
472	703	
472	704	
473	704	
472	705	
472	706	
472	707	
471	708	
472	709	
472	710	
473	711	
471	712	
472	713	
471	714	
471	715	
471	716	
471	717	
471	718	
471	719	
471	720	
471	721	
469	722	
471	723	
471	724	
470	725	
469	726	
470	727	
470	728	
469	729	
470	729	
470	730	
469	731	
470	732	
469	733	
469	734	
469	735	
469	736	
470	737	
469	738	
468	739	
469	740	
468	741	
469	742	
469	743	
469	744	
469	745	
469	746	
466	747	
466	748	
465	749	
465	750	
465	751	
465	752	
465	753	
466	753	
465	754	
465	755	
466	755	
466	756	
466	757	
466	758	
465	759	
464	760	
464	761	
464	762	
464	763	
464	764	
464	765	
465	766	
464	767	
464	768	
463	769	
465	770	
464	771	
464	772	
464	773	
464	774	
464	775	
464	776	
465	777	
465	778	
466	779	
466	780	
465	781	
465	782	
466	783	
466	784	
467	785	
465	786	
464	787	
465	787	
465	788	
466	788	
465	789	
467	790	
467	791	
466	792	
465	793	
464	794	
464	795	
465	796	
465	797	
465	798	
465	799	
465	800	
465	801	
465	802	
465	803	
465	804	
465	805	
467	806	
467	807	
467	808	
467	809	
467	810	
466	811	
466	812	
467	813	
467	814	
468	815	
468	816	
469	817	
469	818	
469	819	
469	820	
469	821	
469	822	
469	823	
471	824	
471	825	
471	826	
471	827	
471	828	
473	829	
470	830	
471	831	
471	832	
471	833	
471	834	
471	835	
472	836	
472	837	
472	838	
472	839	
473	840	
473	841	
473	842	
472	843	
473	844	
473	845	
471	846	
472	847	
473	847	
472	848	
472	849	
471	850	
474	851	
474	852	
473	853	
473	854	
473	855	
474	856	
475	856	
474	857	
473	858	
475	859	
475	860	
474	861	
473	862	
473	863	
473	864	
474	865	
474	866	
473	867	
473	868	
473	869	
473	870	
473	871	
473	872	
473	873	
474	874	
474	875	
474	876	
474	877	
473	878	
473	879	
473	880	
475	881	
475	882	
473	883	
473	884	
476	885	
475	886	
477	887	
477	888	
474	889	
474	890	
475	890	
476	891	
476	892	
477	893	
477	894	
477	895	
476	896	
476	897	
476	898	
475	899	
475	900	
477	901	
477	902	
477	903	
477	904	
477	905	
477	906	
477	907	
479	908	
462	1051	
462	1052	
462	1053	
462	1054	
462	1058	
458	1072	
456	1087	
456	1088	
456	1089	
456	1091	
456	1092	
456	1094	
456	1095	
457	1096	
454	1097	
454	1098	
457	1099	
457	1100	
454	1101	
454	1102	
454	1111	
454	1112	
456	1112	
458	1145	
