548	35	
548	36	
548	37	
552	80	
552	81	
501	429	
501	430	
499	431	
499	432	
499	433	
499	434	
499	435	
499	436	
499	437	
499	438	
499	439	
499	440	
499	441	
499	442	
499	443	
501	444	
501	445	
501	446	
500	447	
500	448	
501	449	
501	450	
501	451	
501	452	
501	453	
501	454	
501	455	
485	549	
485	550	
485	551	
485	552	
485	553	
486	554	
487	555	
483	556	
483	557	
483	558	
482	559	
482	560	
483	561	
483	562	
483	563	
482	564	
483	564	
483	565	
484	566	
483	567	
484	568	
483	569	
484	570	
484	571	
484	572	
484	573	
483	574	
484	575	
484	576	
483	577	
483	578	
483	579	
484	580	
483	581	
483	582	
484	583	
483	584	
484	585	
483	586	
484	587	
483	588	
483	589	
485	590	
485	591	
485	592	
484	593	
483	594	
485	595	
483	596	
484	596	
483	597	
483	598	
483	599	
484	599	
483	600	
483	601	
483	602	
484	603	
484	604	
484	605	
483	606	
484	607	
484	608	
483	609	
484	610	
483	611	
484	612	
483	613	
483	614	
483	615	
484	615	
483	616	
484	617	
483	618	
484	619	
483	620	
483	621	
484	622	
483	623	
484	624	
484	625	
484	626	
484	627	
483	628	
483	629	
482	630	
483	631	
484	632	
483	633	
483	634	
484	634	
483	635	
483	636	
483	637	
484	638	
484	639	
485	640	
485	641	
487	642	
487	643	
485	644	
485	645	
485	646	
485	647	
485	648	
487	649	
485	650	
485	651	
485	652	
485	653	
485	654	
485	655	
483	656	
483	657	
483	658	
483	659	
483	660	
483	661	
483	662	
483	663	
483	664	
483	665	
485	666	
485	667	
483	668	
483	669	
483	670	
483	671	
483	672	
483	673	
483	674	
485	675	
485	676	
485	677	
483	678	
483	679	
483	680	
485	681	
485	682	
481	683	
485	683	
481	684	
481	685	
484	686	
482	687	
481	688	
481	689	
482	690	
481	691	
481	692	
482	693	
482	694	
481	695	
482	696	
482	697	
482	698	
482	699	
483	700	
483	701	
482	702	
483	702	
482	703	
482	704	
482	705	
483	706	
482	707	
482	708	
481	709	
482	710	
482	711	
482	712	
483	713	
481	714	
481	715	
482	716	
482	717	
482	718	
483	719	
483	720	
481	721	
481	722	
480	723	
480	724	
479	725	
480	726	
480	727	
480	728	
480	729	
479	730	
480	731	
479	732	
480	732	
479	733	
480	733	
480	734	
480	735	
479	736	
480	737	
480	738	
478	739	
477	740	
478	741	
477	742	
477	743	
477	744	
477	745	
476	746	
476	747	
476	748	
476	749	
476	750	
476	751	
475	752	
476	752	
475	753	
475	754	
475	755	
475	756	
475	757	
476	757	
476	758	
475	759	
476	759	
475	760	
476	761	
476	762	
475	763	
475	764	
476	765	
475	766	
475	767	
476	768	
476	769	
476	770	
475	771	
476	772	
477	773	
477	774	
475	775	
476	776	
476	777	
474	778	
474	779	
474	780	
474	781	
474	782	
475	783	
474	784	
475	784	
475	785	
474	786	
473	787	
475	787	
475	788	
475	789	
474	790	
474	791	
475	792	
475	793	
475	794	
476	795	
475	796	
475	797	
475	798	
475	799	
476	800	
476	801	
476	802	
476	803	
476	804	
476	805	
475	806	
475	807	
475	808	
476	809	
478	810	
478	811	
477	812	
478	813	
478	814	
478	815	
478	816	
477	817	
478	817	
477	818	
479	819	
480	820	
479	821	
479	822	
479	823	
483	824	
483	825	
483	826	
483	827	
483	828	
483	829	
485	830	
485	831	
485	832	
485	833	
485	834	
487	835	
487	836	
487	837	
487	838	
485	839	
485	840	
487	841	
488	842	
488	843	
487	844	
488	844	
489	845	
489	846	
489	847	
489	848	
489	849	
472	1052	
474	1064	
474	1065	
472	1068	
472	1069	
474	1070	
470	1080	
472	1082	
470	1084	
466	1101	
466	1102	
467	1102	
466	1106	
466	1107	
466	1108	
466	1109	
466	1119	
468	1121	
468	1122	
468	1135	
