548	25	
550	37	
550	38	
554	75	
553	83	
554	87	
554	88	
555	89	
501	432	
501	433	
501	434	
501	435	
501	436	
501	437	
501	438	
501	439	
501	440	
501	441	
501	442	
501	443	
501	444	
501	445	
501	446	
501	447	
502	448	
503	449	
503	450	
503	451	
503	452	
503	453	
503	454	
503	455	
487	554	
487	555	
489	556	
487	557	
487	558	
485	559	
485	560	
485	561	
487	562	
487	563	
487	564	
485	565	
485	566	
485	567	
486	568	
485	569	
485	570	
486	571	
485	572	
486	573	
487	574	
486	575	
485	576	
485	577	
485	578	
485	579	
485	580	
485	581	
486	582	
485	583	
485	584	
486	584	
485	585	
486	586	
485	587	
486	588	
485	589	
486	590	
486	591	
486	592	
486	593	
486	594	
486	595	
486	596	
486	597	
486	598	
485	599	
486	600	
485	601	
486	602	
486	603	
486	604	
485	605	
486	605	
486	606	
486	607	
486	608	
486	609	
487	610	
486	611	
486	612	
486	613	
486	614	
486	615	
485	616	
486	616	
485	617	
486	618	
485	619	
485	620	
485	621	
485	622	
485	623	
485	624	
485	625	
485	626	
485	627	
485	628	
485	629	
485	630	
485	631	
485	632	
485	633	
484	634	
486	635	
486	636	
486	637	
486	638	
485	639	
486	640	
487	641	
487	642	
487	643	
487	644	
487	645	
487	646	
487	647	
487	648	
487	649	
487	650	
487	651	
487	652	
487	653	
487	654	
485	655	
485	656	
485	657	
487	658	
485	659	
485	660	
485	661	
485	662	
487	662	
487	663	
487	664	
485	665	
485	666	
485	667	
483	668	
484	669	
485	670	
485	671	
486	672	
484	673	
485	674	
485	675	
485	676	
485	677	
485	678	
485	679	
485	680	
483	681	
483	682	
483	683	
485	684	
483	685	
483	686	
483	687	
484	688	
484	689	
484	690	
483	691	
484	692	
484	693	
484	694	
485	694	
483	695	
484	696	
483	697	
483	698	
484	699	
483	700	
483	701	
485	702	
485	703	
485	704	
484	705	
483	706	
484	707	
484	708	
483	709	
483	710	
484	711	
484	712	
483	713	
483	714	
483	715	
483	716	
482	717	
483	718	
482	719	
483	720	
481	721	
481	722	
481	723	
481	724	
481	725	
482	725	
482	726	
481	727	
481	728	
481	729	
481	730	
481	731	
482	731	
481	732	
481	733	
482	734	
482	735	
482	736	
481	737	
481	738	
481	739	
480	740	
479	741	
479	742	
479	743	
479	744	
480	745	
479	746	
478	747	
480	747	
478	748	
479	749	
479	750	
478	751	
478	752	
479	753	
478	754	
478	755	
478	756	
478	757	
477	758	
478	758	
478	759	
478	760	
478	761	
477	762	
477	763	
477	764	
476	765	
475	766	
476	767	
476	768	
477	768	
476	769	
477	770	
476	771	
476	772	
475	773	
476	774	
476	775	
476	776	
476	777	
476	778	
476	779	
476	780	
476	781	
476	782	
476	783	
476	784	
476	785	
476	786	
476	787	
476	788	
476	789	
476	790	
476	791	
476	792	
476	793	
476	794	
476	795	
476	796	
476	797	
476	798	
476	799	
476	800	
477	801	
477	802	
477	803	
477	804	
477	805	
477	806	
477	807	
478	808	
477	809	
478	810	
478	811	
478	812	
479	812	
479	813	
479	814	
480	815	
481	816	
481	817	
481	818	
479	819	
479	820	
481	821	
481	822	
481	823	
481	824	
485	824	
483	825	
483	826	
487	827	
487	828	
487	829	
489	830	
487	831	
488	832	
487	833	
487	834	
487	835	
487	836	
487	837	
557	838	
557	839	
489	840	
557	848	
557	849	
557	850	
476	1054	
476	1055	
477	1058	
474	1066	
474	1067	
474	1068	
474	1069	
468	1113	
468	1117	
468	1118	
468	1119	
469	1120	
