553	52	
557	85	
503	438	
504	438	
503	439	
503	440	
505	441	
505	442	
505	443	
503	444	
505	445	
505	446	
489	557	
489	558	
489	559	
487	560	
487	561	
489	562	
489	563	
488	564	
487	565	
487	566	
488	567	
488	568	
487	569	
488	570	
487	571	
487	572	
487	573	
487	574	
487	575	
488	576	
488	577	
488	578	
487	579	
487	580	
488	580	
488	581	
487	582	
488	582	
487	583	
488	583	
488	584	
488	585	
488	586	
487	587	
488	588	
487	589	
487	590	
488	591	
488	592	
488	593	
489	593	
488	594	
489	595	
489	596	
488	597	
487	598	
488	598	
487	599	
487	600	
487	601	
487	602	
487	603	
487	604	
487	605	
487	606	
487	607	
487	608	
487	609	
488	610	
488	611	
487	612	
488	613	
488	614	
488	615	
488	616	
487	617	
487	618	
487	619	
487	620	
487	621	
487	622	
487	623	
487	624	
486	625	
487	626	
487	627	
487	628	
487	629	
488	630	
487	631	
487	632	
487	633	
487	634	
487	635	
487	636	
488	637	
488	638	
488	639	
489	639	
488	640	
489	641	
489	642	
489	643	
487	644	
489	645	
489	646	
489	647	
489	648	
489	649	
489	650	
489	651	
489	652	
489	653	
489	654	
487	655	
487	656	
487	657	
487	658	
487	659	
487	660	
487	661	
487	662	
487	663	
489	664	
487	665	
487	666	
487	667	
487	668	
487	669	
485	670	
487	671	
489	672	
488	673	
488	674	
485	675	
485	676	
485	677	
489	678	
487	679	
487	680	
485	681	
487	681	
485	682	
485	683	
487	684	
487	685	
485	686	
485	687	
485	688	
485	689	
485	690	
486	691	
485	692	
485	693	
485	694	
486	695	
485	696	
486	696	
485	697	
486	698	
486	699	
486	700	
486	701	
487	702	
486	703	
486	704	
486	705	
486	706	
486	707	
486	708	
486	709	
486	710	
485	711	
486	712	
485	713	
486	714	
487	714	
485	715	
485	716	
485	717	
483	718	
484	719	
483	720	
483	721	
484	721	
483	722	
484	722	
483	723	
483	724	
483	725	
482	726	
483	727	
483	728	
484	728	
483	729	
483	730	
482	731	
482	732	
482	733	
482	734	
481	735	
482	736	
483	737	
481	738	
482	739	
482	740	
482	741	
482	742	
481	743	
481	744	
481	745	
480	746	
480	747	
480	748	
480	749	
479	750	
480	750	
479	751	
479	752	
479	753	
480	754	
479	755	
480	756	
480	757	
479	758	
479	759	
478	760	
478	761	
477	762	
477	763	
477	764	
478	765	
478	766	
478	767	
478	768	
478	769	
478	770	
478	771	
478	772	
479	773	
477	774	
478	774	
477	775	
477	776	
478	777	
478	778	
478	779	
478	780	
478	781	
478	782	
477	783	
478	784	
478	785	
478	786	
479	786	
478	787	
478	788	
479	789	
478	790	
479	791	
479	792	
478	793	
478	794	
478	795	
479	795	
478	796	
479	797	
478	798	
478	799	
480	800	
480	801	
480	802	
481	803	
481	804	
480	805	
480	806	
480	807	
479	808	
480	809	
480	810	
480	811	
479	812	
479	813	
480	814	
480	815	
481	816	
482	817	
482	818	
481	819	
481	820	
483	821	
483	822	
483	823	
487	824	
487	825	
485	826	
486	826	
488	827	
491	828	
491	829	
490	830	
489	831	
489	832	
490	833	
559	836	
559	854	
559	855	
559	864	
564	912	
476	1065	
476	1066	
477	1067	
478	1068	
478	1078	
476	1079	
476	1080	
476	1081	
476	1082	
476	1083	
474	1096	
471	1123	
472	1128	
472	1129	
