557	75	
493	563	
493	564	
491	565	
491	566	
491	567	
491	568	
491	569	
491	570	
491	571	
491	572	
491	573	
492	574	
491	575	
491	576	
491	577	
491	578	
491	579	
491	580	
492	580	
492	581	
491	582	
492	583	
491	584	
491	585	
491	586	
491	587	
491	588	
491	589	
490	590	
491	591	
491	592	
492	593	
491	594	
491	595	
491	596	
489	597	
490	598	
490	599	
491	600	
491	601	
491	602	
491	603	
491	604	
491	605	
491	606	
491	607	
491	608	
491	609	
492	610	
491	611	
491	612	
491	613	
489	614	
489	615	
489	616	
492	616	
489	617	
491	618	
491	619	
491	620	
491	621	
492	622	
491	623	
491	624	
491	625	
491	626	
493	627	
493	628	
493	629	
492	630	
491	631	
492	632	
491	633	
492	633	
491	634	
493	635	
493	636	
493	637	
491	639	
491	640	
491	641	
493	642	
493	643	
493	644	
493	645	
494	646	
493	647	
493	648	
493	649	
493	650	
493	651	
493	652	
493	653	
491	654	
491	655	
490	656	
493	657	
493	658	
493	659	
489	660	
489	661	
493	662	
489	663	
489	664	
489	665	
489	666	
490	667	
491	668	
489	669	
489	670	
489	671	
489	672	
489	673	
489	674	
489	675	
491	676	
491	677	
489	678	
489	679	
489	680	
489	681	
489	682	
489	683	
489	685	
489	686	
489	687	
491	688	
489	689	
489	690	
488	691	
487	692	
487	693	
490	694	
489	695	
489	696	
489	697	
490	697	
490	698	
490	699	
490	700	
491	701	
489	702	
491	702	
491	703	
490	704	
491	704	
489	705	
491	705	
490	706	
490	707	
490	708	
489	709	
489	710	
489	711	
489	712	
489	713	
488	714	
488	715	
488	716	
488	717	
488	718	
488	719	
488	720	
488	721	
488	722	
488	723	
488	724	
487	725	
487	726	
486	727	
487	728	
487	729	
487	730	
486	731	
487	732	
487	733	
487	734	
487	735	
485	736	
486	737	
486	738	
485	739	
486	740	
485	741	
485	742	
486	743	
485	744	
484	745	
483	746	
484	747	
484	748	
483	749	
483	750	
483	751	
484	752	
484	753	
484	754	
484	755	
484	756	
482	757	
482	758	
482	759	
482	760	
481	761	
482	761	
482	762	
482	763	
482	764	
482	765	
482	766	
482	767	
482	768	
481	769	
482	770	
481	771	
481	772	
482	773	
482	774	
482	775	
482	776	
481	777	
481	778	
481	779	
481	780	
481	781	
482	782	
482	783	
482	784	
481	785	
481	786	
481	787	
481	788	
482	788	
482	789	
482	790	
482	791	
481	792	
482	793	
482	794	
482	795	
482	796	
481	797	
482	797	
482	798	
482	799	
482	800	
481	801	
481	802	
482	803	
482	804	
482	805	
482	806	
483	807	
483	808	
483	809	
484	810	
484	811	
484	812	
484	813	
483	814	
484	814	
483	815	
484	815	
484	816	
484	817	
485	818	
485	819	
485	820	
486	820	
489	821	
489	822	
489	823	
491	824	
491	825	
491	826	
493	827	
493	828	
493	829	
561	836	
561	837	
561	838	
480	1061	
480	1062	
480	1063	
480	1064	
478	1070	
478	1071	
480	1074	
478	1096	
