569	553	
569	554	
569	555	
569	556	
495	575	
497	575	
495	576	
495	577	
497	578	
497	579	
497	580	
497	581	
496	582	
497	583	
496	584	
496	585	
496	586	
497	587	
496	588	
497	589	
497	590	
496	591	
496	592	
495	593	
495	594	
496	595	
496	596	
496	597	
496	598	
496	599	
496	600	
496	601	
495	602	
495	603	
495	604	
497	605	
497	606	
496	607	
496	608	
496	609	
496	610	
496	611	
496	612	
495	613	
496	613	
495	614	
495	615	
495	616	
495	617	
497	618	
497	619	
496	620	
496	621	
496	622	
496	623	
496	624	
497	625	
497	626	
497	627	
497	628	
497	629	
497	630	
497	631	
495	632	
497	633	
499	634	
499	635	
499	638	
499	639	
497	640	
499	641	
499	642	
497	643	
497	644	
497	645	
497	646	
497	647	
499	648	
499	649	
495	650	
499	651	
497	652	
497	653	
497	654	
495	655	
495	656	
497	657	
497	658	
497	659	
495	660	
495	661	
495	662	
497	663	
497	664	
495	665	
497	665	
495	666	
495	667	
495	668	
495	669	
493	670	
495	671	
495	672	
495	673	
495	675	
495	676	
495	677	
495	678	
495	679	
497	680	
493	681	
493	682	
493	683	
495	684	
495	685	
495	686	
495	687	
495	688	
493	689	
493	690	
493	691	
493	692	
493	693	
493	694	
493	695	
493	696	
494	697	
493	698	
493	699	
494	700	
493	701	
494	702	
494	703	
494	704	
494	705	
494	706	
493	707	
493	708	
494	708	
493	709	
494	709	
493	710	
494	711	
493	712	
493	713	
493	714	
494	715	
493	716	
493	717	
494	717	
493	718	
493	719	
493	720	
493	721	
492	722	
492	723	
492	724	
492	725	
492	726	
492	727	
492	728	
491	729	
492	730	
492	731	
491	732	
492	733	
491	734	
490	735	
491	735	
491	736	
491	737	
491	738	
491	739	
490	740	
489	741	
490	742	
490	743	
490	744	
489	745	
489	746	
489	747	
489	748	
489	749	
489	750	
489	751	
488	752	
488	753	
487	754	
488	755	
488	756	
488	757	
488	758	
488	759	
488	760	
487	761	
487	762	
487	763	
487	764	
487	765	
487	766	
487	767	
487	768	
487	769	
487	770	
486	771	
486	772	
488	773	
486	774	
486	775	
486	776	
486	777	
486	778	
486	779	
486	780	
486	781	
485	782	
486	783	
486	784	
486	785	
486	786	
485	787	
486	788	
486	789	
486	790	
485	791	
488	792	
486	793	
486	794	
486	795	
488	796	
488	797	
487	798	
487	799	
488	799	
488	800	
488	801	
488	802	
487	803	
487	804	
487	805	
488	806	
488	807	
488	808	
488	809	
488	810	
488	811	
489	812	
489	813	
490	814	
490	815	
489	816	
491	817	
491	818	
491	819	
491	820	
491	821	
491	822	
495	823	
495	824	
497	825	
497	826	
497	827	
486	1052	
488	1054	
484	1071	
484	1072	
482	1074	
482	1075	
482	1080	
482	1111	
482	1112	
482	1113	
