562	45	
562	46	
566	77	
565	83	
566	83	
572	544	
499	583	
499	584	
499	585	
500	585	
499	586	
501	586	
498	587	
498	588	
499	589	
498	590	
498	591	
498	592	
499	593	
498	594	
499	594	
498	595	
498	596	
498	597	
499	597	
498	598	
499	599	
499	600	
498	601	
499	601	
499	602	
498	603	
498	604	
499	605	
498	606	
498	607	
498	608	
498	609	
498	610	
499	611	
499	612	
499	613	
498	614	
499	614	
499	615	
499	616	
499	617	
500	618	
499	619	
500	620	
500	621	
499	622	
500	622	
499	623	
500	624	
500	625	
499	626	
499	627	
501	628	
501	629	
501	630	
499	633	
499	634	
501	635	
501	636	
501	637	
499	638	
501	639	
501	640	
501	641	
499	642	
501	643	
501	644	
499	645	
499	646	
499	647	
501	648	
501	649	
499	650	
499	651	
501	653	
501	654	
501	655	
501	656	
500	657	
497	658	
499	659	
499	660	
499	661	
497	662	
497	663	
497	664	
497	665	
499	666	
499	667	
498	668	
499	669	
499	670	
498	671	
497	672	
497	673	
499	674	
497	675	
497	676	
497	677	
499	678	
499	679	
499	680	
497	681	
497	682	
499	683	
499	684	
497	685	
495	686	
497	687	
497	688	
496	689	
495	690	
495	691	
495	692	
495	693	
495	694	
495	695	
496	696	
496	697	
496	698	
496	699	
495	700	
495	701	
497	702	
496	703	
496	704	
497	704	
497	705	
496	706	
497	707	
496	708	
496	709	
495	710	
496	711	
495	712	
496	713	
496	714	
496	715	
496	716	
495	717	
495	718	
496	718	
496	719	
497	720	
497	721	
496	722	
495	723	
494	724	
494	725	
495	726	
494	727	
494	728	
494	729	
494	730	
495	730	
494	731	
494	732	
495	732	
494	733	
494	734	
494	735	
493	736	
494	736	
493	737	
493	738	
494	739	
493	740	
492	741	
493	742	
492	743	
493	744	
492	745	
491	746	
492	747	
492	748	
492	749	
491	750	
492	751	
491	752	
491	753	
492	754	
491	755	
492	755	
490	756	
490	757	
490	758	
491	758	
491	759	
492	760	
491	761	
490	762	
490	763	
491	763	
491	764	
489	765	
490	766	
490	767	
489	768	
490	769	
489	770	
490	771	
490	772	
490	773	
489	774	
490	774	
490	775	
491	776	
489	777	
490	778	
489	779	
489	780	
488	781	
489	781	
488	782	
488	783	
487	784	
488	785	
488	786	
488	787	
489	788	
490	789	
488	790	
490	791	
490	792	
491	793	
491	794	
491	795	
490	796	
490	797	
490	798	
490	799	
489	800	
490	801	
490	802	
490	803	
490	804	
489	805	
489	806	
491	807	
490	808	
490	809	
490	810	
491	811	
491	812	
491	813	
492	813	
492	814	
492	815	
493	816	
493	817	
493	818	
494	818	
495	819	
495	820	
495	821	
497	822	
497	823	
497	824	
497	825	
569	864	
571	866	
490	1052	
490	1053	
490	1054	
488	1072	
486	1081	
486	1082	
486	1083	
486	1084	
484	1117	
484	1118	
484	1126	
484	1127	
