572	52	
572	53	
572	54	
581	606	
515	636	
515	637	
515	638	
515	639	
515	640	
515	641	
513	642	
515	644	
513	645	
513	646	
513	647	
513	648	
513	649	
511	650	
511	651	
511	652	
511	653	
511	654	
511	655	
509	656	
509	657	
511	658	
509	659	
509	660	
511	661	
511	662	
509	666	
509	667	
511	668	
507	669	
507	670	
509	671	
509	672	
507	673	
507	674	
509	675	
509	676	
509	677	
507	678	
507	679	
511	680	
508	681	
509	682	
509	683	
509	684	
509	685	
509	686	
507	687	
507	688	
509	689	
509	690	
509	691	
507	692	
507	693	
507	694	
507	695	
507	696	
507	697	
507	698	
506	699	
507	700	
507	701	
507	702	
508	703	
507	704	
508	705	
507	706	
508	707	
507	708	
507	709	
507	710	
507	711	
507	712	
506	713	
507	714	
507	715	
507	716	
506	717	
507	718	
506	719	
507	720	
506	721	
506	722	
506	723	
507	724	
505	725	
505	726	
506	727	
506	728	
505	729	
505	730	
505	731	
505	732	
505	733	
506	734	
506	735	
505	736	
505	737	
504	738	
504	739	
504	740	
504	741	
504	742	
504	743	
504	744	
504	745	
503	746	
503	747	
504	747	
503	748	
503	749	
503	750	
503	751	
504	752	
504	753	
503	754	
501	755	
501	756	
501	757	
502	758	
503	759	
502	760	
502	761	
501	762	
501	763	
501	764	
501	765	
501	766	
501	767	
501	768	
501	769	
500	770	
500	771	
500	772	
500	773	
499	774	
499	775	
499	776	
500	777	
500	778	
501	778	
501	779	
500	780	
500	781	
500	782	
500	783	
500	784	
500	785	
500	786	
500	787	
500	788	
500	789	
501	790	
501	791	
500	792	
499	793	
500	794	
500	795	
501	796	
501	797	
500	798	
500	799	
500	800	
502	800	
501	801	
501	802	
499	803	
500	804	
501	805	
501	806	
501	807	
502	808	
502	809	
502	810	
502	811	
503	812	
503	813	
505	814	
505	815	
505	816	
586	924	
586	925	
586	926	
494	1094	
494	1095	
494	1096	
494	1099	
494	1100	
496	1101	
496	1102	
494	1108	
492	1109	
492	1110	
492	1113	
492	1114	
