577	78	
577	79	
577	80	
583	576	
515	640	
515	641	
517	642	
515	643	
515	644	
515	645	
515	646	
514	647	
513	648	
513	649	
513	650	
513	651	
513	652	
513	653	
513	654	
513	655	
513	656	
513	657	
513	658	
513	659	
511	660	
511	661	
511	662	
511	663	
511	665	
513	666	
511	667	
511	668	
511	669	
509	670	
509	671	
509	672	
511	673	
511	674	
509	675	
509	676	
509	677	
509	678	
511	679	
511	680	
511	681	
509	682	
509	683	
509	684	
509	685	
509	686	
509	687	
510	689	
511	690	
509	691	
511	692	
509	693	
509	694	
509	695	
509	696	
509	697	
509	698	
510	699	
509	700	
509	701	
509	702	
510	703	
509	704	
511	704	
510	705	
510	706	
509	707	
509	708	
509	709	
510	709	
509	710	
509	711	
507	712	
508	712	
508	713	
508	714	
507	715	
509	716	
507	717	
508	718	
509	719	
507	720	
507	721	
507	722	
507	723	
507	724	
508	725	
508	726	
509	727	
508	728	
507	729	
507	730	
506	731	
508	732	
508	733	
508	734	
508	735	
508	736	
507	737	
507	738	
507	739	
506	740	
506	741	
507	742	
506	743	
505	744	
505	745	
506	746	
505	747	
505	748	
505	749	
506	750	
506	751	
506	752	
505	753	
504	754	
503	755	
503	756	
504	757	
504	758	
504	759	
504	760	
503	761	
503	762	
503	763	
503	764	
503	765	
504	766	
505	767	
504	768	
505	768	
502	769	
502	770	
502	771	
502	772	
503	773	
503	774	
504	775	
505	776	
502	777	
502	778	
502	779	
502	780	
501	781	
502	781	
501	782	
502	783	
502	784	
501	785	
501	786	
502	787	
502	788	
501	789	
501	790	
502	791	
503	791	
502	792	
502	793	
502	794	
502	795	
502	796	
502	797	
502	798	
502	799	
501	800	
502	801	
504	801	
504	802	
504	803	
504	804	
504	805	
503	806	
503	807	
503	808	
503	809	
504	810	
504	811	
505	811	
505	812	
505	813	
505	814	
505	815	
504	1068	
496	1098	
496	1103	
496	1104	
496	1105	
496	1106	
496	1107	
496	1108	
496	1109	
