578	29	
578	30	
578	31	
590	544	
590	545	
590	546	
591	598	
589	600	
591	608	
523	652	
523	653	
523	654	
519	656	
521	658	
519	660	
519	661	
519	662	
517	663	
517	664	
519	665	
519	666	
519	667	
517	668	
517	669	
517	670	
519	671	
519	672	
519	673	
517	674	
517	675	
520	676	
517	677	
517	678	
517	679	
519	680	
518	681	
517	682	
517	685	
517	686	
517	687	
517	688	
517	689	
515	690	
516	691	
517	693	
515	694	
515	695	
515	696	
515	697	
515	699	
515	700	
516	701	
516	702	
516	703	
515	704	
516	705	
517	706	
517	707	
517	708	
516	709	
517	710	
517	711	
516	712	
516	713	
516	714	
516	715	
516	716	
516	717	
517	718	
517	719	
517	720	
517	721	
516	722	
516	723	
515	724	
516	725	
517	726	
517	727	
516	728	
517	729	
515	730	
516	730	
515	731	
515	732	
515	733	
515	734	
515	735	
516	735	
516	736	
515	737	
514	738	
514	739	
515	740	
514	741	
514	742	
514	743	
514	744	
514	745	
514	746	
514	747	
514	748	
513	749	
513	750	
513	751	
513	752	
513	753	
513	754	
513	755	
514	756	
511	757	
511	758	
512	759	
512	760	
512	761	
511	762	
511	763	
511	764	
511	765	
511	766	
511	767	
510	768	
510	769	
509	770	
510	771	
510	772	
509	773	
509	774	
509	775	
509	776	
510	777	
510	778	
510	779	
510	780	
510	781	
509	782	
510	782	
509	783	
509	784	
509	785	
509	786	
509	787	
510	787	
511	788	
510	789	
510	790	
510	791	
510	792	
509	793	
510	794	
513	794	
511	795	
511	796	
511	797	
513	798	
513	799	
512	800	
511	801	
511	802	
511	803	
515	804	
515	805	
513	806	
587	826	
587	862	
592	908	
594	910	
510	1070	
