580	31	
582	35	
582	36	
582	37	
582	50	
583	56	
587	84	
587	85	
587	86	
587	87	
587	88	
592	561	
592	562	
592	578	
593	589	
593	622	
593	623	
593	635	
595	636	
523	659	
523	660	
521	661	
521	662	
521	663	
521	664	
521	665	
521	666	
523	666	
523	667	
523	668	
521	669	
521	670	
521	671	
519	672	
521	673	
523	674	
521	675	
521	676	
521	677	
521	678	
523	680	
521	681	
521	682	
519	683	
519	684	
519	685	
519	686	
519	687	
519	688	
519	689	
519	690	
519	691	
519	692	
519	693	
519	695	
519	696	
517	697	
518	697	
517	698	
519	699	
519	700	
521	701	
521	702	
520	703	
519	704	
519	705	
519	706	
520	706	
520	707	
520	708	
520	709	
520	710	
520	711	
520	712	
520	713	
519	714	
520	714	
519	715	
520	715	
519	716	
520	717	
519	718	
519	719	
520	720	
519	721	
518	722	
519	723	
519	724	
519	725	
519	726	
519	727	
519	728	
521	729	
517	730	
517	731	
517	732	
518	733	
517	734	
519	735	
519	736	
518	737	
519	738	
519	739	
519	740	
518	741	
518	742	
519	743	
517	744	
517	745	
518	746	
518	747	
518	748	
518	749	
518	750	
518	751	
519	752	
519	753	
519	754	
517	755	
517	756	
516	757	
515	758	
516	759	
516	760	
516	761	
516	762	
516	763	
513	764	
514	764	
515	764	
514	765	
514	766	
514	767	
514	768	
514	769	
514	770	
514	771	
514	772	
513	773	
514	773	
513	774	
513	775	
514	776	
513	777	
513	778	
513	779	
515	780	
514	781	
515	781	
514	782	
513	783	
513	784	
514	784	
513	785	
513	786	
515	787	
515	788	
513	789	
513	790	
513	791	
513	792	
514	793	
513	794	
514	794	
513	795	
516	796	
514	797	
514	798	
517	799	
517	800	
515	801	
589	812	
516	1068	
516	1069	
516	1070	
