584	44	
584	48	
584	55	
586	62	
589	87	
523	664	
523	665	
523	666	
523	667	
523	668	
523	669	
523	670	
523	671	
523	672	
523	673	
525	674	
525	675	
521	677	
521	678	
523	680	
523	681	
523	682	
521	684	
521	685	
521	686	
521	687	
521	688	
521	689	
521	690	
521	691	
521	692	
521	693	
519	694	
519	695	
519	696	
519	697	
523	698	
519	699	
521	700	
521	701	
521	702	
521	703	
522	704	
522	705	
522	706	
522	707	
521	708	
521	709	
521	710	
522	710	
521	711	
522	711	
521	712	
521	713	
522	714	
521	715	
521	716	
521	717	
521	718	
521	719	
521	720	
522	720	
521	721	
521	722	
521	723	
521	724	
521	725	
521	726	
521	727	
522	728	
522	729	
520	730	
520	731	
521	732	
522	733	
522	734	
521	735	
521	736	
519	737	
520	738	
520	739	
519	740	
519	741	
520	741	
522	742	
519	743	
519	744	
519	745	
519	746	
519	747	
523	748	
521	749	
521	750	
520	751	
519	752	
519	753	
519	754	
519	755	
521	756	
521	757	
517	758	
517	759	
519	760	
517	761	
519	762	
517	763	
519	763	
517	764	
517	765	
517	766	
517	767	
519	768	
516	769	
516	770	
516	771	
516	772	
516	773	
519	774	
515	775	
515	776	
515	777	
517	778	
517	779	
517	780	
517	781	
515	782	
517	782	
515	783	
515	784	
515	785	
515	786	
516	787	
519	788	
519	789	
515	790	
515	791	
517	792	
517	793	
517	794	
591	850	
591	851	
512	1090	
514	1092	
