276	59	
277	74	
277	75	
207	497	
207	498	
207	499	
207	500	
207	501	
208	502	
207	503	
207	504	
207	505	
206	506	
207	506	
206	507	
207	508	
206	509	
206	510	
206	511	
206	512	
207	513	
207	514	
207	515	
206	516	
206	517	
207	518	
207	519	
207	520	
206	521	
207	521	
207	522	
207	523	
206	524	
206	525	
206	526	
204	527	
204	528	
205	529	
205	530	
204	531	
203	532	
203	533	
203	534	
203	535	
203	536	
203	537	
203	538	
203	539	
203	540	
203	541	
202	542	
203	542	
202	543	
203	543	
202	544	
202	545	
203	546	
203	547	
203	548	
202	549	
202	550	
201	551	
201	552	
199	553	
199	554	
201	555	
201	556	
201	557	
201	558	
201	559	
201	560	
201	561	
199	562	
199	563	
199	564	
199	565	
197	566	
199	566	
197	567	
197	568	
199	569	
199	570	
199	571	
196	572	
196	573	
196	574	
197	575	
197	576	
196	577	
196	578	
196	579	
196	580	
197	580	
196	581	
196	582	
197	583	
197	584	
197	585	
198	586	
197	587	
198	588	
199	589	
199	590	
193	591	
193	592	
195	593	
195	594	
195	595	
193	596	
195	597	
195	598	
192	599	
191	600	
192	600	
192	601	
195	602	
195	603	
191	604	
191	605	
192	606	
191	607	
191	608	
192	608	
191	609	
190	610	
193	611	
193	612	
192	613	
191	614	
192	615	
190	616	
190	617	
191	618	
192	619	
191	620	
190	621	
189	622	
191	623	
191	624	
191	625	
193	626	
190	627	
191	628	
191	629	
193	630	
190	631	
189	632	
192	633	
193	634	
190	635	
189	636	
192	637	
193	638	
192	639	
190	640	
190	641	
190	642	
191	643	
191	644	
191	645	
192	646	
193	647	
193	648	
193	649	
194	650	
193	651	
193	652	
193	653	
193	654	
193	655	
193	656	
192	657	
195	658	
195	659	
195	660	
195	661	
195	662	
193	663	
194	664	
195	664	
195	665	
196	666	
194	667	
196	667	
194	668	
196	669	
196	670	
198	671	
198	672	
197	673	
198	673	
196	674	
196	675	
199	676	
198	677	
198	678	
199	679	
199	680	
199	681	
199	682	
201	683	
201	684	
200	685	
200	686	
200	687	
201	688	
201	689	
201	690	
201	691	
202	691	
202	692	
203	693	
202	694	
203	695	
203	696	
202	697	
203	697	
205	698	
205	699	
205	700	
205	701	
204	702	
204	703	
204	704	
205	705	
206	706	
207	706	
207	707	
207	708	
207	709	
207	710	
206	711	
206	712	
206	713	
206	714	
206	715	
207	716	
207	717	
207	718	
206	719	
209	720	
209	721	
207	722	
207	723	
209	723	
209	724	
209	725	
209	726	
208	727	
207	728	
196	1046	
196	1047	
196	1048	
195	1049	
194	1055	
194	1060	
194	1061	
194	1062	
194	1063	
194	1064	
194	1065	
194	1066	
194	1070	
196	1071	
194	1072	
194	1085	
