280	74	
280	76	
283	109	
283	110	
283	111	
283	112	
209	497	
209	498	
209	499	
211	500	
209	501	
209	502	
208	503	
208	504	
208	505	
208	506	
209	507	
209	508	
208	509	
208	510	
208	511	
208	512	
208	513	
209	514	
208	515	
208	516	
208	517	
209	518	
208	519	
209	520	
209	521	
209	522	
209	523	
209	524	
209	525	
207	526	
207	527	
207	528	
208	528	
207	529	
206	530	
207	531	
207	532	
207	533	
206	534	
206	535	
207	536	
207	537	
207	538	
206	539	
205	540	
206	541	
206	542	
206	543	
204	544	
204	545	
205	546	
204	547	
204	548	
203	549	
204	550	
204	551	
205	552	
205	553	
205	554	
204	555	
204	556	
203	557	
204	557	
204	558	
203	559	
203	560	
203	561	
203	562	
203	563	
199	564	
200	565	
200	566	
200	567	
200	568	
200	569	
200	570	
199	571	
199	572	
200	573	
200	574	
200	575	
200	576	
199	577	
199	578	
199	579	
199	580	
199	581	
199	582	
200	583	
199	584	
200	585	
201	586	
201	587	
201	588	
199	591	
198	592	
195	593	
196	593	
195	594	
195	595	
195	596	
196	597	
197	598	
197	599	
197	600	
197	601	
197	602	
196	603	
195	604	
195	605	
194	606	
194	607	
194	608	
194	609	
194	610	
195	611	
194	612	
193	613	
192	614	
194	615	
195	616	
195	617	
195	618	
195	619	
192	620	
193	621	
194	621	
194	622	
192	623	
192	624	
192	625	
192	626	
192	627	
195	628	
192	629	
192	630	
192	631	
192	632	
193	633	
193	634	
193	635	
193	636	
193	637	
192	638	
192	639	
192	640	
192	641	
192	642	
192	643	
192	644	
192	645	
194	646	
193	647	
193	648	
195	649	
194	650	
194	651	
194	652	
193	653	
193	654	
194	654	
194	655	
194	656	
194	657	
194	658	
194	659	
194	660	
197	661	
197	662	
197	663	
196	664	
197	664	
195	665	
195	666	
199	667	
199	668	
196	669	
197	670	
198	671	
197	672	
199	673	
200	674	
200	675	
200	676	
200	677	
200	678	
200	679	
200	680	
201	681	
201	682	
202	682	
201	683	
202	684	
202	685	
202	686	
205	687	
205	688	
203	689	
203	690	
204	690	
203	691	
203	692	
205	693	
205	694	
204	695	
204	696	
204	697	
204	698	
207	699	
207	700	
207	701	
209	702	
208	703	
209	703	
208	704	
209	705	
209	706	
209	707	
209	708	
209	709	
207	710	
208	711	
208	712	
208	713	
208	714	
208	715	
208	716	
208	717	
211	718	
210	719	
210	720	
211	721	
211	722	
209	723	
208	724	
209	725	
211	726	
211	727	
209	728	
209	729	
209	730	
200	1037	
201	1037	
200	1045	
200	1046	
198	1047	
198	1048	
200	1054	
200	1055	
200	1056	
196	1057	
198	1058	
198	1059	
198	1060	
198	1065	
196	1066	
196	1067	
196	1096	
