283	88	
284	89	
284	90	
283	91	
283	92	
213	496	
213	497	
213	498	
213	499	
213	500	
213	501	
211	502	
210	503	
210	504	
210	505	
210	506	
212	507	
212	508	
212	509	
211	510	
210	511	
209	512	
212	513	
212	514	
212	515	
210	516	
210	517	
210	518	
211	519	
211	520	
210	521	
210	522	
209	523	
210	524	
209	525	
210	526	
210	527	
210	528	
210	529	
210	530	
209	531	
209	532	
208	533	
208	534	
209	535	
209	536	
209	537	
209	538	
209	539	
209	540	
209	541	
209	542	
208	543	
207	544	
207	545	
207	546	
207	547	
207	548	
206	549	
206	550	
207	551	
207	552	
204	553	
206	554	
206	555	
207	556	
206	557	
203	558	
207	559	
206	560	
207	560	
206	561	
205	562	
205	563	
205	564	
205	565	
203	566	
203	567	
203	568	
203	569	
202	570	
202	571	
202	572	
201	573	
203	574	
202	575	
201	576	
202	577	
202	578	
202	579	
202	580	
202	581	
202	582	
202	583	
202	584	
203	585	
203	586	
203	587	
197	588	
199	589	
200	590	
201	591	
197	592	
197	593	
197	594	
198	594	
198	595	
199	596	
199	597	
199	598	
199	599	
197	600	
197	601	
196	602	
199	603	
199	604	
196	605	
196	606	
196	607	
196	608	
197	609	
198	610	
197	611	
197	612	
197	613	
197	614	
197	615	
197	616	
196	617	
194	618	
197	619	
196	620	
197	620	
195	621	
194	622	
194	623	
194	624	
196	625	
195	626	
195	627	
194	628	
195	629	
195	630	
196	630	
196	631	
195	632	
196	633	
196	634	
197	635	
195	636	
195	637	
194	638	
197	639	
194	640	
197	640	
194	641	
194	642	
196	643	
196	644	
197	645	
196	646	
196	647	
196	648	
196	649	
196	650	
196	651	
196	652	
196	653	
197	654	
198	655	
199	656	
199	657	
199	658	
199	659	
196	660	
199	660	
198	661	
198	662	
198	663	
198	664	
199	665	
198	666	
201	667	
201	668	
201	669	
201	670	
201	671	
197	672	
201	673	
201	674	
201	675	
202	676	
202	677	
202	678	
202	679	
205	680	
205	681	
205	682	
205	683	
203	684	
203	685	
204	686	
206	687	
207	688	
207	689	
207	690	
207	691	
207	692	
205	693	
206	693	
206	694	
209	695	
208	696	
209	696	
208	697	
208	698	
208	699	
208	700	
209	701	
209	702	
209	703	
210	704	
210	705	
210	706	
210	707	
211	707	
210	708	
210	709	
212	710	
212	711	
211	712	
210	713	
211	714	
212	715	
212	716	
210	717	
210	718	
213	719	
213	720	
213	721	
212	722	
211	723	
211	724	
212	725	
212	726	
211	727	
211	728	
211	729	
211	730	
212	731	
213	732	
211	733	
211	734	
212	735	
202	1044	
202	1045	
200	1047	
202	1050	
200	1051	
200	1052	
202	1055	
200	1057	
200	1060	
200	1061	
202	1063	
202	1064	
200	1065	
198	1081	
198	1082	
198	1083	
198	1093	
198	1094	
198	1095	
