287	68	
286	70	
289	103	
289	104	
289	105	
289	106	
219	463	
219	464	
219	465	
219	466	
219	467	
219	468	
219	469	
219	470	
219	471	
219	472	
219	473	
217	474	
219	475	
219	476	
219	477	
217	478	
219	479	
219	480	
219	481	
219	482	
219	483	
219	484	
219	485	
219	486	
219	487	
221	488	
221	489	
221	490	
217	495	
217	496	
217	497	
217	498	
216	499	
215	500	
216	501	
216	502	
215	503	
215	504	
216	505	
215	506	
215	507	
215	508	
215	509	
215	510	
215	511	
215	512	
215	513	
216	513	
216	514	
216	515	
216	516	
216	517	
215	518	
215	519	
215	520	
215	521	
215	522	
215	523	
215	524	
215	525	
215	526	
215	527	
215	528	
215	529	
216	530	
215	531	
215	532	
215	533	
215	534	
212	535	
213	536	
213	537	
211	538	
211	539	
211	540	
211	541	
211	542	
212	543	
212	544	
211	545	
210	546	
210	547	
212	548	
210	549	
209	550	
210	551	
211	552	
211	553	
211	554	
210	555	
209	556	
210	556	
209	557	
211	557	
208	558	
208	559	
208	560	
208	561	
209	562	
209	563	
207	564	
208	565	
208	566	
207	567	
207	568	
207	569	
208	570	
206	571	
206	572	
206	573	
207	574	
207	575	
207	576	
206	577	
207	577	
206	578	
207	578	
207	579	
206	580	
207	581	
207	582	
207	583	
208	583	
207	584	
208	584	
207	585	
203	586	
203	587	
202	588	
205	589	
203	590	
203	591	
203	592	
202	593	
201	594	
201	595	
203	595	
203	596	
202	597	
202	598	
203	598	
202	599	
203	600	
203	601	
203	602	
203	603	
202	604	
202	605	
202	606	
201	607	
200	608	
200	609	
200	610	
200	611	
200	612	
200	613	
200	614	
201	615	
201	616	
200	617	
200	618	
200	619	
200	620	
200	621	
201	622	
198	623	
200	624	
200	625	
200	626	
198	627	
198	628	
198	629	
198	630	
199	631	
199	632	
198	633	
198	634	
198	635	
199	636	
200	637	
201	638	
201	639	
198	640	
198	641	
198	642	
198	643	
199	644	
200	645	
200	646	
199	647	
198	648	
198	649	
198	650	
199	651	
200	652	
200	653	
200	654	
201	655	
201	656	
200	657	
200	658	
200	659	
200	660	
200	661	
201	662	
202	663	
202	664	
202	665	
202	666	
203	667	
204	668	
204	669	
204	670	
203	671	
203	672	
203	673	
204	674	
204	675	
205	676	
207	677	
206	678	
206	679	
205	680	
208	681	
209	681	
209	682	
207	683	
207	684	
209	685	
211	686	
211	687	
208	688	
211	688	
212	689	
213	690	
211	691	
211	692	
210	693	
210	694	
210	695	
212	696	
212	697	
212	698	
212	699	
214	700	
215	701	
212	702	
213	703	
214	704	
213	705	
214	705	
214	706	
214	707	
213	708	
215	708	
215	709	
215	710	
214	711	
213	712	
213	713	
214	714	
215	715	
216	716	
215	717	
215	718	
214	719	
214	720	
214	721	
214	722	
214	723	
214	724	
214	725	
214	726	
216	727	
216	728	
214	729	
217	730	
217	731	
217	732	
217	733	
215	734	
216	735	
216	737	
216	738	
217	740	
218	740	
217	741	
218	741	
217	742	
215	743	
215	744	
216	745	
216	748	
217	750	
217	751	
217	752	
219	753	
219	754	
219	755	
219	756	
219	757	
217	758	
218	758	
218	759	
218	760	
219	761	
219	762	
219	763	
218	764	
219	765	
219	767	
219	768	
219	769	
219	775	
219	776	
218	777	
219	778	
219	779	
204	1053	
204	1054	
205	1055	
205	1056	
205	1057	
204	1058	
204	1059	
204	1067	
202	1070	
202	1071	
204	1072	
204	1073	
204	1074	
204	1078	
204	1079	
202	1080	
202	1081	
202	1082	
204	1086	
204	1087	
202	1089	
204	1092	
204	1093	
202	1094	
