288	88	
291	107	
291	108	
291	109	
291	110	
291	111	
291	112	
221	456	
221	459	
221	460	
219	461	
219	462	
219	463	
219	464	
219	465	
217	466	
221	467	
221	468	
219	469	
219	470	
221	471	
221	472	
221	473	
219	474	
219	475	
221	476	
221	477	
221	478	
219	479	
219	480	
221	481	
221	482	
221	483	
221	484	
221	485	
221	486	
221	487	
221	488	
221	489	
221	491	
221	492	
217	493	
217	494	
219	495	
219	496	
218	497	
217	498	
219	499	
219	500	
218	501	
217	502	
217	503	
217	504	
216	505	
215	506	
216	507	
216	508	
217	508	
217	509	
217	510	
216	511	
216	512	
215	513	
216	514	
217	515	
217	516	
217	517	
217	518	
216	519	
217	519	
217	520	
217	521	
217	522	
217	523	
217	524	
217	525	
216	526	
215	527	
215	528	
216	528	
215	529	
215	530	
214	531	
214	532	
215	533	
215	535	
215	536	
215	537	
212	538	
215	539	
212	540	
212	541	
212	542	
214	543	
214	544	
211	545	
211	546	
213	547	
213	548	
212	549	
211	550	
213	551	
213	552	
213	553	
210	554	
210	555	
209	556	
209	557	
211	558	
211	559	
211	560	
211	561	
211	562	
211	563	
208	564	
208	565	
208	566	
208	567	
208	568	
208	569	
209	569	
209	570	
209	571	
209	572	
209	573	
208	574	
209	574	
208	575	
208	576	
208	577	
207	578	
208	579	
207	580	
207	581	
207	582	
208	583	
208	584	
207	585	
203	586	
203	587	
206	588	
207	588	
204	589	
204	590	
205	591	
205	592	
203	593	
203	594	
203	595	
204	596	
204	597	
204	598	
203	599	
203	600	
204	600	
203	601	
203	602	
203	603	
203	604	
202	605	
203	605	
202	606	
203	607	
203	608	
202	609	
203	610	
203	611	
202	612	
202	613	
202	614	
202	615	
200	616	
200	617	
200	618	
200	619	
201	619	
202	620	
199	621	
200	621	
200	622	
201	623	
201	624	
201	625	
201	626	
200	627	
200	628	
201	629	
201	630	
201	631	
200	632	
200	633	
200	634	
201	634	
201	635	
201	636	
201	637	
200	638	
201	638	
200	639	
201	640	
202	641	
199	642	
200	643	
200	644	
200	645	
200	646	
200	647	
201	648	
202	649	
202	650	
202	651	
203	652	
203	653	
203	654	
203	655	
202	656	
202	657	
202	658	
203	659	
203	660	
203	661	
204	661	
202	662	
202	663	
202	664	
202	665	
205	666	
205	667	
203	668	
203	669	
204	670	
205	671	
206	672	
205	673	
205	674	
207	675	
207	676	
205	677	
209	678	
209	679	
209	680	
208	681	
208	682	
208	683	
208	684	
209	684	
211	685	
211	686	
211	687	
211	688	
211	689	
211	690	
211	691	
211	692	
212	693	
214	694	
213	695	
213	696	
213	697	
215	698	
214	699	
214	700	
215	701	
215	702	
215	703	
215	704	
216	705	
215	706	
217	707	
217	708	
217	709	
217	710	
216	711	
215	712	
215	713	
215	714	
215	715	
215	716	
216	717	
217	718	
217	719	
217	720	
216	721	
215	722	
217	723	
217	724	
216	725	
216	726	
215	727	
216	728	
216	729	
218	730	
218	731	
216	732	
216	733	
217	734	
217	735	
217	736	
217	737	
217	738	
217	739	
216	741	
216	742	
219	743	
219	744	
219	745	
219	746	
219	747	
219	748	
218	749	
219	750	
219	751	
219	752	
219	753	
219	754	
219	755	
219	756	
218	757	
217	758	
218	759	
219	760	
220	761	
219	762	
220	762	
219	763	
219	764	
219	765	
219	766	
218	767	
218	768	
218	769	
218	770	
218	777	
221	778	
218	779	
221	781	
221	782	
219	783	
219	784	
219	785	
219	786	
221	791	
221	792	
220	793	
220	801	
221	802	
221	815	
220	816	
221	816	
221	823	
221	824	
220	825	
220	826	
220	827	
220	828	
220	829	
206	1045	
208	1046	
208	1047	
206	1057	
206	1058	
206	1059	
204	1068	
204	1069	
204	1070	
204	1071	
204	1072	
204	1073	
204	1074	
204	1075	
