288	64	
290	67	
290	68	
291	94	
291	95	
221	453	
221	454	
221	455	
221	456	
221	457	
219	458	
221	459	
221	460	
222	461	
221	462	
221	463	
221	464	
219	465	
219	466	
219	467	
220	468	
221	469	
221	470	
221	471	
220	472	
219	473	
219	474	
221	475	
221	476	
221	477	
221	478	
221	479	
221	480	
221	481	
220	482	
219	483	
223	484	
223	485	
221	486	
221	487	
221	488	
221	489	
221	490	
221	491	
221	492	
219	493	
220	493	
218	494	
219	495	
219	496	
220	496	
220	497	
217	498	
218	498	
218	499	
218	500	
217	501	
217	502	
218	503	
219	504	
219	505	
219	506	
218	507	
217	508	
218	508	
219	509	
219	510	
219	511	
219	512	
219	513	
219	514	
219	515	
217	516	
217	517	
218	518	
216	519	
216	520	
216	521	
215	522	
216	523	
216	524	
216	525	
215	526	
215	527	
215	528	
216	529	
215	530	
217	531	
217	532	
217	533	
217	534	
217	535	
216	536	
217	536	
215	537	
215	538	
213	539	
213	540	
213	541	
215	542	
215	543	
215	544	
215	545	
213	546	
213	547	
213	548	
213	549	
213	550	
214	551	
213	552	
212	553	
213	554	
213	555	
212	556	
212	557	
212	558	
212	559	
209	560	
211	561	
211	562	
211	563	
209	564	
210	565	
210	566	
210	567	
210	568	
211	569	
210	570	
209	571	
208	572	
209	572	
209	573	
209	574	
209	575	
209	576	
210	576	
209	577	
209	578	
209	579	
209	580	
209	581	
210	582	
210	583	
210	584	
206	585	
207	586	
207	587	
207	588	
207	589	
204	590	
204	591	
204	592	
204	593	
203	594	
203	595	
203	596	
203	597	
203	598	
204	598	
204	599	
204	600	
205	600	
205	601	
204	602	
204	603	
204	604	
204	605	
203	606	
203	607	
203	608	
203	609	
203	610	
202	611	
202	612	
203	613	
203	614	
203	615	
202	616	
202	617	
201	618	
202	618	
202	619	
202	620	
202	621	
202	622	
201	623	
201	624	
202	625	
202	626	
202	627	
201	628	
201	629	
201	630	
201	631	
202	632	
202	633	
203	634	
203	635	
200	636	
200	637	
200	638	
200	639	
200	640	
202	641	
202	642	
201	643	
202	643	
200	644	
200	645	
200	646	
200	647	
200	648	
204	649	
203	650	
203	651	
202	652	
202	653	
202	654	
203	655	
203	656	
204	657	
204	658	
204	659	
204	660	
204	661	
204	662	
205	663	
205	664	
205	665	
206	666	
206	667	
206	668	
207	669	
207	670	
204	671	
204	672	
205	673	
205	674	
205	675	
205	676	
209	677	
209	678	
209	679	
210	680	
209	681	
211	682	
211	683	
211	684	
210	685	
210	686	
213	687	
212	688	
213	688	
212	689	
212	690	
212	691	
215	692	
215	693	
216	694	
215	695	
215	696	
214	697	
217	698	
217	699	
217	700	
217	701	
216	702	
216	703	
216	704	
217	705	
217	706	
217	707	
216	708	
217	708	
216	709	
216	710	
217	711	
218	712	
217	713	
216	714	
216	715	
217	716	
218	717	
218	718	
218	719	
216	720	
216	721	
216	722	
218	723	
218	724	
218	725	
216	726	
216	727	
216	728	
216	729	
218	730	
217	731	
217	732	
219	733	
219	734	
219	735	
219	736	
217	737	
219	738	
219	739	
219	740	
217	741	
217	742	
217	743	
218	743	
218	744	
218	745	
218	746	
219	747	
220	748	
218	749	
218	750	
218	751	
218	752	
219	752	
219	753	
218	756	
217	757	
219	758	
219	759	
221	763	
221	764	
220	766	
221	767	
221	768	
220	769	
220	770	
220	771	
221	772	
221	773	
221	774	
219	775	
218	776	
221	779	
221	780	
221	783	
220	784	
221	784	
220	785	
220	786	
220	787	
220	789	
220	790	
220	795	
221	796	
221	797	
220	801	
221	804	
222	805	
222	806	
221	807	
221	808	
222	809	
222	810	
221	811	
220	819	
220	820	
221	821	
220	823	
220	824	
221	831	
221	832	
220	837	
208	1075	
