293	105	
293	106	
293	107	
293	108	
293	109	
293	110	
223	451	
223	452	
223	453	
221	454	
221	455	
223	456	
223	457	
223	458	
223	459	
223	460	
223	461	
221	462	
221	463	
221	464	
221	465	
221	466	
222	467	
223	468	
220	469	
221	470	
220	471	
219	472	
220	473	
221	474	
221	475	
223	476	
221	477	
221	478	
221	479	
221	480	
221	481	
221	482	
223	483	
223	484	
223	485	
223	486	
223	487	
223	488	
222	489	
223	490	
223	491	
221	492	
223	492	
223	493	
223	494	
221	495	
221	496	
220	497	
220	498	
220	499	
219	500	
219	501	
220	502	
220	503	
219	504	
220	505	
219	506	
219	507	
218	508	
218	509	
218	510	
218	511	
219	512	
219	513	
219	514	
219	515	
218	516	
219	517	
219	518	
219	519	
219	520	
219	521	
218	522	
219	522	
218	523	
218	524	
218	525	
219	526	
219	527	
219	528	
219	529	
219	530	
217	531	
217	532	
218	532	
215	533	
215	534	
215	535	
217	536	
217	537	
217	538	
217	539	
215	540	
215	541	
215	542	
215	543	
215	544	
215	545	
214	546	
214	547	
214	548	
213	549	
213	550	
213	551	
215	552	
215	553	
215	554	
215	555	
214	556	
214	557	
212	558	
214	559	
213	560	
211	561	
211	562	
212	563	
212	564	
212	565	
211	566	
212	566	
211	567	
211	568	
210	569	
210	570	
209	571	
210	571	
210	572	
210	573	
210	574	
210	575	
211	576	
210	577	
210	578	
210	579	
210	580	
210	581	
211	582	
211	583	
211	584	
208	585	
208	586	
207	587	
207	588	
208	588	
209	589	
209	590	
206	591	
206	592	
206	593	
206	594	
207	595	
204	596	
204	597	
206	598	
204	599	
207	600	
204	601	
204	602	
204	603	
204	604	
205	605	
205	606	
204	607	
203	608	
203	609	
203	610	
204	611	
204	612	
204	613	
203	614	
203	615	
204	616	
204	617	
204	618	
203	619	
203	620	
203	621	
203	622	
202	623	
202	624	
204	625	
201	626	
202	626	
202	627	
202	628	
203	628	
203	629	
202	630	
202	631	
202	632	
202	633	
203	633	
204	634	
203	635	
203	636	
202	637	
203	638	
203	639	
203	640	
202	641	
202	642	
202	643	
202	644	
205	645	
205	646	
205	647	
204	648	
202	649	
202	650	
205	651	
205	652	
205	653	
205	654	
205	655	
205	656	
205	657	
205	658	
206	659	
206	660	
206	661	
206	662	
204	663	
204	664	
204	665	
204	666	
207	667	
207	668	
207	669	
207	670	
207	671	
207	672	
207	673	
207	674	
209	675	
209	676	
207	677	
207	678	
209	679	
210	680	
213	681	
213	682	
213	683	
212	684	
213	684	
212	685	
215	686	
215	687	
215	688	
215	689	
213	690	
216	691	
216	692	
215	693	
215	694	
216	695	
217	696	
217	697	
217	698	
216	699	
216	700	
216	701	
217	702	
217	703	
217	704	
217	705	
219	706	
218	707	
216	708	
219	709	
219	710	
219	711	
218	712	
218	713	
219	713	
219	714	
218	715	
219	716	
219	717	
218	718	
219	718	
219	719	
219	720	
217	721	
217	722	
217	723	
217	724	
217	725	
218	726	
218	727	
218	728	
218	729	
218	730	
218	731	
218	732	
218	733	
218	734	
218	735	
219	736	
220	737	
219	738	
218	739	
218	740	
219	741	
219	742	
219	743	
218	744	
218	745	
218	746	
217	747	
217	748	
221	749	
221	750	
221	751	
218	752	
221	753	
221	754	
219	755	
219	756	
219	757	
219	758	
219	759	
221	759	
221	760	
219	761	
219	762	
221	763	
221	764	
221	765	
219	766	
220	767	
221	767	
221	768	
221	769	
221	770	
221	771	
221	772	
220	773	
220	774	
221	775	
221	776	
220	777	
220	778	
220	779	
220	780	
219	781	
221	781	
221	782	
220	783	
220	784	
220	787	
220	788	
223	791	
223	792	
220	793	
220	794	
221	796	
221	797	
221	798	
222	799	
222	800	
221	801	
221	802	
221	803	
222	804	
223	805	
223	806	
223	807	
223	808	
223	809	
223	810	
223	811	
223	812	
223	813	
223	814	
221	815	
221	816	
223	817	
223	818	
223	819	
223	820	
223	821	
223	822	
222	823	
223	823	
221	824	
221	825	
220	826	
220	827	
220	828	
221	831	
221	832	
220	841	
