292	80	
223	450	
223	451	
221	452	
223	453	
223	454	
223	455	
223	456	
223	457	
223	458	
223	459	
223	460	
222	461	
222	462	
222	463	
222	464	
222	465	
223	465	
222	466	
223	467	
223	468	
223	469	
223	470	
222	471	
221	472	
221	473	
222	474	
222	475	
222	476	
222	477	
223	478	
223	479	
223	480	
221	481	
221	482	
222	483	
223	484	
223	485	
223	486	
223	487	
223	488	
222	489	
223	490	
224	491	
224	492	
223	493	
221	494	
221	495	
220	496	
219	497	
219	498	
219	499	
221	500	
221	501	
220	502	
220	503	
221	504	
220	505	
219	506	
219	507	
220	507	
221	507	
220	508	
220	509	
219	510	
219	511	
220	512	
220	513	
219	514	
218	515	
219	516	
219	517	
221	518	
219	519	
218	520	
217	521	
217	522	
218	523	
218	524	
218	525	
218	526	
218	527	
218	528	
219	528	
219	529	
219	530	
218	531	
217	532	
217	533	
218	534	
215	535	
215	536	
216	537	
216	538	
217	539	
216	540	
216	541	
216	542	
217	543	
214	544	
217	545	
216	546	
215	547	
215	548	
215	549	
216	550	
216	551	
214	552	
214	553	
214	554	
215	554	
215	555	
215	556	
214	557	
215	558	
212	559	
214	560	
214	561	
213	562	
213	563	
213	564	
213	565	
213	566	
211	567	
211	568	
211	569	
212	569	
211	570	
211	571	
211	572	
211	573	
211	574	
211	575	
211	576	
211	577	
211	578	
212	578	
211	579	
211	580	
212	580	
211	581	
212	582	
213	583	
213	584	
207	585	
209	586	
208	587	
208	588	
206	589	
207	590	
208	591	
208	592	
207	593	
207	594	
207	595	
207	596	
207	597	
205	598	
207	598	
205	599	
207	600	
206	601	
204	602	
207	603	
204	604	
204	605	
204	606	
204	607	
204	608	
204	609	
206	610	
205	611	
206	611	
204	612	
204	613	
204	614	
204	615	
203	616	
203	617	
204	618	
204	619	
203	620	
204	620	
205	621	
205	622	
205	623	
205	624	
204	625	
204	626	
205	626	
204	627	
205	628	
203	629	
203	630	
204	631	
204	632	
204	633	
203	634	
202	635	
203	635	
203	636	
204	637	
203	638	
202	639	
202	640	
205	641	
204	642	
204	643	
205	644	
205	645	
205	646	
204	647	
205	648	
204	649	
204	650	
204	651	
203	652	
203	653	
204	654	
204	655	
204	656	
204	657	
205	658	
205	659	
205	660	
205	661	
205	662	
206	663	
207	664	
204	665	
205	665	
206	665	
207	665	
206	666	
206	667	
206	668	
206	669	
206	670	
207	670	
208	671	
208	672	
207	673	
206	674	
208	675	
208	676	
208	677	
208	678	
209	679	
210	679	
210	680	
211	681	
211	682	
211	683	
213	684	
214	685	
214	686	
215	687	
215	688	
214	689	
214	690	
216	691	
216	692	
215	693	
215	694	
215	695	
215	696	
217	697	
217	698	
218	698	
218	699	
217	700	
219	701	
219	702	
219	703	
219	704	
218	705	
217	706	
218	706	
217	707	
217	708	
217	709	
218	710	
218	711	
218	712	
218	713	
219	714	
219	715	
218	716	
218	717	
219	718	
219	719	
218	720	
219	721	
219	722	
219	723	
217	724	
218	725	
217	726	
218	726	
218	727	
217	728	
217	729	
217	730	
219	731	
219	732	
219	733	
219	734	
218	735	
218	736	
219	737	
220	738	
221	739	
221	740	
220	741	
219	742	
221	743	
218	744	
221	745	
221	746	
220	747	
221	747	
220	748	
220	749	
219	750	
219	751	
219	752	
219	753	
219	754	
219	755	
221	756	
221	757	
221	758	
221	759	
219	760	
221	760	
221	761	
221	762	
221	763	
220	764	
219	765	
219	766	
220	766	
221	767	
221	768	
220	769	
219	770	
221	771	
221	772	
220	773	
220	774	
221	775	
221	776	
221	777	
221	778	
221	779	
222	780	
221	781	
221	782	
221	783	
222	784	
221	785	
221	786	
221	787	
222	787	
223	791	
223	792	
223	793	
223	794	
223	795	
223	796	
222	797	
221	798	
221	799	
222	799	
222	800	
221	803	
221	804	
223	805	
223	806	
223	807	
223	808	
223	809	
222	810	
222	811	
222	812	
223	813	
223	814	
223	815	
223	816	
223	817	
223	818	
222	819	
222	820	
223	821	
223	822	
222	823	
223	823	
222	824	
222	825	
221	826	
220	827	
223	828	
223	829	
222	830	
221	831	
221	832	
223	833	
223	834	
206	1095	
