293	80	
293	81	
293	82	
295	94	
295	105	
295	106	
295	107	
295	108	
295	109	
295	110	
225	449	
225	450	
225	451	
225	452	
224	453	
223	454	
223	455	
223	456	
221	457	
221	458	
221	459	
223	460	
223	461	
223	462	
223	463	
224	464	
223	465	
223	466	
223	467	
221	468	
223	469	
223	470	
223	471	
223	472	
223	473	
224	474	
224	475	
221	476	
222	477	
223	478	
223	479	
224	480	
223	481	
223	482	
224	483	
224	484	
224	485	
224	486	
223	487	
224	488	
223	489	
223	490	
224	491	
224	492	
225	493	
225	494	
224	495	
223	496	
223	497	
223	498	
223	499	
223	500	
223	501	
223	502	
223	503	
220	504	
221	505	
221	506	
220	507	
220	508	
220	509	
220	510	
220	511	
221	512	
221	513	
220	514	
220	515	
220	516	
220	517	
220	518	
220	519	
220	520	
220	521	
220	522	
220	523	
220	524	
219	525	
220	526	
221	527	
221	528	
220	529	
218	530	
219	531	
219	532	
220	532	
219	533	
219	534	
217	535	
219	536	
219	537	
216	538	
219	539	
219	540	
219	541	
218	542	
216	543	
216	544	
217	545	
217	546	
216	547	
215	548	
215	549	
215	550	
215	551	
216	552	
215	553	
215	554	
214	555	
214	556	
214	557	
216	558	
216	559	
215	560	
213	561	
215	562	
215	563	
214	564	
214	565	
213	566	
213	567	
212	568	
212	569	
213	570	
213	571	
213	572	
213	573	
214	573	
213	574	
212	575	
212	576	
212	577	
212	578	
213	579	
213	580	
212	581	
212	582	
212	583	
208	584	
208	585	
207	586	
209	587	
209	588	
207	589	
207	590	
209	591	
208	592	
209	592	
209	593	
209	594	
209	595	
208	596	
208	597	
209	597	
207	598	
207	599	
208	600	
207	601	
208	601	
206	602	
206	603	
206	604	
206	605	
206	606	
206	607	
207	607	
207	608	
206	609	
206	610	
207	611	
206	612	
206	613	
205	614	
205	615	
205	616	
204	617	
203	618	
205	618	
203	619	
204	620	
204	621	
204	622	
204	623	
206	624	
205	625	
205	626	
205	627	
205	628	
204	629	
205	629	
205	630	
205	631	
204	632	
203	633	
204	634	
204	635	
204	636	
205	637	
204	638	
204	639	
205	640	
205	641	
204	642	
205	643	
205	644	
204	645	
204	646	
204	647	
204	648	
205	649	
205	650	
206	650	
206	651	
207	652	
206	653	
207	653	
205	654	
205	655	
206	655	
206	656	
205	657	
205	658	
206	659	
207	660	
207	661	
208	661	
208	662	
208	663	
208	664	
208	665	
206	666	
207	666	
207	667	
206	668	
207	668	
208	669	
207	670	
207	671	
208	672	
208	673	
211	674	
211	675	
211	676	
209	677	
209	678	
209	679	
213	680	
213	681	
212	682	
215	683	
215	684	
215	685	
215	686	
216	687	
215	688	
215	689	
216	690	
216	691	
218	692	
217	693	
216	694	
216	695	
217	696	
218	696	
218	697	
218	698	
218	699	
219	700	
219	701	
219	702	
218	703	
219	704	
219	705	
218	706	
218	707	
219	707	
219	708	
218	709	
218	710	
218	711	
218	712	
218	713	
218	714	
221	715	
221	716	
220	717	
218	718	
218	719	
218	720	
221	721	
221	722	
221	723	
220	724	
218	725	
218	726	
218	727	
220	728	
220	729	
221	730	
221	731	
220	732	
221	732	
221	733	
221	734	
221	735	
221	736	
220	737	
221	737	
221	738	
221	739	
220	740	
219	741	
219	742	
221	743	
221	744	
220	745	
219	746	
220	747	
221	748	
221	749	
221	750	
222	751	
221	752	
221	753	
221	754	
221	755	
221	756	
221	757	
220	758	
220	759	
222	760	
220	761	
220	762	
221	763	
223	764	
223	765	
222	766	
221	767	
221	768	
223	769	
223	770	
220	771	
220	772	
223	773	
223	774	
223	775	
223	776	
222	777	
221	778	
223	779	
223	780	
223	781	
223	782	
223	783	
222	784	
222	785	
223	785	
223	786	
223	787	
222	788	
222	789	
221	790	
222	790	
222	791	
223	792	
222	793	
223	794	
223	795	
223	796	
223	797	
222	798	
222	799	
222	800	
222	801	
222	802	
222	803	
222	804	
222	805	
223	806	
224	806	
224	807	
223	808	
223	809	
224	809	
224	810	
225	811	
225	812	
223	813	
222	814	
222	815	
223	817	
223	818	
223	819	
223	820	
222	821	
221	822	
222	823	
222	824	
223	825	
224	825	
223	826	
223	827	
223	828	
222	829	
222	830	
222	831	
222	832	
222	833	
222	834	
222	835	
222	836	
222	837	
223	838	
223	839	
223	840	
223	841	
223	842	
223	843	
223	849	
223	850	
222	851	
222	852	
226	869	
227	870	
227	871	
227	872	
227	873	
227	874	
226	875	
227	876	
227	877	
227	878	
226	885	
226	886	
226	887	
208	1066	
208	1067	
210	1069	
208	1071	
208	1072	
206	1086	
210	1114	
