294	70	
294	71	
294	72	
296	82	
295	96	
295	101	
295	102	
297	103	
297	104	
225	445	
227	446	
223	447	
223	448	
223	449	
225	450	
224	451	
225	451	
225	452	
225	453	
225	454	
224	455	
223	456	
225	457	
225	458	
224	459	
223	460	
225	461	
225	462	
225	463	
225	464	
225	465	
225	466	
224	467	
224	468	
225	469	
225	470	
225	471	
225	472	
223	473	
223	474	
223	475	
223	476	
223	477	
223	478	
224	479	
224	480	
224	481	
224	482	
224	483	
224	484	
224	485	
225	486	
223	487	
223	488	
226	489	
225	490	
225	491	
226	492	
225	493	
225	494	
225	495	
225	496	
225	497	
224	498	
223	499	
223	500	
223	501	
223	502	
223	503	
223	504	
223	505	
223	506	
223	507	
222	508	
222	509	
223	510	
222	511	
222	512	
223	513	
223	514	
220	515	
220	516	
222	517	
223	517	
222	518	
221	519	
221	520	
222	521	
222	522	
222	523	
222	524	
220	525	
220	526	
220	527	
219	528	
219	529	
220	530	
221	531	
221	532	
221	533	
220	534	
219	535	
219	536	
218	537	
218	538	
219	539	
219	540	
218	541	
218	542	
217	543	
217	544	
217	545	
219	546	
219	547	
219	548	
217	549	
216	550	
215	551	
215	552	
216	553	
217	554	
217	555	
217	556	
216	557	
216	558	
215	559	
216	559	
215	560	
216	561	
217	562	
214	563	
215	564	
215	565	
215	566	
215	567	
215	568	
215	569	
215	570	
215	571	
215	572	
215	573	
214	574	
215	574	
214	575	
214	576	
215	576	
214	577	
214	578	
216	579	
215	580	
215	581	
215	582	
212	583	
213	583	
211	584	
211	585	
209	586	
209	587	
209	588	
211	589	
212	590	
209	591	
209	592	
209	593	
209	594	
209	595	
209	596	
209	597	
209	598	
209	599	
209	600	
208	601	
208	602	
208	603	
207	604	
208	604	
208	605	
208	606	
207	607	
206	608	
207	609	
208	610	
208	611	
208	612	
206	613	
206	614	
206	615	
206	616	
206	617	
207	618	
207	619	
206	620	
206	621	
206	622	
206	623	
207	623	
207	624	
206	625	
206	626	
206	627	
206	628	
207	629	
207	630	
207	631	
207	632	
206	633	
206	634	
207	635	
206	636	
207	636	
206	637	
206	638	
206	639	
206	640	
206	641	
206	642	
206	643	
205	644	
206	645	
207	645	
206	646	
206	647	
206	648	
206	649	
206	650	
207	650	
206	651	
206	652	
206	653	
206	654	
206	655	
206	656	
206	657	
206	658	
208	658	
207	659	
208	659	
208	660	
208	661	
208	662	
209	663	
208	664	
209	664	
209	665	
209	666	
208	667	
208	668	
208	669	
209	670	
210	671	
211	672	
211	673	
211	674	
210	675	
213	676	
213	677	
209	678	
213	679	
211	680	
212	680	
215	681	
215	682	
215	683	
217	684	
217	685	
217	686	
216	687	
216	688	
216	689	
219	690	
218	691	
217	692	
218	693	
218	694	
219	695	
220	696	
220	697	
219	698	
220	699	
220	700	
220	701	
220	702	
221	703	
221	704	
221	705	
221	706	
221	707	
221	708	
221	709	
220	710	
221	711	
221	712	
221	713	
221	714	
221	715	
221	716	
221	717	
221	718	
221	719	
222	720	
219	721	
220	722	
220	723	
220	724	
219	725	
221	726	
220	727	
220	728	
220	729	
220	731	
220	732	
221	733	
221	734	
221	735	
221	736	
221	737	
221	738	
221	739	
222	740	
221	741	
221	742	
220	743	
219	744	
221	745	
222	746	
222	747	
221	748	
221	749	
221	750	
222	750	
222	751	
223	752	
221	753	
221	754	
222	755	
223	756	
223	757	
223	758	
223	759	
221	760	
222	761	
221	762	
223	763	
223	764	
223	765	
221	766	
222	766	
224	766	
224	767	
223	768	
223	769	
223	770	
223	771	
223	772	
223	773	
224	774	
224	775	
223	776	
224	776	
222	777	
222	778	
222	779	
222	780	
222	781	
222	782	
223	783	
223	784	
223	785	
223	786	
222	787	
222	788	
221	789	
223	790	
223	791	
223	792	
222	793	
222	794	
224	795	
225	796	
222	797	
222	798	
225	799	
225	800	
222	801	
222	802	
225	803	
225	804	
224	805	
224	806	
224	807	
224	808	
224	809	
224	810	
224	811	
223	812	
223	813	
224	814	
224	815	
224	816	
224	817	
224	818	
224	819	
225	820	
225	821	
225	822	
225	823	
225	824	
225	825	
225	826	
225	827	
225	828	
225	829	
223	830	
223	831	
224	832	
223	833	
224	833	
223	834	
222	835	
223	836	
224	837	
224	838	
223	839	
222	840	
223	840	
222	841	
222	842	
222	843	
223	845	
223	846	
224	847	
224	848	
222	849	
222	850	
223	851	
223	852	
222	853	
222	854	
224	855	
224	856	
226	874	
226	877	
227	878	
227	883	
226	884	
227	884	
226	885	
227	886	
226	893	
226	894	
227	895	
227	896	
228	897	
208	1081	
210	1101	
208	1102	
208	1103	
