298	67	
298	68	
299	83	
300	84	
300	85	
300	86	
301	96	
301	103	
301	104	
301	105	
229	438	
231	441	
230	442	
231	442	
229	443	
229	444	
229	445	
229	446	
229	447	
227	448	
227	449	
228	450	
229	450	
229	451	
228	452	
229	453	
229	454	
229	455	
228	456	
228	457	
228	458	
228	459	
228	460	
229	461	
229	462	
229	463	
228	464	
228	465	
228	466	
229	467	
229	468	
229	469	
229	470	
229	471	
228	472	
228	473	
228	474	
228	475	
228	476	
227	477	
228	478	
228	479	
228	480	
229	481	
229	482	
229	483	
228	484	
228	485	
229	486	
229	487	
227	488	
227	489	
227	490	
227	491	
228	492	
228	493	
228	494	
228	495	
228	496	
229	497	
228	498	
229	498	
228	499	
228	500	
228	501	
227	502	
227	503	
227	504	
226	505	
225	506	
225	507	
226	508	
225	509	
226	509	
225	510	
225	511	
225	512	
225	513	
226	514	
227	515	
227	516	
226	517	
226	518	
226	519	
226	520	
226	521	
227	522	
227	523	
226	524	
225	525	
226	525	
225	526	
225	527	
226	527	
227	528	
226	529	
225	530	
225	531	
225	532	
225	533	
225	534	
225	535	
225	536	
225	537	
223	538	
224	538	
224	539	
225	540	
223	541	
223	542	
223	543	
222	544	
222	545	
222	546	
223	547	
223	548	
223	549	
223	550	
221	551	
221	552	
221	553	
222	554	
221	555	
221	556	
221	557	
221	558	
221	559	
220	560	
220	561	
220	562	
220	563	
220	564	
220	565	
220	566	
221	567	
221	568	
220	569	
220	570	
219	571	
219	572	
219	573	
219	574	
219	575	
220	575	
219	576	
220	577	
219	578	
220	579	
219	580	
219	581	
217	582	
217	583	
217	584	
217	585	
214	586	
215	587	
214	588	
214	589	
213	590	
213	591	
215	592	
215	593	
215	594	
214	595	
213	596	
213	597	
212	598	
212	599	
213	599	
212	600	
213	600	
212	601	
213	601	
213	602	
212	603	
213	604	
212	605	
212	606	
212	607	
213	608	
213	609	
213	610	
213	611	
212	612	
212	613	
212	614	
213	615	
213	616	
210	617	
210	618	
210	619	
210	620	
210	621	
210	622	
211	623	
211	624	
210	625	
210	626	
210	627	
210	628	
210	629	
210	630	
210	631	
210	632	
210	633	
211	633	
210	634	
210	635	
209	636	
209	637	
209	638	
210	639	
210	640	
210	641	
210	642	
211	643	
211	644	
211	645	
210	646	
209	647	
213	648	
212	649	
212	650	
211	651	
210	652	
211	653	
212	654	
213	655	
213	656	
213	657	
213	658	
213	659	
213	660	
212	661	
212	662	
212	663	
212	664	
212	665	
215	666	
212	667	
212	668	
214	669	
214	670	
214	671	
214	672	
213	673	
213	674	
214	675	
214	676	
215	677	
215	680	
217	682	
217	683	
217	684	
217	685	
217	686	
225	721	
225	722	
222	723	
222	724	
222	725	
223	726	
224	727	
224	728	
223	729	
223	730	
225	731	
225	732	
225	733	
225	734	
225	735	
225	736	
225	737	
225	738	
225	739	
223	740	
224	741	
225	742	
224	743	
224	744	
224	745	
224	746	
225	747	
225	748	
225	749	
225	750	
225	751	
225	752	
226	753	
226	754	
223	755	
223	756	
224	757	
225	758	
225	759	
226	760	
227	761	
227	762	
227	763	
227	764	
227	765	
227	766	
226	767	
225	768	
226	768	
225	769	
226	770	
227	771	
227	772	
227	773	
227	774	
227	775	
227	776	
226	777	
226	778	
226	779	
226	780	
226	781	
226	782	
225	783	
226	784	
227	785	
227	786	
227	787	
226	788	
227	788	
227	789	
227	790	
227	791	
227	792	
227	793	
227	794	
228	794	
226	795	
226	796	
227	797	
227	798	
228	799	
228	800	
226	801	
226	802	
226	803	
226	804	
226	805	
227	806	
226	807	
225	808	
226	809	
227	810	
226	811	
227	813	
227	814	
228	815	
227	816	
227	817	
228	818	
228	819	
227	820	
227	821	
228	822	
227	823	
227	824	
228	825	
228	826	
226	827	
226	828	
226	829	
227	830	
227	831	
227	832	
226	833	
226	834	
226	835	
227	836	
227	837	
227	838	
227	839	
225	840	
227	840	
227	841	
227	842	
226	843	
226	844	
227	845	
227	846	
227	847	
225	848	
226	849	
227	850	
227	851	
227	852	
226	853	
226	854	
227	855	
228	856	
227	857	
227	858	
227	859	
226	860	
228	861	
226	862	
226	863	
226	864	
227	865	
227	866	
229	875	
228	876	
228	877	
229	878	
229	879	
230	880	
229	881	
229	882	
228	883	
228	884	
228	885	
228	886	
229	887	
229	888	
229	889	
229	890	
228	891	
228	892	
229	895	
229	896	
229	897	
229	898	
229	899	
229	900	
229	901	
214	1071	
214	1072	
212	1073	
212	1077	
212	1078	
