231	436	
231	437	
232	438	
229	439	
229	440	
231	441	
231	442	
231	443	
229	444	
229	445	
229	446	
229	447	
229	448	
230	449	
229	450	
231	451	
230	452	
229	453	
229	454	
228	455	
229	456	
230	457	
230	458	
229	459	
227	460	
227	461	
230	462	
229	463	
229	464	
229	465	
229	466	
229	467	
229	468	
229	469	
229	470	
229	471	
229	472	
229	473	
229	474	
230	474	
229	475	
229	476	
229	477	
229	478	
230	479	
230	480	
230	481	
229	482	
230	483	
230	484	
231	485	
231	486	
230	487	
229	488	
231	489	
231	490	
231	491	
229	492	
231	492	
229	493	
230	494	
230	495	
230	496	
230	497	
229	498	
230	499	
231	500	
227	501	
229	502	
229	503	
227	504	
227	505	
227	506	
227	507	
229	508	
229	509	
226	510	
227	510	
226	511	
226	512	
226	513	
226	514	
227	514	
226	515	
226	516	
227	517	
227	518	
228	519	
228	520	
228	521	
227	522	
227	523	
226	524	
227	525	
227	526	
226	527	
226	528	
226	529	
227	530	
226	531	
226	532	
225	533	
224	534	
226	535	
224	536	
225	536	
224	537	
224	538	
224	539	
225	540	
225	541	
225	542	
225	543	
225	544	
223	545	
223	546	
223	547	
223	548	
224	549	
224	550	
224	551	
223	552	
222	553	
221	554	
222	555	
222	556	
223	557	
222	558	
222	559	
221	560	
220	561	
220	562	
220	563	
222	564	
220	565	
220	566	
223	567	
220	568	
220	569	
220	570	
220	571	
222	572	
221	573	
221	574	
221	575	
220	576	
220	577	
221	578	
221	579	
221	580	
218	581	
218	582	
215	583	
215	584	
216	585	
216	586	
217	586	
217	587	
218	587	
218	588	
217	589	
214	590	
214	591	
214	592	
214	593	
214	594	
214	595	
214	596	
215	597	
216	598	
214	599	
214	600	
215	601	
215	602	
214	603	
214	604	
213	605	
213	606	
214	606	
213	607	
213	608	
213	609	
213	610	
212	611	
213	612	
213	613	
213	614	
213	615	
212	616	
212	617	
212	618	
212	619	
212	620	
213	621	
213	622	
212	623	
212	624	
212	625	
212	626	
212	627	
212	628	
213	629	
211	630	
212	631	
212	632	
213	633	
213	634	
212	635	
213	636	
212	637	
212	638	
212	639	
212	640	
213	641	
212	642	
213	643	
212	644	
213	644	
212	645	
212	646	
211	647	
211	648	
211	649	
213	650	
212	651	
212	652	
212	653	
213	654	
212	655	
212	656	
213	657	
214	658	
214	659	
214	660	
213	661	
215	662	
214	663	
214	664	
215	665	
214	666	
215	666	
215	667	
215	668	
214	669	
214	670	
214	671	
214	672	
215	673	
215	674	
215	675	
216	676	
217	677	
217	678	
217	679	
215	688	
215	691	
219	692	
217	693	
217	694	
215	695	
215	696	
223	723	
223	724	
225	725	
225	726	
225	727	
225	728	
225	729	
224	730	
225	731	
225	732	
225	733	
224	734	
224	735	
225	736	
225	737	
225	738	
224	739	
223	740	
226	741	
225	742	
224	743	
224	744	
227	745	
227	746	
227	747	
227	748	
227	749	
227	750	
226	751	
225	752	
225	753	
225	754	
227	755	
227	756	
227	757	
226	758	
227	759	
227	760	
227	761	
225	762	
226	763	
226	764	
225	765	
225	766	
226	766	
229	767	
229	768	
226	769	
227	770	
228	771	
228	772	
226	773	
226	774	
227	775	
229	776	
226	777	
229	778	
229	779	
229	780	
229	781	
228	782	
227	783	
227	784	
227	785	
226	786	
227	787	
227	788	
227	789	
228	790	
229	791	
229	792	
228	793	
227	794	
228	795	
229	796	
229	797	
229	798	
228	799	
228	800	
229	801	
229	802	
229	803	
229	804	
227	805	
227	806	
228	807	
228	808	
229	809	
229	810	
229	811	
229	812	
229	813	
229	814	
227	815	
227	816	
229	817	
228	818	
229	818	
228	819	
228	820	
228	821	
229	822	
229	823	
229	824	
228	825	
227	826	
229	827	
229	828	
226	829	
226	830	
228	831	
228	832	
226	833	
226	834	
227	835	
228	836	
227	837	
227	838	
228	839	
226	840	
226	841	
226	842	
226	843	
227	844	
226	845	
226	846	
227	847	
227	848	
227	849	
227	850	
226	851	
226	852	
226	853	
226	854	
227	855	
227	856	
227	857	
228	858	
228	859	
228	860	
229	860	
226	861	
226	862	
226	863	
226	864	
228	865	
227	866	
227	867	
227	868	
229	869	
229	870	
231	881	
229	882	
229	883	
230	884	
230	885	
229	886	
229	887	
229	888	
230	889	
230	890	
230	891	
230	892	
230	893	
228	897	
231	898	
231	899	
231	900	
230	905	
218	1044	
218	1045	
214	1057	
215	1057	
214	1065	
216	1073	
214	1080	
214	1081	
216	1083	
214	1093	
