306	84	
307	92	
307	93	
308	93	
235	431	
235	432	
235	433	
235	434	
235	435	
235	436	
233	437	
233	438	
235	439	
235	440	
235	441	
235	442	
234	443	
235	443	
234	444	
235	444	
235	445	
235	446	
235	447	
234	448	
234	449	
233	450	
233	451	
234	452	
235	453	
234	454	
234	455	
233	456	
233	457	
233	458	
233	459	
235	460	
235	461	
235	462	
235	463	
235	464	
233	465	
234	466	
233	467	
233	468	
234	469	
234	470	
235	471	
235	472	
235	473	
234	474	
234	475	
234	476	
234	477	
234	478	
234	479	
234	480	
234	481	
234	482	
235	482	
235	483	
235	484	
235	485	
236	486	
234	487	
235	487	
234	488	
234	489	
234	490	
234	491	
235	491	
234	492	
234	493	
233	494	
235	495	
235	496	
234	497	
234	498	
233	499	
233	500	
233	501	
234	501	
234	502	
234	503	
233	504	
232	505	
232	506	
232	507	
233	508	
232	509	
233	509	
232	510	
231	511	
232	512	
233	513	
234	514	
233	515	
232	516	
233	517	
232	518	
232	519	
233	519	
232	520	
232	521	
232	522	
233	522	
231	523	
231	524	
232	524	
232	525	
232	526	
231	527	
232	527	
231	528	
233	529	
233	530	
230	531	
230	532	
230	533	
230	534	
230	535	
229	536	
229	537	
229	538	
230	538	
230	539	
229	540	
229	541	
229	542	
229	543	
229	544	
229	545	
230	545	
230	546	
229	547	
228	548	
228	549	
229	550	
229	551	
228	552	
228	553	
227	554	
228	555	
227	556	
227	557	
226	558	
225	559	
225	560	
225	561	
226	561	
225	562	
225	563	
225	564	
225	565	
226	566	
227	567	
227	568	
227	569	
227	570	
227	571	
226	572	
226	573	
226	574	
226	575	
226	576	
226	577	
226	578	
227	579	
227	580	
222	581	
223	582	
223	583	
223	584	
222	585	
222	586	
222	587	
222	588	
222	589	
222	590	
221	591	
221	592	
220	593	
221	593	
220	594	
219	595	
220	596	
219	597	
220	598	
220	599	
221	600	
221	601	
218	602	
221	602	
221	603	
218	604	
219	605	
219	606	
219	607	
219	608	
219	609	
219	610	
218	611	
219	612	
218	613	
218	614	
219	615	
219	616	
219	617	
219	618	
218	619	
218	620	
217	621	
218	622	
219	623	
217	624	
219	624	
218	625	
217	626	
217	627	
217	628	
217	629	
217	630	
217	631	
218	632	
218	633	
217	634	
217	635	
217	636	
217	637	
217	638	
217	639	
218	639	
217	640	
218	640	
219	641	
218	642	
217	643	
217	644	
218	645	
218	646	
217	647	
217	648	
217	649	
218	650	
218	651	
219	652	
219	653	
219	654	
218	655	
218	656	
219	656	
219	657	
219	658	
218	659	
219	660	
219	661	
218	662	
219	663	
219	664	
219	665	
218	666	
218	667	
221	667	
221	668	
220	669	
220	670	
220	671	
220	672	
220	673	
223	674	
223	675	
223	676	
223	677	
223	678	
223	679	
223	680	
223	689	
222	690	
223	690	
222	695	
222	696	
221	697	
222	698	
223	701	
223	702	
223	703	
222	704	
221	705	
223	709	
223	710	
225	711	
225	712	
229	733	
230	733	
230	734	
230	735	
228	736	
229	737	
229	738	
229	739	
227	740	
227	741	
227	742	
230	743	
229	744	
229	745	
231	746	
231	747	
231	748	
231	749	
231	750	
230	751	
229	752	
229	753	
230	753	
230	754	
230	755	
230	756	
230	757	
230	758	
230	759	
230	760	
230	761	
230	762	
231	763	
231	764	
230	765	
230	766	
230	767	
230	768	
231	769	
232	770	
233	771	
233	772	
233	773	
233	774	
233	775	
233	776	
231	777	
230	778	
233	779	
233	780	
233	781	
233	782	
233	783	
233	784	
233	785	
233	786	
232	787	
232	788	
232	789	
233	790	
233	791	
233	792	
233	793	
233	794	
233	795	
233	796	
232	797	
231	798	
232	799	
232	800	
232	801	
232	802	
232	803	
233	804	
233	805	
232	806	
231	807	
231	808	
232	809	
232	810	
232	811	
232	812	
233	812	
233	813	
233	814	
233	815	
233	816	
232	817	
233	817	
232	818	
233	819	
233	820	
232	821	
232	822	
233	823	
234	824	
233	825	
233	826	
233	827	
233	828	
233	829	
233	830	
231	831	
231	832	
232	833	
231	834	
231	835	
231	836	
233	837	
233	838	
232	839	
232	840	
231	841	
231	842	
230	843	
230	844	
230	845	
230	846	
231	847	
231	848	
231	849	
230	850	
230	851	
230	852	
230	853	
230	854	
230	855	
230	856	
230	857	
230	858	
231	859	
232	859	
232	860	
232	861	
232	862	
233	863	
233	864	
233	865	
233	866	
233	867	
233	868	
230	869	
230	870	
231	871	
233	871	
231	872	
232	872	
231	873	
231	874	
230	875	
230	876	
233	877	
233	878	
232	879	
233	880	
233	881	
233	882	
232	883	
233	884	
233	885	
234	886	
234	887	
234	888	
234	889	
232	890	
235	891	
235	892	
234	893	
234	894	
234	895	
233	896	
233	897	
233	898	
234	899	
235	900	
235	901	
235	902	
235	903	
235	904	
235	905	
236	906	
233	907	
233	908	
234	909	
234	910	
234	911	
235	912	
236	913	
236	914	
234	915	
234	916	
234	917	
234	918	
235	919	
235	920	
220	1054	
220	1055	
220	1056	
220	1057	
220	1058	
220	1061	
220	1067	
222	1069	
220	1083	
