307	91	
237	432	
237	433	
235	434	
235	435	
235	436	
237	437	
237	438	
233	439	
233	440	
235	441	
235	442	
235	443	
235	444	
235	445	
235	446	
235	447	
235	448	
235	449	
235	450	
235	451	
235	452	
235	453	
235	454	
235	455	
234	456	
235	456	
235	457	
235	458	
233	459	
235	460	
234	461	
234	462	
234	463	
233	464	
234	465	
234	466	
234	467	
234	468	
234	469	
234	470	
234	471	
234	472	
234	473	
234	474	
234	475	
234	476	
233	477	
234	477	
233	478	
234	479	
233	480	
234	481	
235	482	
234	483	
234	484	
234	485	
233	486	
233	487	
235	488	
235	489	
236	490	
235	491	
235	492	
236	493	
236	494	
236	495	
236	496	
235	497	
235	498	
235	499	
235	500	
233	501	
234	502	
234	503	
235	504	
235	505	
233	506	
233	507	
232	508	
234	509	
233	510	
233	511	
233	512	
232	513	
233	513	
233	514	
232	515	
232	516	
233	517	
233	518	
234	519	
233	520	
233	521	
231	522	
233	523	
233	524	
233	525	
233	526	
231	527	
230	528	
230	529	
232	530	
232	531	
232	532	
232	533	
231	534	
231	535	
230	536	
230	537	
230	538	
231	538	
231	539	
230	540	
230	541	
230	542	
230	543	
229	544	
229	545	
229	546	
230	546	
230	547	
229	548	
229	549	
229	550	
228	551	
228	552	
229	553	
229	554	
229	555	
228	556	
228	557	
227	558	
227	559	
226	560	
227	561	
227	562	
227	563	
227	564	
226	565	
226	566	
226	567	
226	568	
226	569	
227	570	
226	571	
227	571	
227	572	
227	573	
227	574	
227	575	
227	576	
226	577	
226	578	
227	579	
227	580	
224	581	
224	582	
223	583	
223	584	
223	585	
223	586	
222	587	
222	588	
222	589	
222	590	
222	591	
222	592	
223	593	
222	594	
222	595	
222	596	
222	597	
221	598	
222	598	
221	599	
220	600	
220	601	
219	602	
219	603	
220	604	
219	605	
219	606	
220	607	
220	608	
219	609	
220	610	
220	611	
220	612	
221	613	
217	614	
217	615	
217	616	
218	617	
217	618	
217	619	
218	620	
217	621	
218	621	
218	622	
219	623	
218	624	
219	625	
219	626	
218	627	
219	628	
219	629	
219	630	
219	631	
219	632	
218	633	
218	634	
218	635	
218	636	
219	636	
219	637	
219	638	
218	639	
218	640	
218	641	
218	642	
218	643	
218	644	
218	645	
218	646	
218	647	
218	648	
218	649	
218	650	
218	651	
219	651	
218	652	
218	653	
218	654	
219	654	
220	655	
219	656	
219	657	
219	658	
219	659	
219	660	
220	661	
219	662	
219	663	
220	664	
220	665	
220	666	
220	667	
220	668	
221	669	
222	670	
221	671	
219	672	
219	673	
221	674	
223	675	
223	676	
221	677	
221	678	
222	679	
223	680	
223	681	
222	682	
222	683	
223	685	
223	686	
223	687	
223	695	
223	696	
223	698	
221	700	
221	701	
221	702	
223	704	
223	705	
222	708	
225	711	
225	712	
224	713	
223	714	
223	715	
223	718	
229	733	
228	734	
229	734	
228	735	
229	735	
229	736	
229	737	
229	738	
229	739	
230	740	
229	741	
231	742	
229	743	
229	744	
231	745	
231	746	
231	747	
229	748	
232	749	
232	750	
231	751	
231	752	
231	753	
230	754	
230	755	
230	756	
231	756	
231	757	
231	758	
232	759	
232	760	
231	761	
231	762	
231	763	
231	764	
231	765	
231	766	
233	767	
233	768	
233	769	
232	770	
233	771	
233	772	
233	773	
233	774	
232	775	
231	776	
232	777	
233	778	
233	779	
231	780	
231	781	
231	782	
231	783	
232	784	
232	785	
233	785	
232	786	
232	787	
232	788	
233	789	
233	790	
233	791	
233	792	
233	793	
233	794	
233	795	
233	796	
233	797	
233	798	
234	799	
234	800	
233	801	
233	802	
232	803	
232	804	
232	805	
232	806	
232	807	
232	808	
234	809	
234	810	
234	811	
233	812	
232	813	
232	814	
232	815	
232	816	
232	817	
232	818	
232	819	
232	820	
232	821	
231	822	
233	823	
234	824	
232	825	
232	826	
233	827	
233	828	
233	829	
233	830	
233	831	
233	832	
233	833	
233	834	
233	835	
233	836	
233	837	
232	838	
232	839	
232	840	
232	841	
233	842	
233	843	
232	844	
233	844	
232	845	
231	846	
230	847	
230	848	
231	849	
232	850	
232	851	
232	852	
232	853	
231	854	
232	855	
232	856	
233	857	
233	858	
230	859	
233	860	
233	861	
233	862	
231	863	
233	864	
233	865	
231	866	
231	867	
232	868	
233	869	
233	870	
232	871	
232	872	
233	873	
233	874	
232	875	
232	876	
232	877	
234	878	
234	879	
233	880	
232	881	
233	882	
234	883	
235	884	
235	885	
235	886	
235	887	
235	888	
234	889	
234	890	
234	891	
233	892	
233	893	
234	893	
235	894	
235	895	
235	896	
235	897	
235	898	
235	899	
236	900	
235	901	
234	902	
234	903	
233	904	
236	905	
235	906	
234	907	
233	908	
234	908	
234	909	
234	910	
234	911	
234	912	
234	913	
234	914	
236	915	
236	916	
236	917	
236	918	
236	919	
222	1055	
220	1056	
220	1057	
220	1058	
220	1063	
220	1073	
