311	105	
237	429	
237	430	
237	431	
237	432	
237	433	
237	434	
239	435	
239	436	
237	437	
237	438	
237	439	
238	440	
237	441	
237	442	
237	443	
238	444	
238	445	
237	446	
237	447	
237	448	
236	449	
236	450	
236	451	
236	452	
236	453	
235	454	
236	455	
236	456	
237	456	
237	457	
235	458	
235	459	
235	460	
236	461	
236	462	
237	463	
236	464	
236	465	
236	466	
236	467	
235	468	
237	469	
237	470	
237	471	
237	472	
237	473	
236	474	
236	475	
235	476	
236	477	
236	478	
236	479	
236	480	
237	481	
237	482	
237	483	
236	484	
237	484	
237	485	
236	486	
236	487	
237	487	
236	488	
237	489	
237	490	
237	491	
236	492	
238	493	
238	494	
238	495	
237	496	
237	497	
237	498	
236	499	
237	500	
237	501	
235	502	
235	503	
235	504	
236	505	
236	506	
236	507	
236	508	
235	509	
235	510	
235	511	
235	512	
234	513	
235	513	
235	514	
234	515	
234	516	
235	517	
236	518	
235	519	
235	520	
236	521	
236	522	
236	523	
233	524	
235	525	
235	526	
234	527	
233	528	
233	529	
233	530	
233	531	
233	532	
233	533	
232	534	
232	535	
231	536	
231	537	
231	538	
232	539	
232	540	
232	541	
232	542	
232	543	
232	544	
233	545	
233	546	
232	547	
229	548	
231	549	
229	550	
229	551	
229	552	
231	553	
230	554	
230	555	
229	556	
229	557	
229	558	
229	559	
229	560	
228	561	
229	561	
229	562	
229	563	
229	564	
228	565	
228	566	
228	567	
229	567	
228	568	
229	569	
228	570	
229	571	
229	572	
229	573	
229	574	
230	575	
230	576	
230	577	
231	578	
231	579	
227	580	
227	581	
226	582	
226	583	
223	584	
223	585	
224	586	
224	587	
225	587	
225	588	
225	589	
224	590	
224	591	
225	592	
224	593	
224	594	
224	595	
225	595	
224	596	
222	597	
222	598	
223	599	
223	600	
221	601	
222	602	
222	603	
223	603	
223	604	
222	605	
222	606	
222	607	
221	608	
220	609	
223	609	
222	610	
222	611	
223	611	
220	612	
222	613	
220	614	
222	615	
222	616	
221	617	
221	618	
221	619	
220	620	
219	621	
219	622	
220	623	
220	624	
220	625	
221	626	
222	626	
221	627	
221	628	
220	629	
221	630	
221	631	
221	632	
221	633	
220	634	
220	635	
220	636	
220	637	
220	638	
219	639	
219	640	
220	641	
220	642	
219	643	
220	643	
220	644	
221	645	
221	646	
221	647	
220	648	
220	649	
220	650	
220	651	
221	652	
220	653	
220	654	
221	655	
220	656	
220	657	
221	658	
220	659	
220	660	
221	661	
221	662	
222	662	
222	663	
222	664	
222	665	
221	666	
221	667	
223	668	
223	669	
223	670	
223	671	
223	672	
223	673	
225	674	
223	675	
223	676	
225	678	
225	679	
225	681	
225	682	
225	683	
225	684	
225	685	
225	686	
225	689	
225	690	
225	691	
225	692	
225	693	
225	695	
226	696	
226	706	
225	707	
225	708	
225	709	
227	712	
227	716	
227	717	
229	735	
229	736	
231	737	
232	738	
230	739	
230	740	
233	741	
233	742	
231	743	
232	743	
231	744	
230	745	
230	746	
232	747	
232	748	
233	749	
231	750	
233	750	
233	751	
233	752	
233	753	
233	754	
231	755	
231	756	
232	757	
233	758	
232	759	
232	760	
232	761	
232	762	
233	763	
233	764	
233	765	
232	766	
233	767	
234	768	
233	769	
234	770	
234	771	
233	772	
234	772	
233	773	
233	774	
234	775	
234	776	
234	777	
235	778	
235	779	
234	780	
235	781	
235	782	
236	783	
236	784	
235	785	
235	786	
235	787	
234	788	
235	788	
235	789	
235	790	
235	791	
235	792	
235	793	
235	794	
235	795	
235	796	
235	797	
235	798	
235	799	
234	800	
234	801	
235	802	
234	803	
234	804	
234	805	
235	806	
235	807	
235	808	
234	809	
233	810	
234	810	
235	811	
235	812	
235	813	
235	814	
235	815	
235	816	
235	817	
235	818	
235	819	
235	820	
235	821	
234	822	
234	823	
234	824	
234	825	
234	826	
235	827	
235	828	
235	829	
235	830	
235	831	
235	832	
235	833	
235	834	
235	835	
235	836	
235	837	
235	838	
235	839	
234	840	
234	841	
233	842	
234	842	
233	843	
232	844	
232	845	
233	846	
234	847	
234	848	
234	849	
234	850	
234	851	
233	852	
234	853	
235	854	
233	855	
234	855	
233	856	
234	857	
234	858	
233	859	
232	860	
232	861	
233	862	
234	863	
234	864	
233	865	
233	866	
233	867	
233	868	
235	869	
235	870	
235	871	
235	872	
234	873	
233	874	
233	875	
233	876	
234	877	
233	878	
233	879	
234	880	
235	881	
235	882	
235	883	
234	884	
234	885	
234	886	
234	887	
234	888	
234	889	
234	890	
235	891	
236	892	
236	893	
236	894	
235	895	
234	896	
237	897	
237	898	
235	899	
235	900	
237	901	
236	902	
235	903	
235	904	
237	905	
237	906	
237	907	
237	908	
236	909	
236	910	
236	911	
236	912	
238	913	
238	914	
237	915	
237	916	
237	917	
237	918	
237	919	
236	920	
222	1057	
222	1089	
222	1098	
222	1099	
222	1103	
226	1126	
