311	103	
311	104	
311	105	
311	106	
239	429	
239	430	
239	431	
239	432	
239	433	
237	434	
237	435	
239	435	
237	436	
238	436	
239	437	
237	438	
237	439	
237	440	
237	441	
238	442	
238	443	
238	444	
238	445	
237	446	
237	447	
238	448	
237	449	
237	450	
237	451	
237	452	
238	452	
237	453	
238	454	
237	455	
236	456	
237	456	
236	457	
236	458	
236	459	
237	459	
236	460	
237	461	
237	462	
237	463	
235	464	
235	465	
235	466	
236	467	
236	468	
236	469	
236	470	
237	471	
237	472	
237	473	
237	474	
238	475	
237	476	
237	477	
238	477	
237	478	
238	479	
238	480	
238	481	
237	482	
238	483	
238	484	
238	485	
238	486	
238	487	
238	488	
238	489	
238	490	
239	491	
238	492	
238	493	
238	494	
238	495	
237	496	
237	497	
237	498	
237	499	
237	500	
237	501	
236	502	
235	503	
238	503	
238	504	
237	505	
237	506	
237	507	
237	508	
237	509	
237	510	
237	511	
236	512	
236	513	
236	514	
236	515	
236	516	
236	517	
236	518	
236	519	
236	520	
236	521	
237	522	
237	523	
237	524	
236	525	
233	526	
235	527	
235	528	
235	529	
235	530	
235	531	
235	532	
235	533	
234	534	
233	535	
233	536	
233	537	
232	538	
233	539	
233	540	
232	541	
232	542	
233	542	
232	543	
233	543	
231	544	
231	545	
232	546	
232	547	
232	548	
231	549	
231	550	
229	551	
229	552	
230	553	
230	554	
229	555	
229	556	
229	557	
229	558	
231	559	
227	560	
228	561	
228	562	
228	563	
228	564	
228	565	
229	565	
229	566	
229	567	
229	568	
228	569	
229	570	
229	571	
229	572	
229	573	
229	574	
230	574	
230	575	
230	576	
230	577	
231	578	
231	579	
231	580	
225	581	
225	582	
226	583	
226	584	
226	585	
226	586	
225	587	
224	588	
225	589	
224	590	
225	591	
224	592	
224	593	
224	594	
224	595	
225	596	
224	597	
225	597	
224	598	
223	599	
224	600	
222	601	
222	602	
222	603	
222	604	
222	605	
222	606	
223	607	
221	608	
222	609	
223	610	
222	611	
222	612	
222	613	
222	614	
222	615	
221	616	
222	616	
221	617	
220	618	
221	618	
221	619	
221	620	
222	620	
222	621	
222	622	
222	623	
223	624	
223	625	
221	626	
221	627	
220	628	
221	628	
221	629	
220	630	
221	631	
221	632	
220	633	
220	634	
221	634	
221	635	
222	636	
221	637	
221	638	
220	639	
221	639	
221	640	
220	641	
220	642	
221	643	
220	644	
220	645	
221	646	
220	647	
221	647	
221	648	
222	649	
221	650	
222	651	
222	652	
222	653	
221	654	
222	655	
222	656	
222	657	
222	658	
223	659	
223	660	
221	661	
222	662	
222	663	
222	664	
222	665	
222	666	
223	667	
222	668	
222	669	
222	670	
227	674	
225	675	
225	676	
223	677	
223	678	
225	680	
225	681	
223	682	
223	683	
224	691	
224	692	
225	693	
225	694	
224	695	
223	696	
224	700	
225	701	
225	702	
227	703	
227	704	
227	705	
224	706	
227	707	
227	708	
227	709	
227	710	
227	711	
224	712	
227	713	
227	714	
225	716	
229	718	
227	719	
227	720	
227	724	
229	726	
229	727	
229	728	
231	735	
230	736	
231	737	
231	738	
232	738	
232	739	
232	740	
233	740	
233	741	
233	742	
232	743	
230	744	
233	745	
233	746	
232	747	
232	748	
232	749	
232	750	
232	751	
232	752	
234	753	
234	754	
234	755	
232	756	
232	757	
234	758	
234	759	
232	760	
233	761	
233	762	
233	763	
233	764	
235	765	
235	766	
235	767	
235	768	
235	769	
235	770	
235	771	
235	772	
235	773	
235	774	
236	775	
235	776	
235	777	
235	778	
235	779	
235	780	
234	781	
234	782	
234	783	
235	784	
235	785	
235	786	
234	787	
234	788	
236	789	
235	790	
234	791	
234	792	
234	793	
236	794	
235	795	
235	796	
235	797	
235	798	
235	799	
234	800	
234	801	
234	802	
234	803	
235	804	
236	805	
236	806	
235	807	
235	808	
235	809	
235	810	
235	811	
235	812	
236	813	
236	814	
235	815	
234	816	
234	817	
234	818	
235	819	
236	819	
237	819	
235	820	
235	821	
234	822	
234	823	
236	824	
237	824	
236	825	
236	826	
236	827	
234	828	
234	829	
235	830	
235	831	
235	832	
234	833	
235	834	
235	835	
235	836	
234	837	
235	837	
234	838	
235	839	
235	840	
235	841	
235	842	
235	843	
235	844	
235	845	
235	846	
235	847	
234	848	
235	848	
234	849	
234	850	
235	851	
235	852	
235	853	
235	854	
235	855	
235	856	
234	857	
233	858	
233	859	
233	860	
233	861	
234	862	
235	862	
235	863	
235	864	
234	865	
234	866	
236	867	
236	868	
234	869	
234	870	
234	871	
235	871	
235	872	
235	873	
235	874	
235	875	
234	876	
234	877	
234	878	
234	879	
234	880	
237	881	
237	882	
234	883	
235	884	
236	885	
236	886	
236	887	
236	888	
237	889	
237	890	
236	891	
236	892	
235	893	
235	894	
236	895	
237	896	
237	897	
237	898	
235	899	
236	900	
237	901	
237	902	
237	903	
237	904	
238	905	
237	906	
237	907	
237	908	
238	909	
239	910	
239	911	
239	912	
237	913	
238	913	
238	914	
238	915	
238	916	
239	917	
238	918	
237	919	
237	920	
238	921	
222	1071	
222	1072	
224	1073	
224	1074	
222	1089	
222	1090	
222	1091	
