239	427	
239	428	
241	429	
241	430	
241	431	
241	432	
241	433	
241	434	
239	435	
239	436	
239	437	
239	438	
239	439	
239	440	
238	441	
239	442	
239	443	
239	444	
239	445	
238	446	
238	447	
238	448	
239	449	
238	450	
238	451	
238	452	
238	453	
238	454	
238	455	
238	456	
238	457	
239	457	
239	458	
239	459	
238	460	
238	461	
238	462	
238	463	
237	464	
237	465	
238	466	
238	467	
238	468	
238	469	
237	470	
238	470	
238	471	
239	472	
238	473	
238	474	
238	475	
238	476	
238	477	
238	478	
238	479	
237	480	
238	480	
238	481	
238	482	
239	483	
239	484	
238	485	
239	486	
238	487	
239	488	
239	489	
239	490	
239	491	
238	492	
238	493	
239	494	
240	495	
240	496	
239	497	
239	498	
239	499	
239	500	
239	501	
239	502	
239	503	
236	504	
238	505	
238	506	
238	507	
238	508	
238	509	
238	510	
237	511	
237	512	
237	513	
237	514	
237	515	
238	516	
236	517	
236	518	
236	519	
236	520	
236	521	
236	522	
236	523	
235	524	
237	525	
237	526	
236	527	
235	528	
236	529	
236	530	
237	531	
237	532	
236	533	
236	534	
235	535	
235	536	
234	537	
234	538	
234	539	
234	540	
234	541	
234	542	
234	543	
233	544	
233	545	
233	546	
234	547	
234	548	
233	549	
233	550	
233	551	
233	552	
232	553	
231	554	
231	555	
231	556	
231	557	
231	558	
231	559	
231	560	
231	561	
231	562	
230	563	
231	564	
231	565	
231	566	
231	567	
230	568	
230	569	
230	570	
230	571	
230	572	
230	573	
230	574	
230	575	
232	576	
230	577	
232	577	
233	578	
233	579	
227	580	
227	581	
227	582	
227	583	
227	584	
227	585	
226	586	
226	587	
228	588	
225	589	
226	590	
227	591	
226	592	
227	593	
226	594	
227	594	
226	595	
226	596	
226	597	
224	598	
225	598	
224	599	
223	600	
224	601	
224	602	
224	603	
224	604	
224	605	
224	606	
224	607	
223	608	
223	609	
224	610	
222	611	
224	611	
225	612	
225	613	
225	614	
223	615	
223	616	
224	617	
223	618	
223	619	
222	620	
222	621	
222	622	
222	623	
222	624	
224	625	
221	626	
222	626	
222	627	
222	628	
222	629	
222	630	
222	631	
222	632	
222	633	
223	633	
223	634	
222	635	
222	636	
222	637	
223	637	
222	638	
222	639	
222	640	
222	641	
222	642	
223	643	
222	644	
223	644	
223	645	
222	646	
223	646	
223	647	
223	648	
222	649	
222	650	
222	651	
223	652	
222	653	
223	654	
222	655	
223	656	
223	657	
223	658	
222	659	
222	660	
225	661	
223	662	
224	662	
223	663	
223	664	
223	665	
223	666	
225	667	
226	668	
226	669	
225	670	
224	671	
225	674	
225	675	
225	676	
227	677	
227	678	
227	679	
225	680	
225	681	
225	682	
225	683	
225	684	
227	685	
227	686	
225	687	
225	688	
225	689	
227	691	
227	692	
227	693	
227	694	
225	697	
226	697	
226	698	
227	699	
227	700	
227	701	
228	704	
229	705	
228	706	
229	706	
226	707	
226	708	
227	711	
229	712	
227	713	
227	714	
227	715	
228	716	
229	717	
229	718	
229	719	
227	720	
227	721	
229	722	
229	723	
229	726	
231	733	
231	734	
233	735	
233	736	
232	737	
232	738	
233	739	
233	740	
233	741	
233	742	
232	743	
232	744	
232	745	
234	746	
233	747	
232	748	
235	749	
235	750	
233	751	
233	752	
233	753	
234	753	
235	753	
235	754	
235	755	
235	756	
235	757	
234	758	
235	759	
235	760	
233	761	
233	762	
234	763	
235	764	
237	765	
237	766	
233	767	
234	768	
236	769	
236	770	
236	771	
236	772	
236	773	
235	774	
237	775	
237	776	
237	777	
235	778	
237	779	
237	780	
237	781	
237	782	
237	783	
237	784	
236	785	
237	786	
237	787	
237	788	
236	789	
237	789	
236	790	
237	790	
236	791	
237	791	
236	792	
236	793	
236	794	
236	795	
236	796	
236	797	
236	798	
237	798	
237	799	
237	800	
237	801	
237	802	
237	803	
235	804	
235	805	
235	806	
235	807	
236	808	
236	809	
236	810	
236	811	
236	812	
237	812	
236	813	
236	814	
237	815	
237	816	
237	817	
237	818	
237	819	
237	820	
237	821	
236	822	
235	823	
235	824	
237	825	
237	826	
236	827	
236	828	
236	829	
236	830	
236	831	
237	832	
237	833	
237	834	
236	835	
235	836	
234	837	
234	838	
237	839	
237	840	
237	841	
237	842	
235	843	
234	844	
236	845	
236	846	
235	847	
234	848	
235	849	
235	850	
237	851	
236	852	
235	853	
234	854	
236	855	
235	856	
236	856	
235	857	
235	858	
236	859	
236	860	
235	861	
235	862	
234	863	
234	864	
236	865	
236	866	
236	867	
236	868	
237	868	
237	869	
237	870	
236	871	
236	872	
235	873	
235	874	
237	875	
237	876	
237	877	
236	878	
236	879	
236	880	
237	881	
237	882	
236	883	
236	884	
236	885	
236	886	
236	887	
236	888	
236	889	
237	890	
238	891	
238	892	
238	893	
236	894	
237	895	
236	896	
237	896	
236	897	
236	898	
238	899	
237	900	
237	901	
238	902	
237	903	
237	904	
237	905	
238	906	
238	907	
238	908	
238	909	
238	910	
238	911	
238	912	
239	913	
239	914	
239	915	
239	916	
239	917	
239	918	
239	919	
238	920	
238	921	
238	922	
239	923	
239	924	
226	1049	
226	1052	
226	1053	
226	1054	
226	1055	
226	1056	
226	1063	
224	1071	
222	1075	
222	1081	
222	1082	
224	1091	
