319	92	
255	401	
255	402	
255	403	
255	404	
257	405	
257	406	
256	407	
255	408	
257	409	
257	410	
256	411	
256	412	
256	413	
255	414	
255	415	
255	416	
255	417	
257	418	
257	419	
257	420	
257	421	
249	423	
249	424	
249	425	
247	426	
245	427	
245	428	
247	429	
247	430	
247	431	
247	432	
247	433	
246	434	
246	435	
246	436	
246	437	
245	438	
245	439	
245	440	
245	441	
245	442	
245	443	
245	444	
245	445	
245	446	
245	447	
245	448	
245	449	
245	450	
245	451	
245	452	
245	453	
244	454	
245	455	
246	456	
245	457	
245	458	
245	459	
244	460	
244	461	
245	461	
244	462	
244	463	
244	464	
245	465	
244	466	
244	467	
244	468	
244	469	
246	470	
244	471	
245	472	
244	473	
245	474	
244	475	
245	475	
245	476	
244	477	
245	477	
245	478	
245	479	
244	480	
244	481	
245	482	
245	483	
245	484	
245	485	
245	486	
245	487	
245	488	
245	489	
245	490	
245	491	
245	492	
245	493	
246	494	
246	495	
245	496	
243	497	
243	498	
243	499	
245	500	
245	501	
244	502	
245	503	
245	504	
245	505	
244	506	
244	507	
244	508	
244	509	
244	510	
245	511	
245	512	
244	513	
243	514	
243	515	
243	516	
243	517	
243	518	
244	518	
244	519	
244	520	
244	521	
243	522	
243	523	
241	524	
241	525	
241	526	
241	527	
242	528	
241	529	
242	530	
241	531	
241	532	
243	533	
242	534	
241	535	
240	536	
240	537	
240	538	
240	539	
240	540	
241	540	
240	541	
240	542	
240	543	
240	544	
240	545	
239	546	
239	547	
239	548	
237	549	
237	550	
237	551	
239	552	
237	553	
237	554	
238	554	
237	555	
238	555	
237	556	
238	556	
238	557	
237	558	
237	559	
237	560	
237	561	
236	562	
236	563	
237	563	
237	564	
237	565	
236	566	
237	566	
236	567	
237	567	
236	568	
238	568	
237	569	
237	570	
237	571	
238	572	
238	573	
238	574	
238	575	
238	576	
238	577	
238	578	
239	579	
239	580	
233	581	
234	582	
235	583	
235	584	
235	585	
235	586	
236	586	
234	587	
234	588	
234	589	
234	590	
234	591	
234	592	
234	593	
234	594	
233	595	
233	596	
233	597	
234	597	
232	598	
232	599	
231	600	
231	601	
232	602	
232	603	
232	604	
231	605	
231	606	
231	607	
231	608	
231	609	
232	609	
231	610	
231	611	
232	612	
232	613	
231	614	
231	615	
231	616	
230	617	
230	618	
229	619	
232	620	
231	621	
231	622	
231	623	
231	624	
231	625	
230	626	
229	627	
230	627	
230	628	
230	629	
229	630	
229	631	
230	632	
230	633	
229	634	
230	635	
230	636	
230	637	
231	638	
231	639	
230	640	
232	641	
231	642	
231	643	
229	644	
230	645	
230	646	
230	647	
231	647	
229	648	
230	649	
230	650	
229	651	
230	651	
230	652	
230	653	
229	654	
230	655	
230	656	
230	657	
229	658	
230	659	
230	660	
230	661	
230	662	
231	662	
230	663	
231	664	
232	665	
233	666	
233	667	
232	668	
231	669	
231	670	
231	671	
231	672	
231	673	
233	674	
232	675	
232	676	
233	677	
233	678	
233	679	
233	680	
232	681	
232	682	
232	683	
232	684	
232	685	
233	686	
233	687	
233	688	
234	689	
233	690	
233	691	
232	692	
231	693	
232	693	
235	694	
235	695	
231	696	
233	697	
233	698	
233	699	
233	701	
233	702	
233	703	
234	704	
235	705	
232	706	
233	707	
233	711	
233	712	
233	713	
233	714	
234	715	
235	716	
235	717	
235	718	
234	720	
234	721	
234	722	
235	723	
235	724	
235	725	
235	726	
233	727	
234	730	
237	731	
237	732	
237	733	
237	734	
239	735	
239	736	
237	737	
237	738	
237	739	
238	740	
238	741	
238	742	
238	743	
239	744	
240	745	
240	746	
239	747	
239	748	
239	749	
238	750	
240	751	
240	752	
240	753	
240	754	
240	755	
240	756	
240	757	
238	758	
240	759	
240	760	
240	761	
239	762	
239	763	
241	764	
241	765	
241	766	
240	767	
239	768	
240	768	
240	769	
240	770	
240	771	
240	772	
240	773	
240	774	
240	775	
240	776	
240	777	
240	778	
242	779	
243	779	
243	780	
243	781	
243	782	
243	783	
241	784	
241	785	
242	786	
242	787	
243	788	
243	789	
243	790	
243	791	
242	792	
242	793	
242	794	
242	795	
241	796	
242	796	
242	797	
242	798	
243	799	
244	800	
242	801	
243	801	
242	802	
241	803	
241	804	
241	805	
241	806	
242	806	
242	807	
241	808	
241	809	
240	810	
243	811	
243	812	
243	813	
242	814	
242	815	
242	816	
242	817	
242	818	
242	819	
243	820	
243	821	
242	822	
241	823	
241	824	
242	825	
243	826	
243	827	
242	828	
242	829	
242	830	
243	830	
243	831	
243	832	
241	833	
240	834	
242	834	
243	835	
243	836	
242	837	
242	838	
242	839	
243	840	
243	841	
240	842	
240	843	
240	844	
242	845	
242	846	
240	847	
241	848	
242	848	
242	849	
241	850	
240	851	
240	852	
240	853	
241	854	
242	855	
242	856	
241	857	
241	858	
242	858	
241	859	
241	860	
242	860	
241	861	
241	862	
242	863	
242	864	
241	865	
242	866	
242	867	
242	868	
242	869	
241	870	
241	871	
242	871	
241	872	
241	873	
242	873	
241	874	
241	875	
242	876	
243	877	
243	878	
242	879	
241	880	
242	881	
243	882	
243	883	
243	884	
243	885	
243	886	
243	887	
242	888	
243	889	
242	890	
243	890	
243	891	
243	892	
243	893	
243	894	
244	895	
244	896	
242	897	
242	898	
243	899	
243	900	
243	901	
244	902	
245	903	
245	904	
245	905	
244	906	
244	907	
244	908	
242	909	
243	910	
244	911	
244	912	
244	913	
245	914	
245	915	
246	916	
244	917	
244	918	
244	919	
245	920	
245	921	
245	922	
245	923	
245	924	
232	1053	
230	1063	
230	1064	
232	1065	
231	1066	
232	1074	
232	1075	
232	1095	
