319	93	
257	398	
257	399	
257	400	
257	401	
257	402	
257	403	
257	404	
257	405	
257	406	
256	407	
256	408	
256	409	
257	410	
257	411	
256	412	
257	413	
257	414	
257	415	
257	416	
257	417	
257	418	
257	419	
257	420	
257	421	
249	422	
249	423	
249	424	
249	425	
249	426	
249	427	
249	428	
247	429	
245	430	
246	430	
245	431	
245	432	
245	433	
247	434	
247	435	
247	436	
245	437	
246	438	
246	439	
246	440	
245	441	
245	442	
246	443	
246	444	
246	445	
245	446	
246	447	
246	448	
245	449	
245	450	
246	451	
246	452	
245	453	
245	454	
246	455	
243	456	
243	457	
243	458	
243	459	
243	460	
245	461	
245	462	
245	463	
246	464	
245	465	
246	466	
245	467	
245	468	
245	469	
246	470	
245	471	
245	472	
245	473	
245	474	
245	475	
246	476	
245	477	
245	478	
246	478	
245	479	
245	480	
246	481	
245	482	
246	483	
245	484	
246	485	
245	486	
246	487	
245	488	
246	488	
246	489	
246	490	
247	490	
246	491	
247	491	
246	492	
246	493	
246	494	
246	495	
246	496	
246	497	
245	498	
245	499	
246	500	
245	501	
245	502	
245	503	
244	504	
245	504	
244	505	
243	506	
243	507	
243	508	
245	509	
245	510	
244	511	
243	512	
243	513	
243	514	
245	515	
244	516	
244	517	
245	518	
245	519	
244	520	
245	521	
244	522	
243	523	
243	524	
243	525	
243	526	
244	527	
244	528	
243	529	
243	530	
243	531	
243	532	
243	533	
243	534	
243	535	
243	536	
243	537	
240	538	
241	539	
241	540	
241	541	
241	542	
240	543	
241	543	
239	544	
239	545	
240	546	
240	547	
241	548	
241	549	
238	550	
239	551	
239	552	
239	553	
239	554	
238	555	
238	556	
239	557	
238	558	
238	559	
237	560	
238	561	
238	562	
238	563	
238	564	
237	565	
238	565	
238	566	
237	567	
238	568	
238	569	
239	570	
239	571	
237	572	
238	573	
238	574	
238	575	
238	576	
238	577	
239	577	
239	578	
238	579	
239	580	
240	581	
235	582	
235	583	
235	584	
235	585	
234	586	
235	587	
235	588	
234	589	
234	590	
234	591	
234	592	
234	593	
234	594	
234	595	
234	596	
233	597	
232	598	
232	599	
233	600	
233	601	
233	602	
233	603	
232	604	
232	605	
233	606	
233	607	
232	608	
233	608	
234	608	
232	609	
233	610	
232	611	
233	612	
233	613	
232	614	
232	615	
231	616	
231	617	
231	618	
231	619	
230	620	
230	621	
231	622	
230	623	
230	624	
230	625	
229	626	
230	627	
230	628	
231	629	
231	630	
230	631	
230	632	
230	633	
231	634	
230	635	
230	636	
229	637	
230	638	
230	639	
230	640	
230	641	
230	642	
231	643	
230	644	
230	645	
230	646	
231	647	
230	648	
230	649	
230	650	
230	651	
230	652	
230	653	
229	654	
231	655	
231	656	
232	657	
232	658	
233	658	
231	659	
230	660	
232	660	
231	661	
232	661	
233	662	
233	663	
233	664	
232	665	
231	666	
232	667	
233	668	
233	669	
233	670	
234	671	
235	672	
235	673	
233	676	
231	677	
232	678	
234	679	
235	680	
235	681	
236	682	
235	683	
235	684	
235	685	
235	686	
234	687	
233	688	
232	689	
232	690	
235	691	
235	692	
234	693	
233	694	
234	695	
235	696	
235	697	
235	698	
235	699	
233	700	
234	700	
232	701	
233	701	
232	702	
235	703	
235	704	
233	705	
233	706	
233	707	
234	708	
235	709	
235	710	
235	711	
233	712	
234	713	
235	714	
235	715	
234	716	
233	719	
233	720	
233	721	
234	722	
233	723	
233	724	
235	731	
236	731	
236	732	
235	733	
236	733	
236	734	
236	735	
236	736	
239	737	
239	738	
239	739	
238	740	
238	741	
239	742	
239	743	
239	744	
239	745	
241	746	
237	747	
240	748	
241	748	
241	749	
241	750	
241	751	
241	752	
240	753	
240	754	
241	755	
241	756	
241	757	
241	758	
241	759	
240	760	
241	760	
240	761	
239	762	
239	763	
239	764	
241	765	
241	766	
241	767	
240	768	
242	769	
242	770	
242	771	
241	772	
241	773	
242	774	
242	775	
243	776	
241	777	
241	778	
241	779	
241	780	
241	781	
243	782	
243	783	
243	784	
243	785	
242	786	
242	787	
242	788	
242	789	
244	790	
245	791	
245	792	
244	793	
245	793	
243	794	
243	795	
243	796	
243	797	
243	798	
243	799	
244	800	
244	801	
244	802	
243	803	
243	804	
243	805	
243	806	
242	807	
243	808	
243	809	
242	810	
242	811	
242	812	
243	812	
243	813	
243	814	
243	815	
243	816	
244	816	
243	817	
243	818	
242	819	
242	820	
242	821	
243	822	
243	823	
243	824	
243	825	
243	826	
243	827	
243	828	
243	829	
242	830	
242	831	
242	832	
242	833	
241	834	
241	835	
242	836	
241	837	
241	838	
242	839	
242	840	
241	841	
242	842	
243	843	
243	844	
242	845	
243	846	
243	847	
243	848	
243	849	
243	850	
243	851	
243	852	
243	853	
243	854	
242	855	
242	856	
243	857	
240	858	
243	859	
243	860	
243	861	
243	862	
243	863	
243	864	
243	865	
243	866	
243	867	
243	868	
243	869	
243	870	
244	871	
244	872	
242	873	
242	874	
243	875	
243	876	
243	877	
243	878	
243	879	
243	880	
243	881	
242	882	
242	883	
242	884	
242	885	
243	885	
242	886	
242	887	
242	888	
242	889	
242	890	
242	891	
243	892	
244	893	
244	894	
244	895	
245	895	
245	896	
242	897	
242	898	
245	899	
245	900	
244	901	
244	902	
245	903	
243	904	
244	904	
243	905	
244	906	
244	907	
245	908	
245	909	
245	910	
244	911	
245	911	
244	912	
245	913	
245	914	
244	915	
246	916	
246	917	
246	918	
245	919	
245	920	
245	921	
244	922	
244	923	
233	1057	
230	1064	
230	1065	
232	1068	
230	1069	
230	1070	
230	1071	
