261	392	
259	393	
259	394	
259	395	
259	396	
260	397	
261	398	
259	399	
260	399	
259	400	
261	401	
260	402	
261	402	
260	403	
260	404	
260	405	
259	406	
259	407	
259	408	
259	409	
259	410	
259	411	
259	412	
259	413	
259	414	
260	415	
259	416	
261	416	
259	417	
261	417	
261	418	
251	422	
251	423	
253	424	
249	425	
249	426	
249	427	
249	428	
251	429	
251	430	
249	431	
249	432	
249	433	
250	434	
250	435	
250	436	
250	437	
249	438	
249	439	
249	440	
249	441	
248	442	
248	443	
249	444	
250	445	
250	446	
249	447	
249	448	
249	449	
249	450	
250	451	
249	452	
249	453	
249	454	
249	455	
249	456	
249	457	
249	458	
250	459	
249	460	
249	461	
249	462	
249	463	
248	464	
249	464	
248	465	
249	466	
249	467	
249	468	
248	469	
248	470	
249	471	
249	472	
249	473	
249	474	
248	475	
248	476	
248	477	
247	478	
248	479	
249	480	
248	481	
249	482	
249	483	
249	484	
249	485	
248	486	
250	487	
249	488	
250	489	
249	490	
249	491	
249	492	
250	493	
250	494	
250	495	
250	496	
249	497	
249	498	
249	499	
249	500	
249	501	
249	502	
248	503	
249	504	
247	505	
247	506	
248	507	
249	508	
249	509	
249	510	
249	511	
249	512	
248	513	
248	514	
247	515	
247	516	
247	517	
247	518	
247	519	
247	520	
248	521	
247	522	
247	523	
247	524	
247	525	
246	526	
246	527	
246	528	
246	529	
246	530	
247	531	
247	532	
244	533	
244	534	
245	535	
245	536	
245	537	
246	538	
246	539	
245	540	
245	541	
245	542	
244	543	
244	544	
245	545	
245	546	
244	547	
243	548	
243	549	
243	550	
243	551	
242	552	
242	553	
243	553	
242	554	
243	554	
241	555	
242	555	
242	556	
243	556	
240	557	
240	558	
241	559	
241	560	
240	561	
243	562	
243	563	
243	564	
243	565	
243	566	
243	567	
243	568	
242	569	
242	570	
243	570	
242	571	
242	572	
242	573	
242	574	
242	575	
242	576	
243	576	
242	577	
243	578	
243	579	
243	580	
243	581	
243	582	
239	583	
239	584	
239	585	
239	586	
239	587	
238	588	
239	589	
238	590	
238	591	
237	592	
239	592	
237	593	
238	593	
239	593	
238	594	
238	595	
238	596	
239	597	
239	598	
238	599	
237	600	
237	601	
236	602	
235	603	
238	603	
235	604	
236	605	
236	606	
236	607	
236	608	
236	609	
235	610	
237	611	
236	612	
235	613	
236	614	
236	615	
235	616	
235	617	
235	618	
235	619	
235	620	
235	621	
235	622	
234	623	
235	624	
235	625	
234	626	
235	626	
234	627	
234	628	
234	629	
235	630	
234	631	
234	632	
235	633	
234	634	
234	635	
234	636	
235	637	
235	638	
235	639	
235	640	
235	641	
235	642	
233	643	
235	644	
234	645	
234	646	
234	647	
234	648	
234	649	
234	650	
234	651	
234	652	
234	653	
234	654	
235	655	
237	656	
237	657	
235	658	
235	659	
235	660	
236	661	
235	662	
236	663	
236	664	
236	665	
236	666	
235	667	
236	667	
235	668	
235	669	
235	671	
236	671	
236	672	
236	673	
239	674	
239	675	
237	677	
238	678	
237	679	
236	680	
236	681	
236	682	
238	683	
237	684	
238	684	
239	685	
239	686	
237	687	
237	688	
239	689	
239	690	
239	691	
239	692	
239	693	
239	694	
239	695	
237	696	
235	697	
235	698	
236	699	
237	699	
238	700	
238	701	
239	702	
237	703	
237	704	
239	705	
239	706	
238	707	
237	708	
237	709	
237	710	
237	711	
239	712	
239	713	
239	714	
239	715	
239	716	
239	717	
239	718	
239	719	
239	720	
239	721	
238	722	
238	723	
238	724	
238	725	
237	726	
238	726	
238	727	
237	728	
239	728	
239	729	
239	730	
241	731	
241	732	
241	733	
239	734	
241	735	
241	736	
240	737	
240	738	
242	739	
242	740	
241	741	
241	742	
241	743	
241	744	
241	745	
243	746	
243	747	
243	748	
243	749	
243	750	
242	751	
241	752	
241	753	
242	754	
242	755	
242	756	
242	757	
242	758	
242	759	
241	760	
242	761	
242	762	
245	763	
245	764	
245	765	
244	766	
242	767	
242	768	
245	769	
245	770	
245	771	
245	772	
244	773	
244	774	
245	774	
244	775	
245	776	
245	777	
245	778	
245	779	
245	780	
245	781	
245	782	
245	783	
246	784	
247	785	
245	786	
245	787	
246	788	
247	788	
247	789	
247	790	
245	791	
245	792	
245	793	
247	794	
246	795	
246	796	
246	797	
245	798	
246	798	
246	799	
245	800	
246	800	
246	801	
246	802	
247	803	
246	804	
246	805	
246	806	
246	807	
246	808	
246	809	
247	810	
247	811	
247	812	
247	813	
247	814	
246	815	
247	816	
246	817	
246	818	
245	819	
245	820	
246	821	
247	822	
246	823	
245	824	
246	824	
246	825	
246	826	
245	827	
246	828	
246	829	
246	830	
246	831	
246	832	
246	833	
246	834	
247	835	
247	836	
246	837	
245	838	
245	839	
245	840	
244	841	
244	842	
244	843	
244	844	
246	845	
246	846	
246	847	
246	848	
246	849	
245	850	
246	851	
246	852	
247	853	
247	854	
244	855	
244	856	
244	857	
244	858	
245	859	
245	860	
244	861	
244	862	
244	863	
244	864	
247	865	
247	866	
246	867	
245	868	
245	869	
247	870	
247	871	
247	872	
247	873	
244	874	
245	874	
244	875	
244	876	
247	877	
247	878	
246	879	
246	880	
246	881	
246	882	
246	883	
246	884	
246	885	
247	885	
247	886	
247	887	
247	888	
247	889	
247	890	
247	891	
247	892	
247	893	
247	894	
246	895	
246	896	
246	897	
246	898	
247	899	
247	900	
248	901	
246	902	
249	903	
249	904	
248	905	
248	906	
248	907	
248	908	
248	909	
248	910	
248	911	
249	912	
249	913	
249	914	
248	915	
247	916	
248	916	
248	917	
249	918	
249	919	
249	920	
249	921	
249	922	
238	1007	
237	1015	
237	1019	
234	1063	
234	1064	
235	1064	
236	1065	
236	1066	
234	1069	
236	1071	
