325	87	
325	88	
261	387	
263	388	
263	389	
263	390	
263	391	
261	392	
261	393	
263	393	
262	394	
262	395	
262	396	
262	397	
262	398	
263	399	
262	400	
261	401	
262	401	
262	402	
262	403	
262	404	
262	405	
262	406	
262	407	
262	408	
262	409	
262	410	
262	411	
262	412	
261	413	
261	414	
262	415	
263	416	
263	417	
263	418	
255	419	
255	420	
253	421	
253	422	
255	423	
255	424	
253	425	
253	426	
254	427	
254	428	
253	429	
253	430	
253	431	
252	432	
253	432	
253	433	
253	434	
253	435	
252	436	
252	437	
251	438	
251	439	
252	440	
251	441	
252	442	
251	443	
251	444	
251	445	
251	446	
251	447	
251	448	
251	449	
252	450	
251	451	
251	452	
251	453	
251	454	
251	455	
251	456	
251	457	
250	458	
250	459	
251	459	
252	460	
251	461	
251	462	
251	463	
251	464	
251	465	
251	466	
251	467	
251	468	
251	469	
251	470	
250	471	
251	471	
252	471	
250	472	
252	472	
250	473	
251	473	
251	474	
250	475	
251	476	
251	477	
251	478	
251	479	
251	480	
251	481	
250	482	
251	483	
252	484	
252	485	
253	486	
253	487	
252	488	
253	488	
252	489	
252	490	
252	491	
253	492	
252	493	
252	494	
252	495	
252	496	
252	497	
251	498	
253	499	
252	500	
251	501	
251	502	
251	503	
251	504	
251	505	
250	506	
249	507	
251	507	
250	508	
251	509	
251	510	
250	511	
250	512	
250	513	
250	514	
250	515	
250	516	
250	517	
250	518	
249	519	
249	520	
251	521	
251	522	
249	523	
249	524	
249	525	
249	526	
248	527	
248	528	
248	529	
249	530	
249	531	
247	532	
247	533	
248	534	
247	535	
247	536	
246	537	
246	538	
247	539	
247	540	
247	541	
246	542	
247	543	
247	544	
247	545	
246	546	
246	547	
245	548	
245	549	
246	550	
246	551	
244	552	
244	553	
243	554	
243	555	
244	556	
245	557	
245	558	
245	559	
244	560	
244	561	
244	562	
243	563	
244	564	
244	565	
244	566	
244	567	
245	568	
245	569	
245	570	
245	571	
246	572	
246	573	
245	574	
245	575	
246	576	
245	577	
245	578	
246	579	
245	580	
245	581	
245	582	
245	583	
245	584	
246	585	
243	586	
241	587	
241	588	
241	589	
242	589	
241	590	
242	591	
242	592	
243	593	
243	594	
241	595	
242	596	
240	597	
239	598	
239	599	
239	600	
240	601	
240	602	
240	603	
239	604	
239	605	
240	606	
239	607	
240	608	
240	609	
238	610	
239	610	
241	611	
241	612	
241	613	
241	614	
241	615	
238	616	
237	617	
237	618	
238	619	
238	620	
238	621	
237	622	
238	623	
238	624	
238	625	
239	626	
236	627	
236	628	
236	629	
238	630	
239	631	
238	632	
237	633	
237	634	
238	635	
239	636	
239	637	
239	638	
237	639	
237	640	
238	641	
238	642	
237	643	
236	644	
236	645	
237	646	
237	647	
238	648	
237	649	
237	650	
237	651	
236	652	
236	653	
238	654	
239	655	
239	656	
237	657	
238	658	
238	659	
237	660	
238	661	
238	662	
239	663	
239	664	
238	665	
238	666	
241	667	
241	668	
240	669	
240	670	
239	671	
241	673	
241	674	
239	675	
239	676	
239	677	
241	678	
241	679	
241	680	
241	681	
241	683	
238	684	
238	685	
239	686	
241	687	
240	688	
241	689	
241	690	
241	691	
242	692	
241	693	
241	694	
241	695	
241	696	
241	697	
241	698	
241	699	
241	700	
240	701	
239	702	
239	703	
241	704	
240	705	
239	707	
241	708	
241	711	
241	712	
241	713	
241	715	
241	716	
240	717	
240	718	
241	719	
241	720	
239	721	
239	722	
241	723	
241	724	
241	725	
241	726	
241	727	
241	728	
243	729	
243	730	
243	731	
242	732	
241	733	
242	734	
242	735	
242	736	
242	737	
245	738	
245	739	
243	740	
244	741	
243	742	
243	743	
243	744	
243	745	
243	746	
244	747	
245	748	
244	749	
245	749	
244	750	
246	751	
246	752	
245	753	
245	754	
244	755	
245	756	
245	757	
246	758	
245	759	
245	760	
245	761	
245	762	
245	763	
245	764	
245	765	
245	766	
246	766	
247	767	
247	768	
247	769	
246	770	
246	771	
246	772	
246	773	
245	774	
246	774	
246	775	
247	775	
247	776	
247	777	
248	778	
246	779	
246	780	
246	781	
247	782	
246	783	
249	784	
249	785	
249	786	
249	787	
247	788	
249	789	
248	790	
247	791	
247	792	
247	793	
250	794	
247	795	
248	796	
248	797	
249	797	
250	798	
249	799	
249	800	
249	801	
249	802	
249	803	
249	804	
249	805	
248	806	
249	806	
248	807	
249	808	
249	809	
249	810	
249	811	
249	812	
249	813	
249	814	
249	815	
249	816	
249	817	
249	818	
249	819	
249	820	
248	821	
247	822	
247	823	
247	824	
248	825	
249	826	
248	827	
249	827	
247	828	
247	829	
246	830	
249	831	
249	832	
249	833	
249	834	
249	835	
249	836	
249	837	
248	838	
249	839	
246	840	
246	841	
247	842	
249	843	
249	844	
248	845	
247	846	
248	847	
248	848	
248	849	
248	850	
248	851	
248	852	
248	853	
247	854	
246	855	
249	856	
249	857	
248	858	
247	859	
248	859	
248	860	
249	861	
249	862	
248	863	
249	864	
249	865	
249	866	
249	867	
249	868	
249	869	
249	870	
249	871	
248	872	
248	873	
248	874	
249	875	
249	876	
248	877	
249	878	
248	879	
249	880	
249	881	
249	882	
248	883	
248	884	
248	885	
248	886	
249	886	
249	887	
249	888	
249	889	
249	890	
249	891	
249	892	
248	893	
249	893	
249	894	
249	895	
249	896	
248	897	
248	898	
248	899	
248	900	
249	901	
250	902	
249	903	
250	904	
250	905	
251	906	
251	907	
251	908	
249	909	
249	910	
250	911	
249	912	
249	913	
250	914	
251	915	
251	916	
250	917	
250	918	
250	919	
250	920	
250	921	
251	923	
