173	544	
173	545	
172	546	
173	547	
173	548	
171	551	
172	552	
171	553	
171	554	
173	555	
173	556	
170	557	
171	558	
171	559	
171	560	
171	561	
171	562	
171	563	
171	564	
171	565	
173	566	
171	567	
172	567	
171	568	
175	569	
175	570	
174	571	
173	572	
173	573	
174	574	
174	575	
174	576	
174	577	
175	578	
175	579	
169	620	
171	621	
171	622	
169	625	
169	626	
169	627	
171	628	
171	629	
171	630	
171	631	
171	632	
170	633	
170	634	
170	635	
171	636	
171	637	
168	638	
168	639	
169	640	
169	641	
169	642	
170	643	
171	644	
170	645	
170	646	
171	647	
170	648	
170	649	
170	650	
170	651	
170	652	
170	653	
170	654	
170	655	
172	656	
173	656	
173	657	
173	658	
173	659	
173	660	
171	661	
171	662	
172	663	
172	664	
171	665	
171	668	
171	669	
173	670	
174	671	
174	672	
172	673	
171	674	
172	675	
172	676	
175	677	
174	678	
175	679	
172	680	
174	681	
174	682	
173	683	
174	684	
175	685	
174	686	
174	687	
175	688	
174	689	
174	691	
175	691	
174	692	
174	693	
177	698	
