271	370	
269	371	
271	371	
269	372	
269	373	
269	374	
269	375	
269	376	
271	377	
271	378	
271	379	
269	380	
270	381	
269	382	
270	383	
270	384	
269	385	
269	386	
270	387	
270	388	
270	389	
270	390	
270	391	
270	392	
270	393	
270	394	
270	395	
270	396	
271	397	
270	398	
270	399	
269	400	
270	401	
270	402	
270	403	
271	404	
270	405	
270	406	
270	407	
270	408	
270	409	
271	410	
271	411	
271	412	
272	413	
272	414	
271	415	
271	416	
271	417	
265	418	
265	419	
265	420	
263	421	
263	422	
263	423	
261	424	
261	425	
263	426	
261	427	
261	428	
262	429	
262	430	
259	431	
259	432	
260	433	
261	434	
261	435	
261	436	
260	437	
261	438	
259	439	
261	439	
259	440	
259	441	
260	442	
259	443	
259	444	
259	445	
259	446	
259	447	
259	448	
259	449	
260	450	
260	451	
260	452	
260	453	
260	454	
260	455	
260	456	
260	457	
260	458	
259	459	
259	460	
260	461	
259	462	
259	463	
259	464	
260	465	
260	466	
260	467	
261	468	
260	469	
260	470	
260	471	
260	472	
259	473	
259	474	
260	475	
259	476	
259	477	
259	478	
258	479	
259	480	
259	481	
260	482	
260	483	
260	484	
260	485	
260	486	
260	487	
260	488	
260	489	
260	490	
261	490	
261	491	
261	492	
260	493	
260	494	
260	495	
260	496	
261	497	
261	498	
262	499	
262	500	
262	501	
261	502	
261	503	
260	504	
261	505	
261	506	
260	507	
259	508	
259	509	
259	510	
259	511	
259	512	
260	513	
259	514	
258	515	
258	516	
257	517	
258	517	
259	517	
258	518	
258	519	
258	520	
258	521	
257	522	
258	523	
258	524	
257	525	
257	526	
257	527	
258	527	
257	528	
257	529	
257	530	
258	531	
258	532	
259	532	
257	533	
257	534	
255	535	
255	536	
256	537	
256	538	
255	539	
255	540	
254	541	
255	541	
254	542	
253	543	
254	544	
254	545	
254	546	
254	547	
254	548	
254	549	
253	550	
253	551	
251	552	
252	553	
252	554	
252	555	
254	556	
252	557	
251	558	
252	559	
253	560	
253	561	
254	561	
254	562	
254	563	
254	564	
254	565	
255	566	
254	567	
254	568	
255	569	
255	570	
254	571	
254	572	
254	573	
254	574	
254	575	
255	576	
254	577	
253	578	
253	579	
253	580	
253	581	
254	582	
253	583	
253	584	
253	585	
254	585	
254	586	
253	587	
253	588	
252	589	
252	590	
253	591	
252	592	
252	593	
251	594	
252	595	
253	595	
252	596	
251	597	
251	598	
251	599	
252	599	
251	600	
251	601	
251	602	
250	603	
250	604	
249	605	
249	606	
251	607	
248	608	
250	609	
250	610	
250	611	
249	612	
250	612	
249	613	
250	614	
249	615	
250	616	
250	617	
249	618	
249	619	
248	620	
249	620	
248	621	
248	622	
249	623	
249	624	
249	625	
248	626	
249	626	
248	627	
248	628	
249	629	
246	630	
249	631	
249	632	
248	633	
248	634	
248	635	
247	636	
247	637	
249	638	
247	639	
248	639	
248	640	
248	641	
249	642	
246	643	
246	644	
246	645	
246	646	
246	647	
247	648	
247	649	
246	650	
247	651	
247	652	
247	653	
247	654	
248	654	
248	655	
248	656	
247	657	
248	658	
247	659	
247	660	
247	661	
248	662	
248	663	
248	664	
247	665	
247	666	
248	667	
248	668	
249	669	
250	670	
250	671	
250	672	
250	673	
250	674	
250	675	
250	676	
250	677	
250	678	
250	679	
250	680	
250	681	
250	682	
249	683	
250	683	
249	684	
249	685	
249	688	
249	689	
251	690	
251	691	
247	694	
251	696	
248	697	
249	697	
248	698	
247	699	
247	700	
251	701	
251	702	
251	703	
249	704	
249	705	
249	707	
251	708	
248	711	
247	712	
247	713	
247	714	
250	715	
249	716	
251	717	
251	718	
249	719	
249	720	
250	721	
250	722	
250	723	
250	724	
250	725	
251	726	
251	727	
249	728	
251	729	
250	730	
250	731	
250	732	
251	732	
251	733	
250	734	
251	735	
250	736	
250	737	
250	738	
252	739	
252	740	
252	741	
252	742	
253	742	
252	743	
252	744	
252	745	
252	746	
251	747	
252	748	
252	749	
252	750	
252	751	
251	752	
251	753	
252	754	
250	755	
250	756	
253	757	
252	758	
252	759	
252	760	
253	761	
253	762	
252	763	
253	764	
253	765	
253	766	
252	767	
252	768	
253	769	
253	770	
254	771	
253	772	
254	773	
254	774	
253	775	
253	776	
252	777	
255	778	
255	779	
255	780	
255	781	
254	782	
254	783	
254	784	
253	785	
253	786	
253	787	
254	788	
256	789	
256	790	
255	791	
256	792	
256	793	
257	794	
257	795	
257	796	
258	797	
258	798	
257	799	
257	800	
257	801	
257	802	
257	803	
257	804	
257	805	
257	806	
256	807	
257	807	
256	808	
256	809	
256	810	
256	811	
256	812	
255	813	
255	814	
256	815	
258	816	
257	817	
257	818	
257	819	
258	820	
257	821	
256	822	
257	822	
257	823	
256	824	
257	824	
256	825	
256	826	
256	827	
257	828	
257	829	
255	830	
255	831	
256	832	
257	832	
258	833	
257	834	
257	835	
257	836	
257	837	
257	838	
257	839	
256	840	
256	841	
257	841	
257	842	
257	843	
257	844	
257	845	
257	846	
257	847	
257	848	
256	849	
257	849	
256	850	
256	851	
257	851	
256	852	
256	853	
256	854	
256	855	
256	856	
255	857	
256	858	
257	859	
256	860	
256	861	
256	862	
257	863	
257	864	
257	865	
256	866	
256	867	
256	868	
256	869	
256	870	
257	871	
257	872	
257	873	
256	874	
256	875	
257	875	
256	876	
255	877	
256	877	
256	878	
257	879	
257	880	
257	881	
256	882	
257	882	
257	883	
257	884	
257	885	
256	886	
257	886	
257	887	
257	888	
257	889	
257	890	
257	891	
257	892	
256	893	
257	894	
257	895	
257	896	
257	897	
257	898	
257	899	
257	900	
257	901	
257	902	
256	903	
256	904	
258	905	
258	906	
257	907	
258	908	
258	909	
258	910	
259	911	
259	912	
259	913	
258	914	
258	915	
258	916	
259	916	
259	917	
260	918	
259	919	
259	920	
258	921	
258	922	
248	1009	
248	1010	
248	1011	
249	1012	
249	1017	
246	1055	
248	1059	
246	1075	
246	1076	
244	1077	
244	1082	
244	1083	
246	1085	
244	1087	
244	1088	
244	1089	
