271	370	
271	371	
271	372	
270	373	
269	374	
270	374	
271	375	
271	376	
271	377	
271	378	
271	379	
271	380	
271	381	
271	382	
271	383	
271	384	
270	385	
270	386	
270	387	
270	388	
271	389	
271	390	
271	391	
271	392	
271	393	
271	394	
271	395	
272	395	
272	396	
272	397	
272	398	
271	399	
272	399	
271	400	
271	401	
272	401	
272	402	
272	403	
272	404	
272	405	
271	406	
272	406	
271	407	
271	408	
272	409	
272	410	
272	411	
272	412	
272	413	
272	414	
272	415	
271	416	
263	417	
264	418	
265	419	
265	420	
263	421	
263	422	
263	423	
263	424	
263	425	
262	426	
263	426	
263	427	
263	428	
263	429	
261	430	
261	431	
262	432	
262	433	
262	434	
262	435	
261	436	
262	436	
261	437	
261	438	
261	439	
261	440	
261	441	
262	442	
261	443	
259	444	
260	445	
260	446	
260	447	
260	448	
260	449	
260	450	
261	451	
261	452	
260	453	
259	454	
260	455	
260	456	
260	457	
260	458	
260	459	
260	460	
261	461	
261	462	
260	463	
260	464	
260	465	
261	466	
261	467	
261	468	
261	469	
262	470	
262	471	
262	472	
260	473	
260	474	
261	474	
261	475	
260	476	
261	477	
261	478	
260	479	
261	480	
260	481	
260	482	
260	483	
260	484	
260	485	
261	486	
260	487	
260	488	
260	489	
260	490	
261	491	
261	492	
261	493	
262	493	
262	494	
261	495	
261	496	
261	497	
261	498	
262	499	
263	500	
263	501	
262	502	
262	503	
261	504	
261	505	
262	505	
261	506	
259	507	
259	508	
261	509	
261	510	
257	511	
257	512	
258	513	
260	514	
261	514	
259	515	
259	516	
258	517	
259	518	
257	519	
257	520	
257	521	
259	522	
259	523	
258	524	
258	525	
259	526	
257	527	
259	528	
258	529	
258	530	
258	531	
259	531	
259	532	
259	533	
256	534	
256	535	
257	536	
257	537	
256	538	
256	539	
256	540	
256	541	
256	542	
257	543	
254	544	
255	545	
255	546	
255	547	
254	548	
255	548	
255	549	
255	550	
254	551	
255	552	
255	553	
255	554	
255	555	
254	556	
254	557	
254	558	
254	559	
254	560	
254	561	
254	562	
255	563	
254	564	
255	565	
255	566	
255	567	
255	568	
255	569	
254	570	
255	571	
256	572	
255	573	
256	573	
254	574	
254	575	
255	576	
254	577	
254	578	
254	579	
255	580	
255	581	
255	582	
254	583	
253	584	
253	585	
253	586	
254	587	
254	588	
253	589	
254	589	
253	590	
254	591	
254	592	
253	593	
254	594	
251	595	
252	596	
252	597	
252	598	
252	599	
252	600	
253	601	
253	602	
252	603	
252	604	
252	605	
252	606	
250	607	
250	608	
250	609	
250	610	
251	611	
251	612	
251	613	
250	614	
251	614	
250	615	
250	616	
249	617	
250	618	
249	619	
249	620	
250	621	
250	622	
250	623	
251	624	
251	625	
250	626	
250	627	
248	628	
248	629	
249	630	
249	631	
249	632	
249	633	
248	634	
249	635	
249	636	
249	637	
249	638	
249	639	
249	640	
250	641	
249	642	
249	643	
248	644	
248	645	
248	646	
248	647	
247	648	
248	649	
248	650	
247	651	
247	652	
248	653	
249	654	
249	655	
249	656	
249	657	
250	657	
249	658	
249	659	
250	660	
248	661	
248	662	
249	663	
250	663	
249	664	
249	665	
250	665	
249	666	
250	667	
250	668	
251	669	
251	670	
251	671	
251	672	
251	673	
251	674	
251	675	
251	676	
250	677	
251	678	
250	679	
251	680	
250	681	
249	682	
249	683	
252	684	
251	685	
250	687	
249	688	
251	689	
251	690	
251	691	
251	692	
249	693	
249	694	
249	695	
251	696	
250	697	
250	698	
251	700	
251	701	
251	702	
249	703	
249	704	
250	705	
249	706	
251	707	
251	708	
251	709	
251	712	
251	713	
250	714	
249	715	
249	716	
251	717	
251	718	
252	719	
250	720	
252	720	
252	721	
251	722	
251	723	
250	724	
251	725	
252	726	
251	727	
251	728	
252	729	
252	730	
253	730	
250	731	
252	732	
251	733	
252	734	
252	735	
252	736	
252	737	
251	738	
252	739	
252	740	
252	741	
252	742	
252	743	
252	744	
253	745	
252	746	
253	747	
251	748	
252	749	
252	750	
252	751	
253	751	
252	752	
252	753	
252	754	
253	755	
253	756	
252	757	
252	758	
253	759	
254	759	
254	760	
253	761	
252	762	
252	763	
252	764	
253	765	
254	765	
254	766	
254	767	
253	768	
254	769	
253	770	
253	771	
254	772	
255	773	
255	774	
254	775	
255	776	
255	777	
255	778	
254	779	
255	779	
255	780	
255	781	
255	782	
254	783	
253	784	
254	784	
255	785	
256	786	
256	787	
257	788	
257	789	
257	790	
256	791	
255	792	
256	792	
258	793	
258	794	
257	795	
256	796	
256	797	
256	798	
256	799	
257	800	
257	801	
257	802	
259	803	
258	804	
258	805	
257	806	
258	807	
259	808	
259	809	
256	810	
257	811	
258	811	
258	812	
259	813	
258	814	
256	815	
257	816	
257	817	
258	818	
258	819	
258	820	
257	821	
257	822	
257	823	
257	824	
257	825	
257	826	
258	827	
258	828	
258	829	
257	830	
257	831	
257	832	
258	832	
258	833	
256	834	
256	835	
257	836	
256	837	
256	838	
256	839	
256	840	
256	841	
257	841	
256	842	
256	843	
256	844	
256	845	
256	846	
257	846	
256	847	
256	848	
256	849	
256	850	
256	851	
257	852	
258	853	
258	854	
257	855	
257	856	
257	857	
257	858	
256	859	
257	860	
258	861	
258	862	
258	863	
257	864	
258	865	
258	866	
258	867	
257	868	
257	869	
257	870	
257	871	
258	872	
256	873	
256	874	
257	875	
258	876	
258	877	
258	878	
257	879	
258	879	
257	880	
257	881	
257	882	
257	883	
257	884	
257	885	
256	886	
256	887	
256	888	
256	889	
257	890	
258	891	
258	892	
256	893	
259	893	
256	894	
257	895	
258	896	
259	897	
259	898	
259	899	
259	900	
258	901	
259	902	
259	903	
260	904	
259	905	
258	906	
258	907	
258	908	
259	908	
258	909	
259	910	
259	911	
259	912	
258	913	
258	914	
258	915	
259	916	
259	917	
261	918	
261	919	
261	920	
260	921	
260	922	
250	1011	
250	1012	
252	1013	
251	1014	
250	1015	
250	1016	
248	1017	
248	1018	
250	1019	
248	1057	
246	1071	
246	1072	
246	1073	
246	1085	
246	1086	
246	1087	
246	1088	
246	1091	
244	1092	
244	1093	
