339	104	
273	364	
273	365	
275	365	
275	366	
275	367	
275	368	
275	369	
274	370	
273	371	
273	372	
274	373	
274	374	
274	375	
275	375	
274	376	
273	377	
274	377	
274	378	
274	379	
273	380	
274	381	
274	382	
273	383	
273	384	
273	385	
273	386	
273	387	
274	388	
274	389	
274	390	
274	391	
275	392	
276	393	
276	394	
276	395	
276	396	
276	397	
276	398	
276	399	
275	400	
276	401	
276	402	
275	403	
276	404	
276	405	
276	406	
276	407	
276	408	
275	409	
276	409	
275	410	
275	411	
275	412	
275	413	
275	414	
276	414	
275	415	
275	416	
269	417	
269	418	
267	419	
267	420	
268	421	
269	421	
269	422	
267	423	
267	424	
267	425	
267	426	
266	427	
265	428	
265	429	
267	430	
267	431	
267	432	
267	433	
267	434	
263	435	
263	436	
265	437	
265	438	
265	439	
265	440	
265	441	
265	442	
265	443	
264	444	
264	445	
264	446	
265	447	
265	448	
264	449	
263	450	
263	451	
264	452	
264	453	
264	454	
264	455	
264	456	
264	457	
264	458	
263	459	
265	460	
264	461	
264	462	
264	463	
264	464	
264	465	
264	466	
265	467	
264	468	
265	469	
265	470	
266	471	
266	472	
265	473	
265	474	
265	475	
265	476	
265	477	
265	478	
264	479	
265	480	
264	481	
265	481	
265	482	
264	483	
266	484	
265	485	
264	486	
265	487	
265	488	
265	489	
266	490	
265	491	
264	492	
264	493	
265	494	
265	495	
266	496	
265	497	
266	498	
266	499	
265	500	
265	501	
266	502	
266	503	
266	504	
266	505	
267	505	
266	506	
266	507	
265	508	
265	509	
265	510	
266	510	
264	511	
263	512	
263	513	
263	514	
264	515	
264	516	
264	517	
264	518	
263	519	
263	520	
263	521	
263	522	
263	523	
262	524	
262	525	
262	526	
262	527	
262	528	
264	529	
263	530	
263	531	
261	532	
262	533	
262	534	
261	535	
261	536	
261	537	
260	538	
260	539	
259	540	
260	541	
261	542	
260	543	
258	544	
258	545	
258	546	
259	547	
259	548	
259	549	
259	550	
257	551	
259	552	
258	553	
258	554	
259	555	
259	556	
258	557	
259	557	
258	558	
259	559	
259	560	
259	561	
260	561	
259	562	
260	562	
259	563	
259	564	
259	565	
260	566	
259	567	
259	568	
261	569	
261	570	
259	571	
260	572	
261	573	
261	574	
259	575	
259	576	
260	576	
259	577	
259	578	
259	579	
259	580	
259	581	
258	582	
258	583	
257	584	
257	585	
258	586	
258	587	
257	588	
257	589	
257	590	
257	591	
257	592	
257	593	
255	594	
255	595	
256	596	
256	597	
256	598	
256	599	
256	600	
256	601	
257	602	
256	603	
256	604	
255	605	
256	606	
257	606	
256	607	
254	608	
255	609	
255	610	
256	610	
255	611	
255	612	
255	613	
255	614	
255	615	
255	616	
254	617	
254	618	
254	619	
254	620	
254	621	
254	622	
254	623	
254	624	
253	625	
253	626	
254	627	
253	628	
254	628	
254	629	
254	630	
254	631	
254	632	
253	633	
254	634	
254	635	
253	636	
253	637	
253	638	
253	639	
252	640	
253	640	
253	641	
252	642	
253	643	
253	644	
253	645	
252	646	
252	647	
253	648	
253	649	
252	650	
253	650	
253	651	
253	652	
254	653	
252	654	
253	655	
253	656	
254	657	
253	658	
253	659	
254	660	
254	661	
253	662	
253	663	
253	664	
253	665	
254	665	
254	666	
254	667	
255	668	
254	669	
254	670	
255	671	
254	672	
255	673	
256	673	
256	674	
256	675	
255	676	
255	677	
255	678	
255	679	
254	680	
255	681	
255	682	
256	682	
255	683	
255	684	
255	685	
255	686	
256	687	
255	688	
256	688	
255	689	
255	690	
255	693	
256	694	
253	695	
253	696	
253	697	
255	698	
255	699	
255	700	
255	701	
255	702	
255	703	
255	704	
254	705	
253	706	
254	706	
255	707	
255	708	
255	709	
255	710	
256	713	
257	713	
256	714	
253	715	
253	716	
254	716	
255	717	
255	718	
254	719	
255	719	
254	720	
254	721	
254	722	
254	723	
255	723	
254	724	
254	725	
257	726	
256	727	
255	728	
254	729	
256	730	
255	731	
256	731	
255	732	
254	733	
256	733	
254	734	
257	735	
257	736	
254	737	
256	738	
256	739	
256	740	
256	741	
256	742	
255	743	
256	744	
256	745	
257	746	
257	747	
256	748	
256	749	
255	750	
256	751	
256	752	
256	753	
257	754	
257	755	
255	756	
256	756	
256	757	
257	758	
257	759	
257	760	
257	761	
257	762	
257	763	
257	764	
257	765	
256	766	
256	767	
256	768	
257	769	
258	769	
257	770	
256	771	
256	772	
257	773	
257	774	
258	775	
259	776	
259	777	
259	778	
259	779	
259	780	
258	781	
258	782	
258	783	
259	784	
258	785	
258	786	
259	786	
259	787	
260	788	
260	789	
260	790	
259	791	
259	792	
260	792	
260	793	
260	794	
261	795	
261	796	
261	797	
260	798	
261	799	
262	800	
261	801	
261	802	
262	803	
263	804	
262	805	
262	806	
262	807	
262	808	
262	809	
261	810	
262	811	
262	812	
261	813	
262	813	
262	814	
260	815	
260	816	
261	817	
263	817	
262	818	
262	819	
262	820	
260	821	
260	822	
262	823	
262	824	
261	825	
261	826	
261	827	
262	827	
261	828	
261	829	
261	830	
262	830	
262	831	
261	832	
262	833	
261	834	
260	835	
260	836	
261	837	
261	838	
260	839	
260	840	
261	841	
261	842	
261	843	
262	844	
262	845	
262	846	
261	847	
261	848	
260	849	
261	849	
261	850	
261	851	
261	852	
261	853	
261	854	
260	855	
261	856	
261	857	
261	858	
261	859	
261	860	
261	861	
261	862	
261	863	
261	864	
261	865	
261	866	
261	867	
262	868	
262	869	
262	870	
262	871	
261	872	
260	873	
260	874	
260	875	
260	876	
261	877	
261	878	
261	879	
261	880	
261	881	
262	881	
262	882	
260	883	
260	884	
260	885	
260	886	
261	887	
261	888	
261	889	
261	890	
261	891	
261	892	
260	893	
260	894	
263	895	
263	896	
262	897	
262	898	
263	899	
263	900	
263	901	
262	902	
261	903	
262	904	
262	905	
262	906	
262	907	
262	908	
263	908	
263	909	
263	910	
263	911	
262	912	
263	912	
263	913	
263	914	
264	915	
265	916	
262	917	
262	918	
262	919	
262	920	
262	921	
262	922	
262	923	
255	1007	
254	1008	
254	1011	
254	1043	
254	1044	
255	1045	
256	1045	
255	1046	
254	1047	
254	1048	
252	1077	
252	1078	
249	1095	
