348	98	
347	99	
348	99	
283	349	
283	350	
283	351	
283	352	
281	353	
281	354	
281	355	
281	356	
282	357	
282	358	
281	359	
281	360	
281	361	
282	362	
280	363	
280	364	
283	365	
282	366	
281	367	
281	368	
282	369	
282	370	
281	371	
282	371	
281	372	
282	373	
282	374	
282	375	
282	376	
282	377	
282	378	
282	379	
283	379	
282	380	
282	381	
282	382	
282	383	
282	384	
282	385	
283	386	
283	387	
283	388	
283	389	
282	390	
282	391	
282	392	
283	393	
284	394	
283	395	
283	396	
283	397	
284	398	
283	399	
283	400	
284	401	
284	402	
284	403	
283	404	
284	404	
283	405	
283	406	
283	407	
284	408	
284	409	
284	410	
284	411	
283	412	
283	413	
283	414	
283	415	
283	416	
283	417	
283	418	
277	419	
277	420	
275	421	
275	422	
274	423	
273	424	
275	425	
275	426	
275	427	
275	428	
275	429	
275	430	
275	431	
273	432	
273	433	
273	434	
273	435	
273	436	
273	437	
273	438	
273	439	
273	440	
273	441	
272	442	
272	443	
273	443	
272	444	
273	444	
273	445	
273	446	
272	447	
272	448	
272	449	
273	449	
271	450	
272	451	
271	452	
272	453	
272	454	
273	455	
272	456	
273	456	
272	457	
271	458	
273	459	
272	460	
272	461	
271	462	
272	463	
272	464	
273	465	
273	466	
273	467	
274	468	
273	469	
273	470	
273	471	
273	472	
272	473	
273	473	
272	474	
273	474	
273	475	
274	476	
273	477	
273	478	
273	479	
272	480	
272	481	
273	481	
272	482	
273	483	
273	484	
273	485	
272	486	
273	486	
273	487	
273	488	
272	489	
273	490	
272	491	
273	492	
273	493	
273	494	
273	495	
273	496	
274	497	
274	498	
273	499	
273	500	
273	501	
275	502	
274	503	
274	504	
274	505	
274	506	
274	507	
275	507	
275	508	
274	509	
274	510	
276	510	
274	511	
275	512	
275	513	
275	514	
275	515	
274	516	
276	516	
274	517	
274	518	
274	519	
273	520	
273	521	
273	522	
274	523	
272	524	
274	525	
273	526	
273	527	
273	528	
273	529	
272	530	
272	531	
272	532	
273	533	
272	534	
273	535	
273	536	
272	537	
273	537	
273	538	
272	539	
272	540	
271	541	
270	542	
270	543	
271	544	
272	545	
272	546	
271	547	
271	548	
271	549	
271	550	
271	551	
269	552	
270	553	
269	554	
268	555	
271	556	
270	557	
268	558	
269	559	
269	560	
269	561	
268	562	
268	563	
268	564	
268	565	
267	566	
267	567	
267	568	
267	569	
266	570	
267	571	
267	572	
267	573	
266	574	
266	575	
265	576	
266	577	
266	578	
266	579	
266	580	
265	581	
265	582	
264	583	
264	584	
264	585	
263	586	
264	587	
264	588	
264	589	
263	590	
263	591	
264	592	
263	593	
261	594	
261	595	
261	596	
261	597	
264	598	
263	599	
263	600	
263	601	
263	602	
262	603	
262	604	
263	604	
262	605	
262	606	
262	607	
262	608	
262	609	
261	610	
262	610	
261	611	
262	612	
263	613	
262	614	
262	615	
262	616	
261	617	
262	617	
261	618	
260	619	
261	620	
260	621	
261	622	
262	623	
259	624	
261	625	
260	626	
261	626	
260	627	
261	627	
260	628	
260	629	
260	630	
260	631	
261	631	
260	632	
261	633	
260	634	
260	635	
260	636	
260	637	
262	638	
261	639	
261	640	
262	641	
261	642	
262	643	
260	644	
260	645	
261	646	
261	647	
261	648	
261	649	
261	650	
261	651	
262	652	
261	653	
260	654	
261	654	
261	655	
261	656	
261	657	
261	658	
261	659	
260	660	
260	661	
260	662	
262	663	
261	664	
261	665	
261	666	
261	667	
262	667	
262	668	
261	669	
261	670	
262	671	
261	672	
262	672	
262	673	
262	674	
263	675	
262	676	
263	677	
263	678	
263	679	
262	680	
261	681	
262	681	
261	682	
262	683	
263	683	
263	684	
262	685	
262	686	
263	687	
263	688	
262	689	
263	690	
263	691	
262	692	
262	693	
263	694	
263	695	
262	696	
263	696	
262	697	
263	697	
262	698	
262	699	
262	700	
262	701	
263	702	
263	703	
263	704	
262	705	
262	706	
263	706	
263	707	
263	708	
263	709	
263	710	
263	711	
263	712	
262	713	
262	714	
262	715	
262	716	
261	717	
262	718	
262	719	
262	720	
262	721	
262	722	
263	723	
263	724	
263	725	
262	726	
263	727	
263	728	
263	729	
263	730	
263	731	
263	732	
262	733	
262	734	
262	735	
262	736	
263	737	
263	738	
263	739	
263	740	
262	741	
262	742	
263	743	
263	744	
263	745	
262	746	
262	747	
262	748	
262	749	
263	749	
263	750	
264	751	
263	752	
263	753	
262	754	
262	755	
263	756	
263	757	
263	758	
263	759	
263	760	
263	761	
263	762	
263	763	
263	764	
263	765	
263	766	
264	767	
265	768	
265	769	
264	770	
263	771	
263	772	
265	773	
265	774	
265	775	
264	776	
263	777	
263	778	
264	779	
265	780	
266	780	
266	781	
265	782	
266	782	
264	783	
264	784	
264	785	
265	786	
266	787	
265	788	
265	789	
265	790	
265	791	
265	792	
266	793	
267	794	
267	795	
267	796	
266	797	
266	798	
267	799	
268	800	
268	801	
268	802	
268	803	
268	804	
268	805	
267	806	
268	807	
268	808	
268	809	
268	810	
269	810	
269	811	
268	812	
268	813	
269	814	
268	815	
268	816	
269	817	
269	818	
269	819	
270	820	
269	821	
270	821	
269	822	
269	823	
269	824	
269	825	
268	826	
268	827	
269	828	
269	829	
268	830	
270	831	
267	832	
268	833	
268	834	
269	834	
268	835	
268	836	
269	836	
269	837	
268	838	
269	839	
268	840	
268	841	
268	842	
268	843	
269	843	
269	844	
268	845	
269	845	
268	846	
269	847	
269	848	
269	849	
269	850	
270	851	
270	852	
268	853	
269	853	
268	854	
268	855	
268	856	
268	857	
268	858	
268	859	
269	860	
269	861	
269	862	
269	863	
268	864	
268	865	
268	866	
268	867	
268	868	
269	868	
269	869	
270	870	
270	871	
270	872	
270	873	
269	874	
268	875	
268	876	
268	877	
268	878	
268	879	
268	880	
268	881	
268	882	
268	883	
268	884	
268	885	
269	885	
269	886	
268	887	
268	888	
269	889	
269	890	
270	891	
270	892	
270	893	
268	894	
268	895	
268	896	
268	897	
269	898	
269	899	
268	900	
268	901	
270	902	
268	903	
269	904	
270	905	
270	906	
268	907	
268	908	
271	909	
268	910	
268	911	
270	912	
271	913	
270	914	
270	915	
271	916	
271	917	
271	918	
271	919	
271	920	
270	921	
270	922	
270	923	
270	924	
271	939	
271	940	
269	942	
262	1039	
262	1040	
262	1041	
256	1091	
