283	348	
283	349	
283	350	
283	351	
283	352	
283	353	
283	354	
284	355	
284	356	
284	357	
284	358	
284	359	
283	360	
283	361	
283	362	
283	363	
283	364	
284	364	
283	365	
283	366	
284	367	
284	368	
284	369	
283	370	
283	371	
284	372	
284	373	
285	374	
285	375	
284	376	
284	377	
284	378	
285	379	
284	380	
284	381	
285	382	
284	383	
285	384	
285	385	
285	386	
285	387	
285	388	
285	389	
284	390	
285	390	
284	391	
285	392	
284	393	
285	393	
285	394	
285	395	
285	396	
285	397	
285	398	
285	399	
286	399	
286	400	
285	401	
285	402	
285	403	
285	404	
285	405	
285	406	
285	407	
286	408	
286	409	
286	410	
286	411	
285	412	
285	413	
286	413	
286	414	
285	415	
285	416	
285	417	
279	420	
277	421	
277	422	
277	423	
277	424	
277	425	
277	426	
277	427	
277	428	
275	429	
275	430	
275	431	
274	432	
275	433	
275	434	
276	435	
276	436	
276	437	
276	438	
275	439	
275	440	
275	441	
273	442	
273	443	
274	444	
274	445	
274	446	
275	447	
275	448	
275	449	
274	450	
274	451	
274	452	
275	453	
275	454	
274	455	
273	456	
274	456	
274	457	
274	458	
273	459	
274	460	
274	461	
274	462	
274	463	
273	464	
273	465	
274	466	
274	467	
275	468	
274	469	
274	470	
275	471	
275	472	
275	473	
275	474	
274	475	
275	476	
275	477	
276	478	
275	479	
275	480	
275	481	
275	482	
274	483	
274	484	
274	485	
275	486	
274	487	
274	488	
275	488	
274	489	
275	490	
274	491	
275	492	
275	493	
275	494	
275	495	
276	496	
275	497	
275	498	
275	499	
276	499	
276	500	
276	501	
276	502	
276	503	
276	504	
276	505	
276	506	
277	507	
276	508	
276	509	
276	510	
276	511	
276	512	
277	513	
277	514	
277	515	
277	516	
277	517	
277	518	
277	519	
277	520	
277	521	
275	522	
276	522	
276	523	
276	524	
276	525	
276	526	
276	527	
275	528	
277	529	
273	530	
273	531	
273	532	
274	533	
274	534	
275	535	
275	536	
274	537	
274	538	
274	539	
275	540	
275	541	
273	542	
274	543	
273	544	
274	544	
272	545	
272	546	
272	547	
272	548	
272	549	
272	550	
272	551	
271	552	
272	553	
272	554	
272	555	
271	556	
271	557	
270	558	
270	559	
271	560	
271	561	
271	562	
272	563	
272	564	
269	565	
270	565	
270	566	
270	567	
269	568	
269	569	
268	570	
267	571	
267	572	
268	573	
267	574	
267	575	
267	576	
267	577	
267	578	
267	579	
267	580	
267	581	
267	582	
266	583	
266	584	
266	585	
266	586	
266	587	
267	588	
267	589	
267	590	
266	591	
265	592	
263	593	
263	594	
264	595	
264	596	
264	597	
265	598	
264	599	
265	600	
264	601	
264	602	
265	603	
264	604	
264	605	
263	606	
264	607	
264	608	
265	609	
261	610	
262	611	
262	612	
263	612	
262	613	
263	614	
263	615	
264	616	
264	617	
262	618	
262	619	
262	620	
263	621	
263	622	
263	623	
262	624	
262	625	
261	626	
262	626	
261	627	
261	628	
261	629	
264	630	
263	631	
262	632	
261	633	
261	634	
261	635	
262	635	
261	636	
262	637	
262	638	
262	639	
262	640	
262	641	
262	642	
262	643	
263	643	
263	644	
262	645	
263	645	
262	646	
263	647	
263	648	
263	649	
263	650	
263	651	
264	652	
262	653	
262	654	
262	655	
263	656	
262	657	
262	658	
261	659	
262	659	
261	660	
262	661	
261	662	
261	663	
262	664	
263	665	
263	666	
263	667	
259	668	
261	669	
263	669	
263	670	
263	671	
264	672	
263	673	
263	674	
263	675	
264	676	
264	677	
264	678	
263	679	
263	680	
265	681	
266	682	
265	683	
265	684	
264	685	
263	686	
264	687	
264	688	
264	689	
264	690	
265	691	
264	692	
264	693	
265	694	
265	695	
264	696	
265	696	
264	697	
265	697	
265	698	
265	699	
265	700	
265	701	
264	702	
265	703	
265	704	
265	705	
264	706	
263	707	
264	708	
264	709	
265	709	
264	710	
264	711	
264	712	
264	713	
264	714	
264	715	
264	716	
265	717	
265	718	
265	719	
264	720	
264	721	
264	722	
264	723	
264	724	
264	725	
265	726	
265	727	
264	728	
264	729	
264	730	
264	731	
264	732	
264	733	
264	734	
263	735	
263	736	
264	737	
265	737	
266	738	
265	739	
264	740	
264	741	
264	742	
264	743	
264	744	
264	745	
264	746	
264	747	
264	748	
264	749	
264	750	
264	751	
264	752	
264	753	
264	754	
265	754	
264	755	
265	755	
265	756	
264	757	
264	758	
264	759	
264	760	
264	761	
265	762	
265	763	
265	764	
265	765	
265	766	
265	767	
265	768	
265	769	
265	770	
266	771	
264	772	
264	773	
267	774	
267	775	
266	776	
266	777	
266	778	
267	778	
267	779	
267	780	
265	781	
266	782	
266	783	
266	784	
267	785	
267	786	
267	787	
267	788	
268	789	
269	790	
267	791	
267	792	
268	793	
267	794	
268	794	
269	795	
269	796	
269	797	
269	798	
269	799	
269	800	
269	801	
270	801	
270	802	
271	803	
271	804	
271	805	
271	806	
271	807	
271	808	
270	809	
271	810	
271	811	
271	812	
272	813	
272	814	
272	815	
272	816	
271	817	
271	818	
271	819	
271	820	
272	821	
271	822	
271	823	
271	824	
271	825	
272	826	
272	827	
272	828	
272	829	
271	830	
272	831	
271	832	
271	833	
270	834	
270	835	
270	836	
270	837	
270	838	
271	838	
271	839	
270	840	
270	841	
271	841	
271	842	
270	843	
270	844	
270	845	
271	846	
270	847	
270	848	
270	849	
269	850	
270	850	
270	851	
270	852	
270	853	
270	854	
270	855	
270	856	
271	857	
271	858	
271	859	
271	860	
271	861	
271	862	
271	863	
270	864	
271	865	
271	866	
271	867	
271	868	
271	869	
271	870	
271	871	
271	872	
271	873	
271	874	
271	875	
271	876	
271	877	
271	878	
271	879	
270	880	
270	881	
270	882	
270	883	
270	884	
271	884	
270	885	
270	886	
270	887	
271	888	
271	889	
271	890	
271	891	
271	892	
271	893	
271	894	
271	895	
271	896	
271	897	
271	898	
271	899	
271	900	
271	901	
270	902	
271	902	
270	903	
270	904	
271	905	
271	906	
271	907	
272	908	
273	909	
273	910	
272	911	
271	912	
271	913	
272	914	
273	914	
273	915	
273	916	
273	917	
273	918	
273	919	
273	920	
273	921	
273	922	
272	923	
271	942	
270	943	
273	944	
271	948	
271	949	
273	959	
273	960	
273	961	
273	962	
260	1059	
