285	344	
285	345	
285	346	
285	347	
285	348	
285	349	
285	350	
285	351	
285	352	
285	353	
285	354	
285	355	
285	356	
285	357	
285	358	
285	359	
285	360	
285	361	
285	362	
285	363	
286	364	
285	365	
285	366	
286	367	
285	368	
285	369	
285	370	
285	371	
285	372	
285	373	
286	373	
286	374	
285	375	
286	376	
285	377	
286	377	
285	378	
286	379	
286	380	
287	381	
287	382	
287	383	
288	383	
288	384	
286	385	
287	386	
287	387	
286	388	
287	389	
287	390	
287	391	
287	392	
287	393	
287	394	
288	395	
288	396	
287	397	
287	398	
287	399	
288	400	
288	401	
287	402	
288	403	
287	404	
286	405	
286	406	
287	407	
287	408	
287	409	
287	410	
287	411	
287	412	
287	413	
287	414	
285	415	
285	416	
285	417	
281	418	
281	419	
279	421	
279	422	
277	423	
277	424	
277	425	
277	426	
277	427	
277	428	
279	429	
279	430	
277	431	
277	432	
277	433	
277	434	
277	435	
277	436	
278	437	
276	438	
277	439	
277	440	
276	441	
277	441	
275	442	
276	442	
275	443	
275	444	
276	445	
276	446	
276	447	
276	448	
275	449	
275	450	
275	451	
275	452	
275	453	
275	454	
275	455	
275	456	
275	457	
275	458	
276	459	
276	460	
275	461	
276	462	
276	463	
276	464	
276	465	
275	466	
277	467	
276	468	
276	469	
276	470	
276	471	
275	472	
277	472	
277	473	
275	474	
276	475	
277	476	
277	477	
275	478	
275	479	
276	480	
275	481	
276	482	
275	483	
276	484	
275	485	
276	486	
276	487	
275	488	
276	488	
276	489	
277	490	
276	491	
277	492	
276	493	
276	494	
276	495	
277	495	
277	496	
277	497	
276	498	
278	498	
277	499	
277	500	
277	501	
277	502	
278	503	
278	504	
278	505	
278	506	
279	507	
279	508	
279	509	
278	510	
278	511	
278	512	
278	513	
278	514	
278	515	
278	516	
279	517	
278	518	
278	519	
278	520	
279	520	
279	521	
279	522	
280	523	
278	524	
279	525	
278	526	
279	527	
278	528	
278	529	
278	530	
277	531	
277	532	
277	533	
275	534	
277	535	
277	536	
277	537	
275	538	
277	539	
277	540	
277	541	
277	542	
275	543	
275	544	
275	545	
275	546	
275	547	
274	548	
275	549	
274	550	
274	551	
274	552	
273	553	
272	554	
274	555	
274	556	
273	557	
273	558	
273	559	
272	560	
273	560	
273	561	
273	562	
272	563	
273	564	
272	565	
272	566	
271	567	
271	568	
271	569	
269	570	
270	571	
270	572	
270	573	
269	574	
268	575	
269	576	
268	577	
269	578	
267	579	
267	580	
267	581	
267	582	
268	583	
268	584	
268	585	
268	586	
268	587	
265	588	
266	589	
266	590	
266	591	
267	592	
267	593	
266	594	
267	595	
266	596	
266	597	
265	598	
266	598	
266	599	
266	600	
266	601	
267	601	
266	602	
266	603	
266	604	
266	605	
266	606	
265	607	
266	608	
266	609	
266	610	
266	611	
267	611	
265	612	
265	613	
265	614	
265	615	
265	616	
265	617	
265	618	
264	619	
264	620	
264	621	
264	622	
264	623	
264	624	
264	625	
265	626	
265	627	
265	628	
265	629	
265	630	
264	631	
265	632	
266	633	
266	634	
265	635	
265	636	
264	637	
264	638	
264	639	
264	640	
265	640	
264	641	
264	642	
264	643	
264	644	
262	645	
264	646	
263	647	
263	648	
264	648	
263	649	
264	650	
264	651	
265	651	
265	652	
264	653	
264	654	
263	655	
264	655	
263	656	
263	657	
264	657	
263	658	
263	659	
264	660	
263	661	
263	662	
263	663	
263	664	
263	665	
263	666	
263	667	
264	668	
265	669	
265	670	
265	671	
263	672	
265	673	
265	674	
263	675	
263	676	
266	677	
265	678	
265	679	
266	680	
266	681	
266	682	
266	683	
267	684	
266	685	
267	685	
267	686	
266	687	
265	688	
266	689	
266	690	
266	691	
266	692	
267	693	
266	694	
266	695	
267	696	
266	697	
266	698	
267	698	
266	699	
266	700	
266	701	
267	702	
266	703	
266	704	
266	705	
267	705	
266	706	
266	707	
266	708	
267	708	
266	709	
267	709	
267	710	
267	711	
267	712	
266	713	
266	714	
266	715	
267	716	
266	717	
266	718	
266	719	
266	720	
266	721	
266	722	
266	723	
267	724	
267	725	
266	726	
266	727	
266	728	
265	729	
265	730	
265	731	
265	732	
266	733	
266	734	
266	735	
266	736	
266	737	
265	738	
266	739	
266	740	
266	741	
266	742	
265	743	
265	744	
264	745	
266	746	
266	747	
265	748	
266	748	
267	749	
266	750	
266	751	
265	752	
264	753	
264	754	
266	755	
266	756	
267	757	
267	758	
266	759	
266	760	
266	761	
266	762	
265	763	
267	764	
267	765	
267	766	
267	767	
266	768	
267	768	
267	769	
266	770	
267	771	
267	772	
269	773	
269	774	
267	775	
267	776	
266	777	
267	777	
266	778	
268	779	
268	780	
269	780	
268	781	
268	782	
268	783	
268	784	
267	785	
267	786	
268	787	
267	788	
270	789	
271	789	
270	790	
270	791	
268	792	
269	793	
269	794	
269	795	
271	796	
270	797	
271	798	
271	799	
271	800	
271	801	
271	802	
271	803	
270	804	
270	805	
273	806	
272	807	
273	807	
272	808	
272	809	
272	810	
272	811	
273	811	
273	812	
273	813	
272	814	
273	814	
273	815	
273	816	
273	817	
273	818	
273	819	
273	820	
273	821	
273	822	
273	823	
273	824	
273	825	
272	826	
272	827	
273	827	
272	828	
273	829	
273	830	
272	831	
273	832	
273	833	
273	834	
273	835	
273	836	
273	837	
273	838	
272	839	
272	840	
271	841	
272	841	
272	842	
272	843	
273	843	
273	844	
272	845	
273	846	
273	847	
273	848	
273	849	
272	850	
273	851	
272	852	
272	853	
273	854	
272	855	
273	856	
273	857	
273	858	
273	859	
273	860	
272	861	
271	862	
272	862	
273	863	
273	864	
273	865	
273	866	
273	867	
270	868	
273	869	
271	870	
272	870	
273	870	
273	871	
273	872	
273	873	
272	874	
272	875	
272	876	
272	877	
272	878	
272	879	
272	880	
272	881	
273	882	
273	883	
271	884	
274	885	
271	886	
271	887	
271	888	
272	889	
273	889	
273	890	
273	891	
273	892	
272	893	
272	894	
272	895	
272	896	
272	897	
272	898	
273	899	
273	900	
273	901	
273	902	
272	903	
273	904	
273	905	
273	906	
273	907	
272	908	
272	909	
272	910	
273	911	
272	912	
272	913	
272	914	
273	914	
273	915	
273	916	
273	917	
273	918	
273	919	
273	920	
274	921	
275	922	
275	923	
275	934	
275	935	
275	936	
274	937	
275	938	
276	939	
275	940	
273	941	
273	942	
275	943	
275	944	
275	945	
273	946	
274	947	
274	948	
275	949	
275	950	
274	961	
274	962	
274	963	
262	1079	
260	1081	
