356	73	
356	74	
291	333	
293	334	
293	335	
293	336	
293	337	
293	338	
293	339	
293	340	
293	341	
293	342	
293	343	
293	344	
292	345	
292	346	
293	347	
293	348	
293	349	
292	350	
293	351	
292	352	
293	352	
292	353	
292	354	
293	355	
293	356	
293	357	
293	358	
293	359	
293	360	
293	361	
293	362	
293	363	
294	364	
293	365	
294	366	
293	367	
293	368	
295	369	
295	370	
295	371	
294	372	
294	373	
295	373	
294	374	
294	375	
294	376	
295	377	
295	378	
295	379	
295	380	
295	381	
294	382	
295	382	
295	383	
295	384	
295	385	
295	386	
295	387	
295	388	
295	389	
295	390	
295	391	
295	392	
295	393	
294	394	
295	394	
295	395	
294	396	
295	397	
295	398	
295	399	
295	400	
295	401	
293	402	
293	403	
293	404	
293	405	
293	406	
293	407	
293	408	
293	409	
293	410	
293	411	
293	412	
293	413	
293	414	
293	415	
293	416	
293	417	
293	418	
293	419	
292	420	
287	421	
289	422	
287	423	
287	424	
285	425	
285	426	
285	427	
287	428	
287	429	
285	430	
286	431	
285	432	
286	432	
285	433	
285	434	
286	435	
285	436	
285	437	
285	438	
284	439	
283	440	
283	441	
283	442	
284	443	
284	444	
284	445	
285	445	
284	446	
285	447	
285	448	
285	449	
284	450	
283	451	
284	452	
284	453	
284	454	
284	455	
284	456	
283	457	
284	458	
283	459	
285	459	
285	460	
283	461	
284	462	
283	463	
284	464	
283	465	
283	466	
282	467	
283	467	
284	468	
284	469	
284	470	
284	471	
283	472	
284	473	
284	474	
284	475	
284	476	
283	477	
284	478	
283	479	
284	480	
284	481	
285	482	
283	483	
283	484	
284	485	
284	486	
284	487	
284	488	
285	488	
284	489	
284	490	
284	491	
284	492	
284	493	
284	494	
284	495	
284	496	
285	497	
285	498	
285	499	
284	500	
285	501	
286	501	
284	502	
284	503	
286	504	
285	505	
286	506	
285	507	
285	508	
285	509	
284	510	
285	511	
285	512	
286	513	
286	514	
286	515	
286	516	
285	517	
286	518	
285	519	
287	520	
286	521	
287	522	
287	523	
285	524	
285	525	
285	526	
285	527	
286	528	
285	529	
286	530	
286	531	
285	532	
285	533	
277	534	
283	535	
285	536	
285	537	
283	538	
283	539	
283	540	
283	541	
281	543	
281	544	
282	544	
281	545	
283	545	
282	546	
282	547	
282	548	
282	549	
281	550	
281	551	
280	552	
280	553	
280	554	
280	555	
280	556	
280	557	
279	558	
279	559	
279	560	
279	561	
279	562	
279	563	
277	564	
278	565	
277	566	
277	567	
277	568	
277	569	
274	570	
275	571	
275	572	
275	573	
275	574	
276	575	
276	576	
275	577	
275	578	
275	579	
275	580	
275	581	
275	582	
275	583	
274	584	
274	585	
275	585	
275	586	
275	587	
275	588	
275	589	
275	590	
275	591	
274	592	
274	593	
273	594	
273	595	
273	596	
273	597	
273	598	
273	599	
272	600	
273	601	
273	602	
272	603	
273	604	
273	605	
272	606	
273	607	
272	608	
272	609	
272	610	
271	611	
272	611	
271	612	
271	613	
272	614	
273	614	
272	615	
273	616	
272	617	
272	618	
272	619	
273	619	
272	620	
272	621	
273	622	
273	623	
271	624	
271	625	
270	626	
269	627	
269	628	
271	629	
272	629	
271	630	
271	631	
271	632	
270	633	
271	633	
270	634	
270	635	
270	636	
269	637	
270	638	
270	639	
270	640	
270	641	
271	642	
270	643	
272	644	
271	645	
272	646	
272	647	
271	648	
270	649	
270	650	
270	651	
270	652	
270	653	
270	654	
270	655	
271	656	
270	657	
270	658	
270	659	
271	660	
270	661	
271	662	
271	663	
270	664	
269	665	
270	666	
270	667	
270	668	
270	669	
271	670	
271	671	
270	672	
271	672	
271	673	
271	674	
271	675	
272	676	
271	677	
272	677	
271	678	
270	679	
270	680	
270	681	
271	682	
270	683	
271	683	
269	684	
273	685	
273	686	
272	687	
272	688	
273	689	
272	690	
272	691	
272	692	
272	693	
272	694	
275	695	
274	696	
273	697	
272	698	
273	699	
272	700	
272	701	
272	702	
274	703	
274	704	
273	705	
272	706	
273	707	
273	708	
273	709	
273	710	
273	711	
273	712	
273	713	
272	714	
273	714	
273	715	
274	716	
273	717	
273	718	
273	719	
273	720	
273	721	
272	722	
272	723	
272	724	
273	725	
272	726	
273	727	
273	728	
273	729	
273	730	
273	731	
273	732	
272	733	
273	733	
271	734	
273	734	
272	735	
272	736	
273	736	
273	737	
273	738	
273	739	
273	740	
273	741	
273	742	
273	743	
272	744	
272	745	
272	746	
272	747	
273	748	
272	749	
273	750	
273	751	
273	752	
272	753	
273	754	
271	755	
272	756	
272	757	
273	758	
273	759	
272	760	
272	761	
273	762	
273	763	
272	764	
272	765	
273	766	
272	767	
273	768	
274	769	
274	770	
273	771	
274	771	
273	772	
274	772	
274	773	
275	774	
275	775	
275	776	
275	777	
274	778	
274	779	
275	780	
275	781	
275	782	
275	783	
276	784	
275	785	
276	785	
276	786	
275	787	
274	788	
274	789	
274	790	
277	791	
277	792	
275	793	
275	794	
275	795	
276	796	
277	797	
277	798	
277	799	
278	800	
276	801	
276	802	
276	803	
277	804	
279	805	
279	806	
279	807	
278	808	
279	809	
280	809	
280	810	
279	811	
279	812	
279	813	
279	814	
280	814	
280	815	
280	816	
280	817	
280	818	
280	819	
281	820	
282	821	
282	822	
281	823	
280	824	
282	825	
280	826	
281	826	
280	827	
281	827	
281	828	
281	829	
281	830	
281	831	
280	832	
281	832	
280	833	
280	834	
280	835	
280	836	
280	837	
281	837	
281	838	
281	839	
281	840	
281	841	
281	842	
281	843	
280	844	
280	845	
280	846	
280	847	
280	848	
280	849	
281	850	
280	851	
280	852	
281	853	
280	854	
279	855	
279	856	
280	857	
280	858	
281	859	
280	860	
280	861	
280	862	
281	862	
280	863	
280	864	
280	865	
280	866	
280	867	
280	868	
280	869	
281	870	
280	871	
280	872	
280	873	
280	874	
278	875	
278	876	
281	877	
280	878	
280	879	
280	880	
280	881	
281	882	
281	883	
280	884	
281	884	
280	885	
280	886	
280	887	
280	888	
280	889	
280	890	
279	891	
280	892	
280	893	
280	894	
280	895	
280	896	
281	896	
280	897	
280	898	
279	899	
280	899	
279	900	
280	901	
281	902	
281	903	
281	904	
281	905	
282	906	
281	907	
281	908	
281	909	
279	910	
280	911	
280	912	
281	913	
281	914	
280	915	
280	916	
281	917	
281	918	
281	919	
281	920	
282	921	
282	922	
282	923	
282	924	
283	945	
282	946	
281	947	
281	948	
282	949	
282	950	
282	951	
282	952	
281	953	
274	1038	
275	1039	
272	1051	
270	1059	
268	1077	
268	1078	
266	1083	
268	1085	
268	1086	
269	1087	
