295	334	
295	335	
295	336	
295	337	
295	338	
295	339	
295	340	
295	341	
295	342	
295	343	
295	344	
294	345	
295	345	
294	346	
294	347	
294	348	
294	349	
294	350	
293	351	
293	352	
293	353	
295	353	
295	354	
295	355	
295	356	
295	357	
294	358	
294	359	
294	360	
294	361	
295	362	
295	363	
295	364	
295	365	
295	366	
296	367	
296	368	
296	369	
295	370	
295	371	
295	372	
296	373	
296	374	
297	375	
296	376	
297	376	
296	377	
295	378	
295	379	
296	380	
297	381	
297	382	
297	383	
296	384	
295	385	
296	385	
296	386	
297	387	
297	388	
295	389	
295	390	
295	391	
295	392	
295	393	
295	394	
295	395	
295	396	
295	397	
295	398	
296	398	
296	399	
295	400	
295	401	
293	402	
295	403	
293	404	
293	405	
293	406	
294	407	
295	408	
295	409	
295	410	
294	411	
295	411	
294	412	
293	413	
293	414	
294	415	
294	416	
294	417	
293	418	
293	419	
293	420	
293	421	
289	423	
289	424	
289	425	
289	426	
289	427	
289	428	
288	429	
288	430	
288	431	
288	432	
288	433	
287	434	
287	435	
286	436	
286	437	
286	438	
287	439	
287	440	
287	441	
287	442	
287	443	
286	444	
286	445	
286	446	
285	447	
286	448	
286	449	
286	450	
285	451	
285	452	
286	453	
286	454	
285	455	
285	456	
286	457	
286	458	
286	459	
285	460	
286	460	
286	461	
284	462	
286	462	
285	463	
285	464	
285	465	
285	466	
285	467	
284	468	
285	468	
285	469	
285	470	
285	471	
285	472	
286	473	
286	474	
286	475	
286	476	
286	477	
286	478	
285	479	
286	479	
286	480	
286	481	
287	482	
287	483	
286	484	
286	485	
286	486	
286	487	
287	488	
286	489	
286	490	
286	491	
287	492	
286	493	
286	494	
286	495	
286	496	
285	497	
286	498	
286	499	
286	500	
287	501	
285	502	
286	503	
287	504	
287	505	
287	506	
288	507	
288	508	
287	509	
286	510	
287	511	
287	512	
287	513	
286	514	
287	515	
287	516	
286	517	
286	518	
287	519	
288	520	
287	521	
287	522	
288	523	
287	524	
287	525	
287	526	
287	527	
288	527	
288	528	
287	529	
287	530	
287	531	
286	532	
286	533	
286	534	
285	535	
285	536	
283	537	
283	538	
283	539	
285	540	
285	541	
282	542	
285	542	
285	543	
284	544	
283	545	
283	546	
283	547	
284	548	
284	549	
283	550	
283	551	
283	552	
282	553	
281	554	
282	555	
281	556	
282	557	
281	558	
281	559	
281	560	
279	561	
279	562	
279	563	
277	564	
277	565	
279	566	
279	567	
277	568	
279	568	
277	569	
277	570	
278	571	
278	572	
278	573	
277	574	
277	575	
276	576	
277	577	
276	578	
275	579	
276	580	
277	581	
275	582	
275	583	
275	584	
276	584	
275	585	
277	586	
277	587	
277	588	
274	589	
274	590	
274	591	
276	592	
275	593	
275	594	
275	595	
275	596	
276	597	
273	598	
275	599	
274	600	
274	601	
274	602	
274	603	
273	604	
274	604	
273	605	
274	606	
274	607	
273	608	
274	608	
274	609	
273	610	
274	610	
273	611	
274	612	
275	613	
275	614	
273	615	
274	615	
273	616	
273	617	
274	618	
273	619	
273	620	
273	621	
273	622	
273	623	
273	624	
273	625	
273	626	
273	627	
272	628	
272	629	
272	630	
271	631	
271	632	
271	633	
271	634	
272	635	
272	636	
271	637	
273	638	
273	639	
273	640	
271	641	
272	642	
271	643	
272	643	
270	644	
273	645	
272	646	
271	647	
272	648	
272	649	
272	650	
273	650	
272	651	
272	652	
272	653	
272	654	
271	655	
271	656	
271	657	
271	658	
272	659	
273	660	
272	661	
272	662	
271	663	
272	664	
271	665	
270	666	
271	667	
271	668	
272	668	
271	669	
272	669	
272	670	
273	671	
271	672	
272	673	
272	674	
273	675	
272	676	
272	677	
272	678	
273	678	
272	679	
272	680	
271	681	
271	682	
271	683	
272	684	
273	685	
273	686	
274	687	
274	688	
274	689	
274	690	
275	691	
275	692	
276	693	
276	694	
274	695	
273	696	
275	697	
275	698	
276	699	
276	700	
275	701	
274	702	
274	703	
275	704	
275	705	
275	706	
275	707	
275	708	
276	709	
275	710	
276	710	
274	711	
273	712	
274	713	
274	714	
275	714	
275	715	
275	716	
275	717	
273	718	
275	718	
275	719	
274	720	
274	721	
274	722	
274	723	
274	724	
274	725	
274	726	
275	727	
275	728	
275	729	
275	730	
274	731	
273	732	
274	733	
274	734	
273	735	
274	735	
273	736	
275	737	
275	738	
275	739	
275	740	
274	741	
274	742	
275	743	
274	744	
275	745	
273	746	
273	747	
273	748	
275	749	
275	750	
275	751	
275	752	
274	753	
274	754	
274	755	
274	756	
274	757	
274	758	
275	759	
275	760	
275	761	
275	762	
274	763	
275	763	
276	764	
276	765	
274	766	
275	767	
274	768	
275	768	
275	769	
275	770	
275	771	
275	772	
274	773	
274	774	
275	775	
275	776	
276	777	
277	778	
276	779	
277	779	
276	780	
276	781	
276	782	
277	783	
277	784	
277	785	
278	786	
277	787	
277	788	
278	789	
278	790	
276	791	
276	792	
277	793	
277	794	
278	795	
278	796	
278	797	
278	798	
278	799	
277	800	
278	801	
279	802	
280	803	
280	804	
281	805	
281	806	
281	807	
278	808	
279	809	
280	810	
280	811	
281	812	
282	813	
282	814	
283	814	
283	815	
283	816	
283	817	
282	818	
283	819	
283	820	
283	821	
283	822	
283	823	
282	824	
282	825	
282	826	
282	827	
282	828	
282	829	
282	830	
282	831	
282	832	
282	833	
282	834	
281	835	
283	836	
283	837	
282	838	
282	839	
282	840	
282	841	
282	842	
282	843	
282	844	
282	845	
282	846	
282	847	
282	848	
282	849	
283	850	
282	851	
282	852	
281	853	
282	854	
281	855	
281	856	
282	857	
281	858	
281	859	
281	860	
281	861	
281	862	
281	863	
282	864	
280	865	
281	865	
282	865	
282	866	
280	867	
280	868	
282	868	
281	869	
281	870	
281	871	
280	872	
281	873	
283	874	
283	875	
280	876	
280	877	
281	878	
282	879	
281	880	
281	881	
282	882	
282	883	
283	884	
283	885	
283	886	
283	887	
283	888	
282	889	
282	890	
281	891	
282	891	
282	892	
283	893	
283	894	
283	895	
283	896	
282	897	
282	898	
283	898	
282	899	
282	900	
283	901	
283	902	
283	903	
283	904	
281	905	
281	906	
281	907	
282	908	
282	909	
282	910	
282	911	
283	912	
283	913	
282	914	
282	915	
282	916	
282	917	
282	918	
283	919	
283	920	
283	921	
283	922	
283	923	
283	924	
283	946	
284	946	
284	947	
282	948	
282	949	
282	950	
283	951	
284	952	
283	953	
277	1032	
276	1033	
270	1085	
269	1086	
