295	332	
295	333	
295	334	
295	335	
295	336	
296	337	
296	338	
296	339	
295	340	
295	341	
295	342	
295	343	
295	344	
295	345	
295	346	
295	347	
295	348	
296	348	
296	349	
297	350	
297	351	
296	352	
295	353	
295	354	
295	355	
296	356	
296	357	
297	358	
296	359	
296	360	
296	361	
296	362	
295	363	
295	364	
296	365	
297	365	
297	366	
297	367	
297	368	
297	369	
297	370	
297	371	
297	372	
298	373	
298	374	
297	375	
298	376	
297	377	
297	378	
297	379	
297	380	
297	381	
296	382	
297	383	
297	384	
297	385	
297	386	
297	387	
297	388	
297	389	
297	390	
297	391	
297	392	
297	393	
297	394	
297	395	
295	396	
295	397	
297	398	
296	399	
296	400	
297	401	
297	402	
295	403	
297	403	
295	404	
295	405	
295	406	
295	407	
295	408	
295	409	
295	410	
293	411	
293	412	
295	413	
295	414	
295	415	
295	416	
295	417	
295	418	
295	419	
294	420	
295	421	
293	422	
293	423	
289	424	
289	425	
289	426	
289	427	
289	428	
290	429	
289	430	
289	431	
290	431	
289	432	
287	433	
288	434	
289	435	
289	436	
289	437	
289	438	
288	439	
288	440	
288	441	
288	442	
288	443	
288	444	
288	445	
287	446	
287	447	
287	448	
287	449	
288	450	
288	451	
288	452	
288	453	
287	454	
287	455	
288	456	
287	457	
287	458	
287	459	
288	460	
287	461	
287	462	
287	463	
287	464	
288	465	
287	466	
286	467	
286	468	
286	469	
287	470	
287	471	
287	472	
287	473	
287	474	
288	474	
286	475	
287	476	
287	477	
286	478	
287	478	
287	479	
287	480	
286	481	
287	482	
286	483	
286	484	
287	485	
288	486	
287	487	
287	488	
288	489	
287	490	
288	491	
288	492	
287	493	
286	494	
286	495	
287	496	
288	497	
287	498	
288	498	
287	499	
287	500	
288	501	
287	502	
287	503	
288	503	
287	504	
287	505	
287	506	
288	507	
288	508	
288	509	
287	510	
289	511	
288	512	
288	513	
288	514	
288	515	
288	516	
288	517	
288	518	
288	519	
288	520	
288	521	
288	522	
288	523	
288	524	
288	525	
288	526	
288	527	
287	528	
287	529	
287	530	
289	531	
289	532	
285	533	
285	534	
285	535	
286	536	
287	537	
285	538	
285	539	
284	540	
285	541	
285	542	
285	543	
285	544	
284	545	
284	546	
285	547	
283	548	
284	549	
284	550	
283	551	
284	551	
284	552	
284	553	
283	554	
283	555	
283	556	
283	557	
283	558	
283	559	
279	561	
279	562	
279	563	
281	564	
281	565	
281	566	
278	567	
278	568	
278	569	
279	570	
279	571	
279	572	
279	573	
279	574	
279	575	
278	576	
277	577	
277	578	
277	579	
277	580	
277	581	
275	582	
275	583	
277	584	
276	585	
277	585	
277	586	
277	587	
277	588	
277	589	
276	590	
276	591	
276	592	
276	593	
274	594	
276	595	
276	596	
275	597	
276	598	
276	599	
275	600	
275	601	
276	602	
276	603	
275	604	
275	605	
274	606	
276	607	
276	608	
275	609	
275	610	
275	611	
276	612	
275	613	
275	614	
274	615	
274	616	
274	617	
273	618	
275	619	
275	620	
275	621	
274	622	
274	623	
274	624	
275	625	
272	626	
272	627	
273	628	
273	629	
272	630	
274	630	
272	631	
273	632	
272	633	
272	634	
272	635	
272	636	
273	637	
273	638	
273	639	
272	640	
272	641	
272	642	
272	643	
274	643	
273	644	
272	645	
272	646	
272	647	
273	648	
273	649	
272	650	
273	650	
273	651	
273	652	
273	653	
273	654	
273	655	
273	656	
273	657	
273	658	
273	659	
272	660	
273	661	
273	662	
273	663	
273	664	
273	665	
273	666	
273	667	
274	668	
274	669	
273	670	
273	671	
273	672	
273	673	
273	674	
274	675	
273	676	
273	677	
272	678	
273	679	
272	680	
272	681	
272	682	
272	683	
273	684	
274	685	
275	686	
275	687	
275	688	
274	689	
274	690	
274	691	
275	692	
276	693	
276	694	
276	695	
277	695	
276	696	
276	697	
276	698	
276	699	
277	700	
274	701	
275	702	
275	703	
275	704	
275	705	
277	706	
277	707	
276	708	
275	709	
275	710	
275	711	
275	712	
275	713	
275	714	
275	715	
274	716	
274	717	
274	718	
274	719	
274	720	
274	721	
274	722	
275	722	
274	723	
277	724	
277	725	
277	726	
277	727	
274	728	
274	729	
275	729	
274	730	
275	731	
275	732	
275	733	
274	734	
274	735	
275	736	
275	737	
276	738	
275	739	
276	740	
276	741	
275	742	
275	743	
275	744	
275	745	
274	746	
275	747	
276	747	
275	748	
275	749	
275	750	
275	751	
275	752	
274	753	
274	754	
276	755	
275	756	
275	757	
274	758	
275	759	
276	759	
274	760	
274	761	
274	762	
275	762	
277	763	
277	764	
277	765	
277	766	
277	767	
276	768	
277	769	
277	770	
276	771	
276	772	
276	773	
276	774	
277	775	
277	776	
277	777	
276	778	
277	778	
277	779	
277	780	
276	781	
276	782	
277	783	
278	784	
278	785	
277	786	
278	787	
278	788	
278	789	
278	790	
277	791	
278	792	
278	793	
279	794	
280	795	
280	796	
279	797	
278	798	
280	799	
280	800	
281	800	
280	801	
280	802	
280	803	
281	804	
281	805	
281	806	
281	807	
281	808	
280	809	
283	810	
282	811	
283	812	
283	813	
283	814	
283	815	
283	816	
282	817	
282	818	
283	819	
283	820	
284	821	
284	822	
284	823	
284	824	
283	825	
283	826	
283	827	
283	828	
282	829	
282	830	
282	831	
284	832	
283	833	
284	834	
284	835	
282	836	
282	837	
283	838	
282	839	
282	840	
282	841	
282	842	
282	843	
282	844	
282	845	
282	846	
282	847	
282	848	
282	849	
283	850	
283	851	
283	852	
283	853	
283	854	
282	855	
283	855	
283	856	
283	857	
282	858	
282	859	
282	860	
282	861	
282	862	
282	863	
282	864	
282	865	
282	866	
283	867	
283	868	
283	869	
283	870	
282	871	
283	871	
282	872	
283	873	
283	874	
281	875	
281	876	
283	877	
283	878	
283	879	
283	880	
283	881	
283	882	
284	883	
282	884	
282	885	
282	886	
283	887	
283	888	
283	889	
283	890	
283	891	
284	892	
284	893	
283	894	
283	895	
283	896	
282	897	
282	898	
282	899	
282	900	
282	901	
284	902	
285	903	
285	904	
285	905	
285	906	
285	907	
285	908	
283	909	
284	910	
284	911	
283	912	
284	913	
283	914	
283	915	
283	916	
285	917	
285	918	
285	919	
285	920	
284	921	
284	922	
285	923	
285	924	
285	925	
284	946	
284	947	
285	948	
285	949	
285	950	
285	951	
285	952	
278	1038	
278	1039	
270	1081	
