297	330	
297	331	
297	332	
298	333	
298	334	
297	335	
296	336	
297	336	
295	337	
296	338	
297	338	
297	339	
297	340	
295	341	
296	342	
297	343	
297	344	
297	345	
297	346	
297	347	
298	348	
298	349	
297	350	
297	351	
298	352	
298	353	
298	354	
297	355	
298	356	
298	357	
298	358	
298	359	
298	360	
298	361	
298	362	
298	363	
298	364	
297	365	
297	366	
297	367	
298	367	
298	368	
299	369	
299	370	
299	371	
299	372	
299	373	
298	374	
298	375	
298	376	
299	377	
299	378	
299	379	
299	380	
299	381	
299	382	
299	383	
299	384	
299	385	
299	386	
297	387	
297	388	
299	389	
299	390	
299	391	
297	392	
297	393	
297	394	
298	395	
298	396	
298	397	
297	398	
296	399	
296	400	
297	401	
297	402	
297	403	
297	404	
297	405	
297	406	
297	407	
297	408	
297	409	
297	410	
297	411	
297	412	
297	413	
295	414	
297	415	
297	416	
297	417	
297	418	
297	419	
297	420	
297	421	
294	423	
291	424	
293	425	
293	426	
291	427	
291	428	
291	429	
292	430	
291	431	
291	432	
291	433	
291	434	
290	435	
290	436	
291	437	
290	438	
290	439	
289	440	
289	441	
289	442	
289	443	
289	444	
289	445	
288	446	
288	447	
288	448	
289	449	
289	450	
289	451	
290	451	
289	452	
289	453	
288	454	
289	454	
289	455	
288	456	
288	457	
289	458	
289	459	
289	460	
288	461	
289	462	
289	463	
289	464	
289	465	
289	466	
289	467	
288	468	
288	469	
288	470	
289	471	
289	472	
289	473	
290	474	
288	475	
288	476	
288	477	
288	478	
289	479	
289	480	
288	481	
289	482	
289	483	
289	484	
288	485	
289	485	
289	486	
289	487	
288	488	
289	489	
289	490	
288	491	
289	492	
288	493	
289	494	
289	495	
289	496	
288	497	
289	498	
289	499	
290	500	
288	501	
288	502	
289	502	
289	503	
289	504	
288	505	
288	506	
289	507	
290	508	
289	509	
289	510	
290	511	
289	512	
288	513	
287	514	
288	515	
290	516	
289	517	
289	518	
290	518	
290	519	
290	520	
289	521	
290	521	
289	522	
289	523	
290	524	
290	525	
290	526	
291	527	
271	528	
289	529	
289	530	
289	531	
289	532	
288	533	
287	534	
287	535	
288	535	
288	536	
288	537	
288	538	
288	539	
287	540	
287	541	
285	542	
285	543	
286	544	
286	545	
286	546	
286	547	
286	548	
286	549	
286	550	
286	551	
286	552	
285	553	
285	554	
285	555	
285	556	
282	557	
281	558	
282	559	
283	560	
283	561	
283	562	
283	563	
279	564	
279	565	
279	566	
280	567	
280	568	
280	569	
279	570	
279	571	
279	572	
279	573	
280	574	
278	575	
278	576	
279	577	
279	578	
279	579	
279	580	
279	581	
279	582	
279	583	
279	584	
279	585	
278	586	
278	587	
278	588	
278	589	
277	590	
278	591	
277	592	
277	593	
277	594	
277	595	
277	596	
278	597	
277	598	
277	599	
276	600	
277	601	
277	602	
276	603	
277	604	
277	605	
277	606	
277	607	
277	608	
276	609	
275	610	
276	611	
276	612	
276	613	
277	614	
277	615	
278	616	
276	617	
276	618	
276	619	
277	620	
275	621	
276	622	
276	623	
276	624	
274	625	
274	626	
274	627	
274	628	
274	629	
273	630	
274	630	
275	630	
275	631	
274	632	
275	632	
274	633	
275	633	
275	634	
275	635	
274	636	
275	637	
274	638	
275	639	
274	640	
275	641	
275	642	
275	643	
274	644	
274	645	
274	646	
274	647	
274	648	
274	649	
274	650	
274	651	
274	652	
275	653	
275	654	
274	655	
275	656	
274	657	
275	657	
274	658	
274	659	
274	660	
274	661	
273	662	
273	663	
274	664	
274	665	
275	666	
276	667	
274	668	
274	669	
275	670	
273	671	
273	672	
273	673	
273	674	
275	675	
274	676	
275	677	
275	678	
274	679	
275	680	
274	681	
275	682	
274	683	
275	683	
275	684	
276	685	
277	686	
277	687	
275	688	
276	689	
276	690	
277	691	
277	692	
278	692	
276	693	
276	694	
277	695	
277	696	
277	697	
277	698	
277	699	
277	700	
278	700	
277	701	
278	702	
277	703	
276	704	
277	705	
276	706	
276	707	
277	708	
275	709	
275	710	
276	711	
277	711	
276	712	
276	713	
277	714	
276	715	
276	716	
277	717	
277	718	
276	719	
277	720	
277	721	
278	722	
276	723	
276	724	
277	725	
276	726	
277	726	
276	727	
277	727	
277	728	
277	729	
276	730	
277	730	
277	731	
276	732	
276	733	
276	734	
276	735	
276	736	
277	737	
277	738	
277	739	
276	740	
276	741	
276	742	
276	743	
276	744	
276	745	
277	745	
276	746	
277	747	
277	748	
277	749	
276	750	
276	751	
277	751	
276	752	
276	753	
277	754	
277	755	
277	756	
277	757	
277	758	
278	759	
278	760	
277	761	
276	762	
277	763	
276	764	
277	764	
277	765	
277	766	
277	767	
278	768	
277	769	
277	770	
279	771	
279	772	
279	773	
277	774	
279	775	
278	776	
278	777	
278	778	
278	779	
279	780	
279	781	
279	782	
279	783	
279	784	
278	785	
279	786	
279	787	
278	788	
281	789	
281	790	
281	791	
280	792	
279	793	
279	794	
280	795	
280	796	
280	797	
281	798	
280	799	
282	800	
283	800	
282	801	
281	802	
282	803	
282	804	
281	805	
282	805	
281	806	
281	807	
282	808	
283	809	
283	810	
284	811	
284	812	
285	813	
285	814	
285	815	
285	816	
285	817	
286	818	
286	819	
286	820	
286	821	
285	822	
285	823	
285	824	
285	825	
285	826	
285	827	
285	828	
286	829	
286	830	
285	831	
285	832	
284	833	
285	833	
284	834	
283	835	
283	836	
286	837	
284	838	
284	839	
283	840	
284	841	
285	842	
286	843	
286	844	
285	845	
285	846	
284	847	
285	847	
284	848	
285	849	
283	850	
284	850	
283	851	
284	852	
284	853	
285	854	
285	855	
284	856	
284	857	
284	858	
284	859	
284	860	
284	861	
285	862	
286	863	
284	864	
285	864	
286	864	
285	865	
284	866	
285	867	
284	868	
284	869	
285	870	
286	871	
286	872	
285	873	
285	874	
284	875	
285	875	
284	876	
283	877	
283	878	
284	879	
284	880	
285	881	
285	882	
284	883	
284	884	
285	884	
285	885	
285	886	
285	887	
284	888	
284	889	
284	890	
284	891	
284	892	
284	893	
284	894	
285	894	
284	895	
285	895	
284	896	
284	897	
284	898	
284	899	
284	900	
284	901	
284	902	
284	903	
284	904	
286	905	
287	906	
287	907	
286	908	
285	909	
286	910	
285	911	
286	911	
287	912	
287	913	
287	914	
286	915	
285	916	
286	917	
285	918	
286	918	
286	919	
286	920	
286	921	
285	922	
286	923	
286	924	
287	945	
287	946	
287	947	
287	948	
285	950	
285	951	
285	952	
285	953	
274	1067	
274	1068	
274	1069	
272	1079	
272	1080	
272	1081	
272	1082	
272	1086	
272	1087	
273	1088	
274	1089	
274	1090	
270	1110	
270	1111	
272	1113	
