303	325	
303	326	
301	328	
301	329	
301	330	
302	331	
302	332	
302	333	
301	334	
301	335	
301	336	
301	337	
301	338	
302	339	
302	340	
302	341	
301	342	
302	343	
302	344	
301	345	
301	346	
302	347	
303	348	
303	349	
303	350	
303	351	
302	352	
303	352	
303	353	
304	354	
303	355	
303	356	
304	357	
304	358	
304	359	
304	360	
303	361	
304	361	
303	362	
304	362	
303	363	
304	364	
304	365	
304	366	
304	367	
304	368	
304	369	
304	370	
303	371	
303	372	
303	373	
303	374	
303	375	
302	376	
301	377	
302	378	
303	379	
303	380	
303	381	
303	382	
302	383	
302	384	
302	385	
302	386	
302	387	
303	388	
303	389	
301	390	
301	391	
301	392	
303	393	
303	394	
302	395	
302	396	
302	397	
301	398	
302	398	
302	399	
302	400	
301	401	
299	402	
300	403	
300	404	
300	405	
301	406	
301	407	
301	408	
301	409	
301	410	
301	411	
301	412	
295	425	
295	426	
297	427	
297	428	
297	429	
297	430	
297	431	
297	432	
297	433	
297	434	
296	435	
295	436	
295	437	
295	438	
295	439	
295	440	
295	441	
295	442	
295	443	
295	444	
295	445	
295	446	
295	447	
295	448	
294	449	
294	450	
294	451	
294	452	
295	453	
295	454	
295	455	
294	456	
294	457	
295	457	
294	458	
294	459	
294	460	
294	461	
295	461	
295	462	
294	463	
295	464	
295	465	
293	466	
293	467	
293	468	
295	469	
292	470	
293	471	
294	472	
293	473	
293	474	
293	475	
294	476	
293	477	
293	478	
294	479	
294	480	
294	481	
293	482	
293	483	
293	484	
294	485	
293	486	
293	487	
294	488	
293	489	
293	490	
294	491	
293	492	
293	493	
293	494	
293	495	
293	496	
293	497	
293	498	
293	499	
293	500	
293	501	
293	502	
291	503	
293	504	
293	505	
293	506	
293	507	
293	508	
294	509	
294	510	
294	511	
293	512	
293	513	
293	514	
294	515	
292	516	
293	517	
294	518	
293	519	
294	519	
293	520	
293	521	
294	522	
294	523	
293	524	
294	524	
294	525	
295	526	
295	527	
294	528	
294	529	
295	530	
295	531	
293	532	
295	532	
294	533	
294	534	
294	535	
293	536	
293	537	
293	538	
293	539	
293	540	
293	541	
293	542	
292	543	
292	544	
291	545	
290	546	
289	547	
287	552	
289	553	
289	554	
288	555	
285	556	
287	557	
287	558	
287	559	
287	560	
286	561	
285	562	
286	563	
286	564	
286	565	
286	566	
286	567	
286	568	
285	569	
285	570	
285	571	
285	572	
284	573	
284	574	
284	575	
285	575	
284	576	
285	577	
285	578	
284	579	
284	580	
283	581	
284	582	
283	583	
283	584	
284	585	
283	586	
281	587	
282	588	
282	589	
283	590	
283	591	
282	592	
282	593	
283	594	
283	595	
283	596	
283	597	
283	598	
283	599	
283	600	
283	601	
283	602	
283	603	
282	604	
281	605	
282	605	
282	606	
281	607	
281	608	
280	609	
281	609	
280	610	
282	610	
281	611	
281	612	
280	613	
280	614	
280	615	
280	616	
280	617	
280	618	
279	619	
279	620	
281	621	
280	622	
281	623	
280	624	
281	624	
281	625	
280	626	
281	627	
280	628	
281	628	
282	629	
281	630	
279	631	
280	632	
279	633	
280	634	
281	635	
278	636	
280	637	
280	638	
280	639	
280	640	
280	641	
280	642	
280	643	
280	644	
280	645	
280	646	
279	647	
280	648	
280	649	
280	650	
280	651	
280	652	
280	653	
280	654	
280	655	
279	656	
281	657	
280	658	
280	659	
280	660	
280	661	
279	662	
279	663	
278	664	
278	665	
278	666	
278	667	
279	668	
279	669	
278	670	
279	670	
278	671	
279	671	
278	672	
278	673	
278	674	
278	675	
279	675	
278	676	
278	677	
279	678	
277	679	
277	680	
278	681	
279	682	
279	683	
279	684	
279	685	
280	685	
280	686	
281	687	
281	688	
279	689	
280	690	
281	691	
281	692	
281	693	
280	694	
281	695	
281	696	
281	697	
281	698	
281	699	
282	700	
282	701	
282	702	
282	703	
282	704	
282	705	
282	706	
281	707	
282	707	
280	708	
280	709	
281	710	
281	711	
281	712	
281	713	
282	714	
283	715	
283	716	
283	717	
280	718	
280	719	
280	720	
283	721	
283	722	
282	723	
282	724	
282	725	
282	726	
282	727	
282	728	
282	729	
281	730	
281	731	
280	732	
281	732	
281	733	
281	734	
281	735	
281	736	
281	737	
281	738	
281	739	
282	740	
281	741	
281	742	
281	743	
281	744	
280	745	
281	746	
282	747	
282	748	
282	749	
281	750	
280	751	
280	752	
283	753	
282	754	
281	755	
282	755	
281	756	
281	757	
282	757	
282	758	
282	759	
282	760	
282	761	
283	761	
282	762	
281	763	
282	763	
281	764	
282	764	
282	765	
282	766	
282	767	
283	768	
282	769	
282	770	
282	771	
282	772	
282	773	
282	774	
283	775	
285	776	
283	777	
283	778	
283	779	
283	780	
283	781	
283	782	
283	783	
283	784	
284	785	
284	786	
284	787	
284	788	
285	789	
285	790	
285	791	
286	792	
283	793	
284	794	
285	795	
285	796	
284	797	
283	798	
287	799	
285	800	
285	801	
285	802	
286	803	
287	803	
287	804	
286	805	
286	806	
286	807	
287	808	
287	809	
287	810	
287	811	
287	812	
289	813	
289	814	
287	815	
287	816	
288	817	
288	818	
291	819	
291	820	
291	821	
291	822	
292	822	
291	823	
291	824	
291	825	
291	826	
291	827	
291	828	
291	829	
290	830	
291	830	
291	831	
291	832	
291	833	
291	834	
290	835	
291	835	
290	836	
290	837	
290	838	
290	839	
289	840	
290	841	
289	842	
289	843	
291	844	
291	845	
291	846	
291	847	
291	848	
291	849	
290	850	
289	851	
289	852	
290	853	
290	854	
290	855	
291	856	
291	857	
290	858	
291	859	
290	860	
288	861	
289	862	
290	863	
290	864	
290	865	
290	866	
290	867	
290	868	
290	869	
290	870	
290	871	
290	872	
291	873	
291	874	
290	875	
290	876	
290	877	
289	878	
289	879	
290	880	
291	881	
290	882	
290	883	
290	884	
291	885	
290	886	
291	886	
290	887	
291	888	
290	889	
291	889	
290	890	
290	891	
291	892	
289	893	
289	894	
290	895	
289	896	
289	897	
291	898	
291	899	
291	900	
291	901	
291	902	
290	903	
291	904	
291	905	
291	906	
289	907	
290	908	
291	909	
291	910	
292	911	
290	912	
290	913	
290	914	
292	915	
292	916	
292	917	
292	918	
293	918	
292	919	
292	920	
291	921	
291	922	
291	923	
291	924	
286	1025	
286	1026	
286	1027	
286	1028	
281	1052	
280	1053	
277	1084	
278	1085	
278	1086	
278	1087	
278	1134	
