368	72	
368	73	
370	89	
370	90	
305	321	
305	322	
305	323	
305	324	
305	325	
305	326	
305	327	
305	328	
304	329	
304	330	
304	331	
304	332	
304	333	
304	334	
304	335	
304	336	
305	336	
305	337	
305	338	
305	339	
305	340	
305	341	
305	342	
305	343	
305	344	
304	345	
305	346	
305	347	
305	348	
306	348	
305	349	
305	350	
305	351	
305	352	
306	353	
306	354	
306	355	
306	356	
306	357	
306	358	
306	359	
306	360	
306	361	
306	362	
306	363	
306	364	
306	365	
305	366	
307	367	
307	368	
307	369	
307	370	
307	371	
306	372	
305	373	
305	374	
305	375	
305	376	
305	377	
305	378	
305	379	
305	380	
305	381	
305	382	
305	383	
305	384	
305	385	
304	386	
305	387	
306	388	
305	389	
305	390	
304	391	
305	392	
304	393	
305	393	
304	394	
305	394	
305	395	
304	396	
305	396	
305	397	
304	398	
303	399	
304	399	
303	400	
304	401	
304	402	
305	403	
304	404	
304	405	
303	406	
295	432	
295	433	
293	436	
297	437	
297	438	
295	439	
295	440	
295	441	
295	442	
297	443	
297	444	
297	445	
295	446	
297	447	
297	448	
297	449	
296	450	
297	451	
297	452	
297	453	
297	454	
297	455	
297	456	
297	457	
297	458	
297	459	
296	460	
297	460	
296	461	
296	462	
297	463	
297	464	
297	465	
296	466	
295	467	
295	468	
295	469	
296	470	
296	471	
296	472	
297	473	
295	474	
296	475	
296	476	
295	477	
296	477	
295	478	
296	478	
295	479	
296	479	
295	480	
296	480	
295	481	
295	482	
295	483	
296	484	
295	485	
295	486	
296	487	
295	488	
295	489	
295	490	
295	491	
295	493	
295	494	
295	495	
296	495	
296	496	
294	497	
296	498	
296	499	
295	500	
294	501	
295	502	
296	503	
296	504	
295	505	
296	506	
296	507	
295	508	
295	509	
296	510	
296	511	
295	512	
296	513	
295	514	
296	515	
295	516	
296	517	
296	518	
295	519	
295	520	
296	521	
296	522	
295	523	
297	524	
298	525	
298	526	
298	527	
297	528	
297	529	
297	530	
296	531	
296	532	
298	533	
297	534	
297	535	
295	536	
296	537	
296	538	
296	539	
295	540	
296	541	
295	542	
294	543	
287	544	
289	549	
290	550	
290	551	
289	552	
290	553	
289	554	
289	555	
290	556	
289	557	
289	558	
289	559	
289	560	
289	561	
289	562	
289	563	
289	564	
289	565	
289	566	
288	567	
288	568	
287	569	
288	569	
288	570	
287	571	
287	572	
287	573	
286	574	
287	575	
286	576	
286	577	
287	578	
286	579	
286	580	
287	581	
287	582	
287	583	
287	584	
286	585	
286	586	
286	587	
286	588	
286	589	
286	590	
286	591	
286	592	
286	593	
287	594	
286	595	
286	596	
286	597	
283	598	
283	599	
284	600	
284	601	
284	602	
284	603	
286	604	
285	605	
283	606	
284	606	
284	607	
284	608	
284	609	
285	609	
283	610	
283	611	
284	611	
285	611	
284	612	
283	613	
284	613	
283	614	
283	615	
283	616	
283	617	
283	618	
284	619	
283	620	
284	621	
282	622	
282	623	
284	624	
284	625	
284	626	
284	627	
283	628	
284	628	
282	629	
282	630	
284	631	
283	632	
283	633	
284	634	
283	635	
282	636	
282	637	
282	638	
283	639	
283	640	
283	641	
282	642	
282	643	
283	643	
283	644	
284	645	
283	646	
283	647	
282	648	
282	649	
282	650	
282	651	
282	652	
283	653	
283	654	
283	655	
281	656	
283	656	
283	657	
282	658	
282	659	
282	660	
283	661	
283	662	
283	663	
283	664	
282	665	
283	665	
282	666	
282	667	
282	668	
282	669	
282	670	
282	671	
282	672	
283	672	
282	673	
282	674	
282	675	
282	676	
281	677	
280	678	
281	678	
281	679	
282	680	
282	681	
282	682	
282	683	
282	684	
282	685	
283	686	
281	687	
283	687	
281	688	
281	689	
282	690	
282	691	
283	692	
283	693	
283	694	
284	695	
284	696	
283	697	
284	698	
284	699	
284	700	
284	701	
285	702	
285	703	
285	704	
284	705	
284	706	
283	707	
284	707	
284	708	
283	709	
284	709	
284	710	
283	711	
285	712	
284	713	
285	714	
283	715	
284	716	
284	717	
283	718	
285	719	
284	720	
284	721	
285	722	
284	723	
285	723	
284	724	
285	725	
285	726	
285	727	
284	728	
285	729	
285	730	
285	731	
285	732	
284	733	
284	734	
285	735	
285	736	
284	737	
284	738	
285	739	
285	740	
285	741	
283	742	
285	743	
285	744	
285	745	
284	746	
284	747	
284	748	
284	749	
284	750	
283	751	
284	752	
285	753	
285	754	
284	755	
284	756	
284	757	
284	758	
284	759	
284	760	
284	761	
283	762	
284	763	
285	764	
285	765	
285	766	
285	767	
285	768	
285	769	
285	770	
285	771	
284	772	
284	773	
284	774	
284	775	
284	776	
284	777	
284	778	
286	779	
286	780	
286	781	
286	782	
286	783	
287	784	
286	785	
285	786	
287	787	
287	788	
286	789	
286	790	
287	791	
288	792	
287	793	
287	794	
287	795	
289	796	
289	797	
289	798	
289	799	
289	800	
289	801	
289	802	
289	803	
289	804	
289	805	
289	806	
289	807	
290	808	
291	809	
291	810	
291	811	
291	812	
291	813	
291	814	
292	815	
293	816	
291	817	
291	818	
292	819	
293	820	
293	821	
294	822	
293	823	
294	824	
294	825	
294	826	
294	827	
294	828	
294	829	
294	830	
295	831	
295	832	
295	833	
292	834	
293	835	
293	836	
294	837	
294	838	
292	839	
292	840	
293	841	
294	842	
293	843	
293	844	
293	845	
294	846	
293	847	
293	848	
292	849	
293	850	
293	851	
292	852	
293	853	
294	854	
293	855	
292	856	
293	856	
292	857	
292	858	
292	859	
292	860	
292	861	
292	862	
292	863	
293	864	
293	865	
294	866	
294	867	
293	868	
293	869	
293	870	
293	871	
293	872	
294	873	
294	874	
293	875	
293	876	
292	877	
293	878	
293	879	
293	880	
292	881	
292	882	
293	882	
294	883	
294	884	
294	885	
292	886	
292	887	
292	888	
292	889	
294	890	
294	891	
295	892	
294	893	
293	894	
294	894	
293	895	
293	896	
294	897	
295	898	
295	899	
295	900	
295	901	
295	902	
295	903	
295	904	
294	905	
295	905	
294	906	
294	907	
294	908	
295	909	
295	910	
295	911	
295	912	
295	913	
295	914	
295	915	
294	916	
294	917	
296	918	
295	919	
294	920	
294	921	
294	922	
294	923	
294	924	
288	1026	
283	1052	
284	1053	
282	1055	
282	1056	
282	1065	
282	1066	
282	1067	
282	1068	
282	1069	
282	1073	
282	1074	
282	1075	
282	1076	
282	1077	
280	1089	
