307	294	
307	295	
309	296	
309	297	
309	298	
309	299	
309	300	
309	301	
309	302	
309	303	
309	304	
309	305	
309	306	
309	307	
311	308	
311	309	
309	310	
309	311	
309	312	
309	313	
309	314	
309	315	
309	316	
309	317	
309	318	
309	319	
309	320	
309	321	
309	322	
308	323	
309	324	
309	325	
308	326	
308	327	
307	328	
307	329	
307	330	
307	331	
307	332	
307	333	
307	334	
307	335	
307	336	
307	337	
307	338	
307	339	
307	340	
309	341	
309	342	
309	343	
307	344	
307	345	
307	346	
307	347	
309	348	
309	349	
307	350	
307	351	
309	352	
310	353	
310	354	
309	355	
309	356	
307	357	
307	358	
307	359	
308	360	
309	361	
309	378	
309	379	
309	380	
311	381	
309	382	
309	383	
309	384	
309	385	
309	386	
309	387	
311	388	
311	389	
311	390	
309	391	
309	392	
311	393	
311	394	
309	395	
311	396	
311	397	
311	398	
319	401	
319	402	
319	403	
319	404	
320	405	
321	406	
321	407	
321	408	
320	409	
319	410	
319	411	
319	412	
319	413	
319	414	
319	415	
319	416	
319	417	
319	418	
321	419	
321	420	
319	421	
319	422	
319	423	
319	424	
319	425	
319	426	
317	427	
317	428	
317	429	
317	430	
317	431	
317	432	
317	433	
317	434	
319	435	
319	436	
318	437	
317	438	
317	439	
317	440	
317	441	
317	442	
318	443	
317	444	
317	445	
317	446	
317	447	
317	448	
318	449	
318	450	
319	451	
319	452	
319	453	
319	454	
319	455	
320	456	
317	457	
317	458	
318	459	
318	460	
318	461	
318	462	
318	463	
320	464	
320	465	
317	466	
317	467	
317	468	
317	469	
317	470	
317	471	
317	472	
318	473	
319	474	
318	475	
320	476	
319	477	
319	478	
320	479	
320	480	
320	481	
318	482	
321	483	
317	484	
321	485	
321	486	
321	487	
320	488	
321	488	
320	489	
321	490	
321	491	
321	492	
320	493	
320	494	
319	495	
319	496	
319	497	
318	498	
319	499	
319	500	
319	501	
318	502	
317	503	
317	504	
317	505	
317	506	
318	507	
319	508	
319	509	
317	510	
317	511	
317	512	
317	513	
318	514	
318	515	
318	516	
317	517	
318	518	
318	519	
318	520	
319	521	
319	522	
319	523	
319	524	
319	525	
321	526	
321	527	
321	528	
321	529	
321	530	
321	531	
324	532	
325	532	
324	533	
323	534	
324	535	
325	536	
323	537	
324	538	
323	539	
326	540	
327	540	
325	541	
325	542	
327	543	
326	544	
327	544	
327	545	
325	546	
327	547	
326	548	
327	549	
327	550	
327	551	
326	552	
327	553	
329	554	
326	555	
328	556	
326	557	
327	557	
327	558	
327	559	
327	560	
329	561	
329	562	
328	563	
328	564	
327	565	
327	566	
327	567	
327	568	
328	569	
328	570	
327	571	
327	572	
327	573	
328	574	
328	575	
329	576	
331	577	
331	578	
328	579	
328	580	
328	581	
330	582	
329	583	
331	584	
330	585	
330	586	
330	587	
329	588	
329	589	
330	590	
330	591	
331	592	
333	593	
333	594	
329	595	
330	596	
329	597	
329	598	
330	599	
328	600	
329	600	
328	601	
329	602	
332	603	
331	604	
332	605	
332	606	
331	607	
331	608	
331	609	
331	610	
331	611	
332	612	
332	613	
331	614	
332	614	
332	615	
331	616	
332	616	
332	617	
331	618	
332	619	
332	620	
332	621	
333	622	
332	623	
332	624	
332	625	
331	626	
331	627	
331	628	
332	629	
333	629	
331	630	
333	631	
333	632	
332	633	
333	634	
333	635	
333	636	
331	637	
331	638	
331	639	
331	640	
334	641	
334	642	
334	643	
334	644	
335	644	
335	645	
335	646	
334	647	
334	648	
333	649	
335	650	
334	651	
334	652	
334	653	
334	654	
334	655	
334	656	
334	657	
333	658	
334	659	
335	660	
335	661	
335	662	
334	663	
335	663	
334	664	
335	665	
335	666	
334	667	
335	668	
333	669	
335	670	
335	671	
335	672	
335	673	
334	674	
335	674	
334	675	
334	676	
334	677	
335	678	
334	679	
332	680	
333	681	
333	682	
332	683	
333	683	
331	684	
331	685	
334	685	
335	685	
334	686	
334	687	
333	688	
332	689	
332	690	
332	691	
333	691	
333	692	
333	693	
332	694	
330	695	
329	696	
329	697	
329	698	
331	699	
331	700	
330	701	
331	702	
332	703	
331	704	
332	705	
332	706	
330	707	
332	708	
332	709	
333	710	
333	711	
333	712	
329	713	
330	713	
330	714	
331	715	
330	716	
332	717	
332	718	
332	719	
329	720	
332	721	
332	722	
332	723	
333	724	
332	725	
331	726	
331	727	
331	728	
331	729	
333	730	
330	731	
332	732	
331	733	
332	734	
332	735	
331	736	
331	737	
332	738	
331	739	
333	740	
333	741	
334	742	
334	743	
329	744	
330	745	
331	746	
331	747	
331	748	
333	749	
333	750	
333	751	
332	752	
330	753	
330	754	
329	755	
329	756	
329	757	
333	758	
329	759	
330	759	
332	759	
330	760	
329	761	
329	762	
329	763	
329	764	
329	765	
329	766	
330	767	
329	768	
329	769	
329	770	
330	771	
330	772	
328	773	
327	774	
327	775	
327	776	
331	776	
330	777	
329	778	
327	779	
327	780	
328	781	
329	782	
329	783	
327	784	
327	785	
327	786	
326	787	
326	788	
327	789	
329	790	
329	791	
328	792	
329	793	
325	794	
325	795	
325	796	
325	797	
325	798	
325	799	
325	800	
325	801	
325	802	
327	803	
327	804	
327	805	
327	806	
323	807	
325	808	
324	809	
323	810	
322	811	
321	812	
321	813	
321	814	
325	815	
325	816	
321	817	
321	818	
322	819	
323	820	
324	821	
323	822	
323	823	
323	824	
323	825	
323	826	
322	827	
324	827	
323	828	
323	829	
323	830	
320	831	
320	832	
321	833	
321	834	
321	835	
323	836	
323	837	
322	838	
321	839	
321	840	
322	841	
323	842	
321	843	
321	844	
321	845	
321	846	
321	847	
323	848	
321	849	
322	850	
323	851	
323	852	
321	853	
321	854	
321	855	
321	856	
321	857	
321	858	
321	859	
321	860	
321	861	
321	862	
321	863	
321	864	
321	865	
321	866	
323	867	
323	868	
321	869	
323	870	
323	871	
323	872	
321	873	
325	874	
323	875	
323	876	
321	877	
321	878	
321	879	
321	880	
321	881	
323	882	
323	883	
323	884	
323	885	
323	886	
321	887	
321	888	
321	889	
323	890	
323	891	
323	892	
321	893	
321	894	
321	895	
321	896	
321	897	
321	898	
321	899	
323	900	
323	901	
323	902	
321	903	
321	904	
323	905	
323	906	
323	907	
323	908	
323	909	
321	910	
321	911	
321	912	
323	913	
323	914	
323	915	
319	916	
319	917	
319	918	
335	1084	
335	1085	
335	1086	
339	1087	
