243	48	
243	49	
243	50	
243	51	
243	59	
243	60	
311	293	
311	294	
311	295	
309	296	
309	297	
311	298	
310	299	
310	300	
309	301	
310	302	
309	303	
309	304	
311	305	
312	306	
311	307	
310	308	
309	309	
310	310	
310	311	
310	312	
309	313	
309	314	
309	315	
309	316	
309	317	
309	318	
309	319	
310	320	
311	320	
311	321	
309	322	
309	323	
309	324	
308	325	
309	326	
309	327	
309	328	
309	329	
309	330	
309	331	
309	332	
309	333	
308	334	
307	335	
307	336	
307	337	
307	338	
307	339	
309	340	
309	341	
307	342	
307	343	
307	344	
309	345	
311	346	
311	347	
309	348	
309	349	
310	350	
311	350	
311	351	
311	352	
309	353	
309	354	
309	355	
309	356	
309	357	
309	358	
309	359	
309	363	
311	366	
311	367	
311	368	
311	379	
311	380	
309	381	
309	382	
313	383	
312	384	
311	385	
311	386	
311	387	
312	388	
311	389	
312	390	
313	391	
312	392	
311	393	
311	394	
311	395	
321	396	
321	397	
321	398	
323	399	
321	400	
321	401	
321	402	
323	403	
321	404	
321	405	
321	406	
321	407	
321	408	
321	409	
321	410	
323	411	
322	412	
321	413	
321	414	
323	415	
321	416	
321	417	
321	418	
321	419	
321	420	
322	421	
322	422	
319	423	
321	423	
319	424	
319	425	
319	426	
319	427	
321	428	
321	429	
321	430	
320	431	
320	432	
320	433	
320	434	
319	435	
318	436	
318	437	
320	438	
320	439	
320	440	
320	441	
319	442	
319	443	
319	444	
320	445	
320	446	
321	446	
320	447	
319	448	
320	449	
320	450	
320	451	
319	452	
320	453	
320	454	
320	455	
320	456	
320	457	
319	458	
319	459	
319	460	
320	461	
320	462	
320	463	
320	464	
320	465	
320	466	
320	467	
320	468	
319	469	
319	470	
319	471	
320	472	
319	473	
319	474	
320	475	
321	475	
320	476	
321	477	
319	478	
321	479	
319	480	
320	481	
321	481	
320	482	
320	483	
319	484	
320	485	
320	486	
320	487	
321	488	
320	489	
319	490	
319	491	
319	492	
322	492	
319	493	
319	494	
320	495	
321	496	
320	497	
321	497	
321	498	
321	499	
321	500	
320	501	
321	501	
320	502	
319	503	
319	504	
320	505	
318	506	
320	507	
320	508	
320	509	
320	510	
320	511	
318	512	
318	513	
318	514	
318	515	
319	516	
319	517	
320	518	
319	519	
319	520	
319	521	
321	522	
321	523	
321	524	
321	525	
325	527	
323	528	
325	529	
323	530	
323	531	
323	532	
323	533	
327	533	
323	534	
327	534	
325	535	
327	535	
325	536	
325	537	
325	538	
327	539	
327	540	
327	541	
327	542	
325	543	
326	544	
326	545	
329	546	
329	547	
326	548	
329	549	
329	550	
327	551	
327	552	
327	553	
327	554	
328	554	
329	555	
331	555	
330	556	
327	557	
327	558	
327	559	
327	560	
327	561	
327	562	
329	563	
329	564	
330	565	
330	566	
330	567	
330	568	
330	569	
330	570	
331	571	
332	571	
331	572	
331	573	
330	574	
329	575	
329	576	
333	577	
333	578	
329	579	
330	580	
330	581	
329	582	
331	583	
331	584	
330	585	
332	586	
332	587	
332	588	
331	589	
331	590	
331	591	
331	592	
332	593	
331	594	
331	595	
332	596	
331	597	
332	598	
332	599	
333	600	
333	601	
333	602	
333	603	
333	604	
332	605	
331	606	
331	607	
331	608	
332	609	
333	610	
333	611	
332	612	
331	613	
331	614	
331	615	
334	616	
334	617	
331	618	
332	618	
332	619	
332	620	
333	620	
334	621	
335	622	
332	623	
332	624	
332	625	
332	626	
333	627	
334	628	
333	629	
334	630	
332	631	
332	632	
334	633	
335	633	
335	634	
333	635	
334	636	
334	637	
335	638	
334	639	
334	640	
334	641	
333	642	
333	643	
334	644	
334	645	
333	646	
333	647	
333	648	
333	649	
333	650	
334	650	
333	651	
333	652	
335	653	
334	654	
336	655	
335	656	
334	657	
333	658	
333	659	
333	660	
333	661	
333	662	
334	662	
333	663	
334	663	
333	664	
334	665	
334	666	
333	667	
333	668	
335	669	
335	670	
334	671	
334	672	
335	673	
334	674	
335	674	
334	675	
333	676	
335	677	
334	678	
335	678	
333	679	
333	680	
336	680	
333	681	
334	682	
334	683	
334	684	
334	685	
335	686	
335	687	
335	688	
334	689	
332	690	
331	691	
332	691	
334	691	
332	692	
331	693	
331	694	
331	695	
331	696	
331	697	
331	698	
331	699	
331	700	
334	701	
334	702	
331	703	
331	704	
331	705	
332	706	
331	707	
332	708	
332	709	
332	710	
334	711	
334	712	
334	713	
333	714	
334	715	
332	716	
331	717	
332	718	
332	719	
333	720	
334	721	
334	722	
335	722	
335	723	
331	724	
331	725	
331	726	
331	727	
333	728	
331	729	
332	729	
332	730	
331	731	
331	732	
331	733	
331	734	
335	735	
333	736	
333	737	
333	738	
332	739	
334	739	
331	740	
331	741	
331	742	
334	743	
334	744	
334	745	
333	746	
334	746	
331	747	
334	747	
334	748	
335	749	
333	750	
333	751	
333	752	
332	753	
332	754	
332	755	
332	756	
331	757	
331	758	
331	759	
332	760	
332	761	
333	762	
331	763	
331	764	
332	765	
331	766	
333	767	
333	768	
333	769	
333	770	
331	771	
331	772	
332	773	
333	774	
333	775	
333	776	
329	777	
329	778	
329	779	
329	780	
329	781	
329	782	
329	783	
329	784	
330	785	
330	786	
331	787	
331	788	
331	789	
331	790	
331	791	
329	792	
331	792	
327	793	
327	794	
327	795	
327	796	
327	797	
327	798	
327	799	
326	800	
326	801	
325	802	
326	802	
325	803	
325	804	
327	805	
327	806	
327	807	
327	808	
323	809	
323	810	
323	811	
323	812	
323	813	
327	814	
323	815	
323	816	
325	817	
325	818	
323	819	
321	820	
321	821	
321	822	
321	823	
321	824	
321	825	
324	826	
324	827	
321	828	
325	829	
325	830	
325	831	
321	832	
321	833	
321	834	
321	835	
325	836	
325	837	
322	838	
322	839	
322	840	
324	841	
325	842	
321	843	
322	843	
322	844	
322	845	
322	846	
322	847	
321	848	
321	849	
321	850	
322	851	
325	852	
325	853	
325	854	
323	855	
323	856	
325	857	
325	858	
325	859	
325	860	
325	861	
325	862	
325	863	
325	864	
322	865	
322	866	
321	867	
322	868	
325	869	
325	870	
325	871	
322	872	
321	873	
321	874	
321	875	
323	876	
325	877	
321	878	
321	879	
323	880	
325	881	
325	882	
325	883	
325	884	
325	885	
323	886	
323	887	
321	888	
321	889	
321	890	
321	891	
322	892	
323	893	
322	894	
321	895	
321	896	
321	897	
321	898	
321	899	
321	900	
325	901	
325	902	
321	903	
321	904	
325	905	
325	906	
321	907	
322	908	
322	909	
321	910	
321	911	
321	912	
321	913	
321	914	
321	915	
321	916	
321	917	
321	918	
321	919	
321	920	
329	1033	
339	1079	
339	1082	
338	1083	
