313	292	
313	293	
313	294	
313	295	
313	296	
313	297	
311	298	
312	299	
313	300	
313	301	
313	302	
311	303	
311	304	
312	305	
313	306	
313	307	
313	308	
311	309	
312	310	
312	311	
312	312	
313	312	
313	313	
313	314	
311	315	
311	316	
311	317	
313	318	
313	319	
311	320	
311	321	
311	322	
311	323	
311	324	
311	325	
311	326	
311	327	
311	328	
311	329	
309	330	
309	331	
309	332	
309	333	
311	334	
311	335	
311	336	
311	337	
309	338	
309	339	
310	340	
312	341	
311	342	
311	343	
311	344	
311	345	
311	346	
311	347	
312	348	
311	349	
313	350	
311	351	
313	351	
311	352	
311	353	
313	354	
313	355	
313	356	
311	357	
311	358	
313	359	
313	360	
311	362	
311	363	
312	364	
312	365	
311	366	
315	367	
312	368	
313	369	
313	370	
313	385	
315	386	
315	387	
313	388	
313	389	
313	390	
323	392	
323	393	
323	394	
325	395	
325	396	
325	397	
324	398	
326	399	
327	400	
327	401	
327	402	
326	403	
325	404	
325	405	
325	406	
325	407	
326	408	
327	409	
327	410	
327	411	
327	412	
327	413	
324	414	
324	415	
325	416	
325	417	
326	418	
323	419	
323	420	
325	421	
325	422	
323	423	
323	424	
323	425	
323	426	
322	427	
321	428	
321	429	
321	430	
321	431	
321	432	
322	432	
321	433	
321	434	
322	435	
322	436	
321	437	
321	438	
321	439	
321	440	
321	441	
321	442	
321	443	
321	444	
321	445	
321	446	
322	446	
322	447	
322	448	
322	449	
323	449	
322	450	
322	451	
322	452	
322	453	
322	454	
321	455	
321	456	
321	457	
322	458	
322	459	
322	460	
322	461	
323	462	
323	463	
322	464	
322	465	
322	466	
321	467	
321	468	
321	469	
321	470	
323	471	
323	472	
322	473	
322	474	
321	475	
321	476	
323	477	
322	478	
323	478	
323	479	
323	480	
323	481	
322	482	
325	483	
321	484	
321	485	
321	486	
323	487	
325	488	
322	489	
321	490	
321	491	
322	492	
322	493	
322	494	
322	495	
322	496	
322	497	
322	498	
323	499	
322	500	
323	501	
322	502	
322	503	
321	504	
321	505	
322	505	
321	506	
320	507	
321	508	
322	509	
321	510	
322	511	
321	512	
321	513	
321	514	
321	515	
321	516	
324	517	
325	518	
325	519	
325	520	
322	521	
321	522	
323	523	
325	524	
325	525	
325	526	
325	527	
326	528	
325	529	
325	530	
326	531	
327	532	
327	533	
327	534	
327	535	
327	536	
327	537	
327	538	
327	539	
326	540	
327	541	
329	542	
331	543	
330	544	
331	545	
329	546	
330	547	
329	548	
329	549	
329	550	
329	551	
329	552	
330	553	
331	554	
329	555	
329	556	
330	557	
329	558	
329	559	
329	560	
329	561	
330	562	
329	563	
331	564	
332	565	
332	566	
331	567	
331	568	
331	569	
331	570	
332	570	
331	571	
333	572	
333	573	
332	574	
331	575	
332	576	
332	577	
332	578	
333	579	
334	580	
331	581	
331	582	
334	583	
333	584	
333	585	
334	585	
334	586	
333	587	
335	588	
333	589	
333	590	
333	591	
333	592	
334	593	
333	594	
334	595	
335	596	
335	597	
335	598	
334	599	
334	600	
334	601	
334	602	
335	602	
333	603	
336	604	
336	605	
336	606	
334	607	
336	608	
337	609	
339	610	
337	611	
336	612	
337	612	
335	613	
335	614	
335	615	
339	616	
336	617	
337	618	
338	619	
338	620	
336	621	
337	622	
338	623	
336	624	
339	625	
339	626	
337	627	
337	628	
337	629	
338	630	
335	631	
337	632	
337	633	
335	634	
337	635	
337	636	
335	637	
335	638	
336	639	
336	640	
336	641	
336	642	
336	643	
336	644	
336	645	
336	646	
336	647	
336	648	
337	649	
338	649	
337	650	
338	651	
338	652	
338	653	
337	654	
336	655	
337	655	
336	656	
336	657	
336	658	
335	659	
335	660	
335	661	
335	662	
336	663	
336	664	
336	665	
335	666	
338	666	
337	667	
337	668	
337	669	
336	670	
337	671	
336	672	
335	673	
336	674	
335	675	
335	676	
337	677	
337	678	
336	679	
338	680	
335	681	
335	682	
335	683	
335	684	
335	685	
335	686	
336	687	
336	688	
336	689	
335	690	
336	691	
336	692	
334	693	
335	693	
333	694	
336	695	
336	696	
337	697	
337	698	
337	699	
338	699	
337	700	
338	700	
337	701	
337	702	
333	703	
334	704	
334	705	
334	706	
334	707	
334	708	
334	709	
334	710	
334	711	
333	712	
334	713	
334	714	
334	715	
334	716	
334	717	
336	718	
336	719	
334	720	
334	721	
333	722	
335	723	
335	724	
335	725	
335	726	
336	726	
335	727	
335	728	
335	729	
334	730	
336	730	
337	730	
337	731	
336	732	
337	732	
335	733	
336	734	
337	734	
333	735	
334	735	
337	735	
333	736	
333	737	
335	738	
335	739	
336	740	
334	741	
337	742	
337	743	
335	744	
333	745	
334	745	
333	746	
334	747	
333	748	
333	749	
333	750	
333	751	
333	752	
333	753	
333	754	
333	755	
333	756	
333	757	
333	758	
333	759	
333	760	
334	760	
333	761	
333	762	
333	763	
333	764	
333	765	
333	766	
333	767	
333	768	
333	769	
335	770	
331	771	
331	772	
334	773	
333	774	
333	775	
331	776	
331	777	
331	778	
332	779	
333	780	
333	781	
334	782	
331	783	
331	784	
331	785	
331	786	
331	787	
331	788	
331	789	
330	790	
329	791	
329	792	
333	793	
333	794	
333	795	
329	796	
333	796	
329	797	
329	798	
329	799	
329	800	
331	801	
331	802	
327	803	
327	804	
327	805	
329	806	
327	807	
327	808	
327	809	
327	810	
325	811	
326	811	
325	812	
326	813	
327	814	
325	815	
325	816	
326	817	
327	818	
327	819	
323	820	
326	821	
327	822	
323	823	
323	824	
324	825	
324	826	
325	827	
326	828	
327	829	
323	830	
327	831	
327	832	
323	833	
323	834	
324	835	
327	835	
327	836	
323	837	
323	838	
323	839	
327	840	
323	841	
323	842	
326	843	
325	844	
324	845	
325	846	
327	847	
323	848	
327	849	
327	850	
327	851	
327	852	
327	853	
326	854	
327	854	
326	855	
326	856	
326	857	
324	858	
324	859	
324	860	
327	861	
327	862	
326	863	
325	864	
325	865	
325	866	
325	867	
326	868	
325	869	
325	870	
327	871	
327	872	
327	873	
327	874	
327	875	
326	876	
325	877	
323	878	
327	879	
327	880	
327	881	
327	882	
327	883	
323	884	
323	885	
323	886	
327	887	
327	888	
324	889	
324	890	
326	891	
326	892	
325	893	
325	894	
325	895	
327	896	
327	897	
327	898	
324	899	
324	900	
323	901	
323	902	
323	903	
323	904	
323	905	
325	906	
325	907	
325	908	
326	909	
323	910	
327	911	
323	912	
323	913	
323	914	
323	915	
323	916	
323	917	
323	918	
323	919	
327	920	
341	1076	
341	1077	
339	1078	
339	1079	
343	1090	
343	1091	
