187	511	
187	512	
187	513	
189	514	
189	515	
185	516	
188	517	
188	518	
187	519	
188	519	
189	520	
189	521	
189	522	
189	523	
189	524	
190	525	
187	526	
187	527	
191	528	
191	529	
191	530	
190	531	
189	532	
189	533	
189	534	
189	535	
190	536	
190	537	
190	538	
190	539	
190	540	
190	541	
190	542	
189	543	
191	543	
189	544	
189	545	
191	545	
191	546	
191	547	
191	548	
191	549	
187	550	
187	551	
189	552	
187	553	
187	554	
187	555	
188	556	
189	556	
186	557	
181	558	
187	558	
187	559	
195	560	
187	561	
183	562	
187	563	
187	564	
186	565	
186	566	
186	567	
185	568	
185	569	
185	570	
183	579	
183	580	
183	581	
183	582	
185	583	
185	584	
187	585	
187	586	
187	587	
189	590	
193	591	
193	592	
189	593	
189	594	
193	595	
193	596	
193	597	
189	598	
193	599	
193	600	
189	601	
189	602	
193	603	
193	604	
193	605	
193	606	
193	607	
193	608	
192	609	
191	610	
191	611	
193	612	
192	613	
193	614	
193	615	
192	616	
192	617	
192	618	
191	619	
192	619	
192	620	
190	621	
193	622	
192	623	
192	624	
192	625	
191	626	
191	627	
191	628	
190	629	
189	630	
190	631	
190	632	
192	633	
192	634	
193	635	
193	636	
193	637	
193	638	
193	639	
193	640	
189	641	
192	642	
192	643	
193	644	
192	645	
192	646	
192	647	
192	648	
192	649	
192	650	
189	651	
189	652	
189	653	
192	654	
191	655	
191	656	
190	657	
190	658	
191	659	
191	660	
190	661	
190	662	
190	663	
190	664	
190	665	
191	666	
187	667	
188	668	
188	669	
188	670	
187	671	
187	672	
188	673	
188	674	
188	675	
188	676	
187	677	
186	678	
187	678	
186	679	
187	680	
186	681	
187	682	
187	683	
187	684	
187	685	
187	686	
185	687	
185	688	
185	689	
183	692	
183	693	
185	694	
185	695	
183	696	
183	697	
183	698	
183	699	
183	700	
183	701	
