319	289	
319	290	
317	291	
317	292	
317	293	
317	294	
317	295	
317	296	
318	297	
319	298	
319	299	
319	300	
319	301	
317	302	
318	302	
319	303	
319	304	
319	305	
318	306	
318	307	
318	308	
318	309	
319	310	
319	311	
317	312	
317	313	
317	314	
318	315	
317	316	
317	317	
317	318	
317	319	
317	320	
317	321	
317	322	
317	323	
316	324	
316	325	
316	326	
315	327	
316	327	
316	328	
316	329	
316	330	
316	331	
316	332	
316	333	
317	334	
317	335	
317	336	
317	337	
317	338	
317	339	
317	340	
317	341	
317	342	
317	343	
317	344	
317	345	
317	346	
318	347	
318	348	
317	349	
318	350	
318	351	
317	352	
317	353	
317	354	
319	355	
317	356	
317	357	
317	358	
321	359	
319	360	
319	361	
319	362	
320	363	
319	364	
319	371	
319	372	
319	373	
319	374	
321	375	
319	376	
319	377	
329	382	
329	383	
329	384	
333	385	
330	386	
329	387	
331	388	
333	389	
333	390	
333	391	
331	392	
331	393	
331	394	
331	395	
331	396	
332	397	
331	398	
331	399	
332	399	
331	400	
331	401	
333	402	
333	403	
331	404	
331	405	
331	406	
332	407	
331	408	
332	408	
331	409	
332	410	
333	411	
333	412	
333	413	
332	414	
332	415	
331	416	
332	416	
332	417	
332	418	
331	419	
331	420	
331	421	
332	422	
332	423	
331	424	
332	424	
331	425	
330	426	
330	427	
330	428	
329	429	
330	430	
330	431	
329	432	
330	433	
330	434	
330	435	
329	436	
329	437	
329	438	
329	439	
329	440	
330	440	
329	441	
329	442	
329	443	
328	444	
328	445	
329	446	
329	447	
329	448	
329	449	
329	450	
329	451	
329	452	
329	453	
329	454	
329	455	
329	456	
330	457	
330	458	
331	459	
331	460	
331	461	
330	462	
330	463	
330	464	
331	465	
331	466	
328	467	
331	468	
331	469	
330	470	
330	471	
330	472	
329	473	
329	474	
329	475	
329	476	
328	477	
328	478	
330	479	
329	480	
330	481	
330	482	
331	483	
331	484	
331	485	
331	486	
330	487	
330	488	
330	489	
329	490	
330	491	
329	492	
329	493	
329	494	
329	495	
330	496	
330	497	
329	498	
329	499	
330	500	
330	501	
329	502	
330	502	
328	503	
327	504	
327	505	
327	506	
327	507	
329	508	
329	509	
329	510	
329	511	
329	512	
329	513	
329	514	
328	515	
327	516	
328	516	
328	517	
328	518	
329	519	
329	520	
329	521	
329	522	
329	523	
330	523	
331	524	
329	525	
329	526	
331	527	
331	528	
331	529	
332	530	
332	531	
330	532	
330	533	
333	534	
333	535	
333	536	
335	537	
334	538	
335	539	
333	540	
333	541	
333	542	
334	543	
334	544	
333	545	
334	546	
334	547	
334	548	
336	549	
336	550	
335	551	
335	552	
335	553	
335	554	
335	555	
337	556	
335	557	
336	558	
335	559	
335	560	
339	561	
339	562	
339	563	
338	564	
337	565	
337	566	
337	567	
337	568	
339	569	
339	570	
339	571	
339	572	
338	573	
337	574	
337	575	
337	576	
337	577	
337	578	
337	579	
337	580	
339	581	
337	582	
339	583	
337	584	
338	585	
340	586	
341	587	
338	588	
341	589	
338	590	
340	591	
340	592	
340	593	
340	594	
341	595	
342	595	
341	596	
341	597	
341	598	
343	599	
343	600	
343	601	
343	602	
343	603	
343	604	
343	605	
343	606	
343	607	
344	608	
344	609	
344	610	
343	611	
344	612	
344	613	
344	614	
343	615	
343	616	
344	617	
344	618	
342	619	
343	620	
344	621	
344	622	
345	623	
345	624	
345	625	
345	626	
345	627	
345	628	
343	629	
343	630	
343	631	
343	632	
343	633	
343	634	
344	634	
344	635	
344	636	
343	637	
343	638	
343	639	
343	640	
343	641	
343	642	
343	643	
344	644	
344	645	
344	646	
344	647	
345	647	
345	648	
343	649	
342	650	
342	651	
342	652	
343	653	
343	654	
344	654	
344	655	
344	656	
344	657	
343	658	
343	659	
345	660	
343	661	
345	661	
343	662	
345	662	
344	663	
343	664	
343	665	
343	666	
345	667	
341	668	
341	669	
341	670	
343	671	
343	672	
343	673	
343	674	
343	675	
343	676	
343	677	
342	678	
341	679	
342	680	
341	681	
341	682	
341	683	
341	684	
341	685	
342	686	
342	687	
341	688	
342	689	
341	690	
341	691	
340	692	
340	693	
342	694	
342	695	
342	696	
341	697	
341	698	
342	698	
341	699	
340	700	
340	701	
341	702	
341	703	
341	704	
341	705	
342	706	
341	707	
343	708	
342	709	
342	710	
342	711	
341	712	
341	713	
341	714	
342	715	
340	716	
341	717	
342	718	
341	719	
341	720	
341	721	
341	722	
341	723	
341	724	
342	725	
342	726	
342	727	
342	728	
342	729	
341	730	
342	730	
340	731	
339	732	
339	733	
339	734	
339	735	
341	736	
341	737	
342	737	
342	738	
341	739	
342	740	
343	741	
339	742	
339	743	
343	744	
341	745	
341	746	
341	747	
338	748	
339	748	
339	749	
339	750	
339	751	
343	752	
339	753	
339	754	
339	755	
339	756	
339	757	
339	758	
340	759	
340	760	
340	761	
340	762	
339	763	
339	764	
339	765	
339	766	
339	767	
339	768	
339	769	
340	770	
340	771	
339	772	
341	773	
340	774	
340	775	
337	776	
341	776	
337	777	
337	778	
337	779	
337	780	
337	781	
339	782	
339	783	
339	784	
339	785	
339	786	
337	787	
337	788	
337	789	
340	790	
339	791	
339	792	
337	793	
337	794	
335	795	
335	796	
336	797	
335	798	
335	799	
335	800	
337	801	
337	802	
337	803	
333	804	
333	805	
333	806	
333	807	
333	808	
333	809	
333	810	
335	811	
335	812	
335	813	
331	814	
331	815	
331	816	
331	817	
330	818	
329	819	
329	820	
329	821	
329	822	
329	823	
329	824	
329	825	
329	826	
331	827	
329	828	
329	829	
329	830	
329	831	
331	832	
329	833	
329	834	
331	835	
332	836	
329	837	
329	838	
331	839	
331	840	
329	841	
329	842	
333	843	
333	844	
333	845	
333	846	
329	847	
329	848	
329	849	
329	850	
330	851	
329	852	
329	853	
329	854	
329	855	
329	856	
329	857	
329	858	
329	859	
329	860	
329	861	
329	862	
329	863	
329	864	
329	865	
329	866	
329	867	
329	868	
329	869	
331	870	
331	871	
331	872	
332	873	
331	874	
332	875	
331	876	
330	877	
331	877	
330	878	
329	879	
329	880	
329	881	
330	882	
329	883	
329	884	
329	885	
329	886	
331	887	
329	888	
329	889	
329	890	
329	891	
330	892	
331	893	
332	894	
329	895	
329	896	
329	897	
329	898	
329	899	
330	899	
329	900	
329	901	
329	902	
329	903	
329	904	
331	905	
331	906	
331	907	
331	908	
331	909	
331	910	
328	911	
327	912	
327	913	
327	914	
329	915	
329	916	
329	917	
329	918	
335	1005	
335	1006	
337	1013	
339	1042	
349	1087	
347	1095	
347	1096	
347	1100	
347	1101	
