321	286	
323	289	
323	290	
323	291	
323	292	
323	293	
322	294	
323	295	
324	296	
324	297	
323	298	
323	299	
325	300	
323	301	
323	302	
323	303	
324	304	
324	305	
323	306	
323	307	
323	308	
323	309	
323	310	
323	311	
323	312	
321	313	
323	314	
322	315	
322	316	
321	317	
323	318	
323	319	
320	320	
320	321	
321	322	
320	323	
320	324	
321	325	
320	326	
320	327	
320	328	
320	329	
321	330	
321	331	
321	332	
322	333	
323	333	
323	334	
321	335	
321	336	
321	337	
321	338	
321	339	
323	340	
323	341	
323	342	
323	343	
322	344	
322	345	
323	346	
323	347	
324	347	
323	348	
323	349	
323	350	
323	351	
324	352	
325	353	
323	354	
323	355	
323	356	
325	357	
325	358	
323	359	
325	360	
325	361	
325	362	
325	363	
325	364	
325	365	
337	378	
337	379	
337	380	
335	381	
335	382	
337	383	
337	384	
336	385	
336	386	
336	387	
336	388	
339	389	
339	390	
337	391	
338	392	
339	393	
339	394	
339	395	
338	396	
337	397	
338	398	
337	399	
338	399	
338	400	
337	401	
338	402	
339	403	
340	404	
337	405	
337	406	
337	407	
338	408	
338	409	
338	410	
339	411	
339	412	
338	413	
338	414	
338	415	
338	416	
338	417	
338	418	
338	419	
339	419	
338	420	
337	421	
337	422	
336	423	
336	424	
336	425	
337	426	
337	427	
337	428	
337	429	
337	430	
337	431	
336	432	
337	432	
336	433	
335	434	
336	434	
333	435	
333	436	
334	437	
334	438	
334	439	
333	440	
333	441	
333	442	
333	443	
333	444	
333	445	
334	446	
334	447	
334	448	
335	449	
335	450	
335	451	
334	452	
334	453	
334	454	
334	455	
333	456	
334	457	
334	458	
334	459	
334	460	
334	461	
335	462	
335	463	
335	464	
335	465	
335	466	
333	467	
334	468	
334	469	
335	469	
334	470	
334	471	
334	472	
333	473	
333	474	
334	474	
334	475	
334	476	
334	477	
334	478	
334	479	
334	480	
335	481	
334	482	
334	483	
334	484	
334	485	
334	486	
334	487	
333	488	
334	489	
334	490	
334	491	
334	492	
333	493	
334	493	
333	494	
333	495	
333	496	
334	496	
333	497	
334	498	
334	499	
333	500	
333	501	
334	502	
333	503	
333	504	
333	505	
334	505	
333	506	
334	506	
335	507	
335	508	
334	509	
334	510	
334	511	
333	512	
333	513	
333	514	
332	515	
333	515	
332	516	
334	516	
333	517	
332	518	
333	519	
333	520	
334	521	
335	522	
333	523	
334	524	
334	525	
337	526	
337	527	
336	528	
335	529	
335	530	
335	531	
336	531	
336	532	
335	533	
335	534	
336	535	
338	536	
338	537	
336	538	
336	539	
339	540	
339	541	
338	542	
338	543	
337	544	
337	545	
337	546	
337	547	
337	548	
341	549	
339	550	
340	550	
341	550	
340	551	
339	552	
339	553	
341	554	
342	555	
339	556	
341	557	
341	558	
342	559	
341	560	
342	561	
341	562	
342	563	
342	564	
343	564	
342	565	
342	566	
342	567	
341	568	
341	569	
341	570	
341	571	
341	572	
342	573	
344	574	
343	575	
344	576	
343	577	
341	578	
344	579	
345	580	
345	581	
344	582	
344	583	
343	584	
343	585	
343	586	
344	586	
345	587	
345	588	
345	589	
345	590	
345	591	
345	592	
345	593	
345	594	
346	595	
346	596	
346	597	
347	598	
348	599	
349	600	
348	601	
348	602	
348	603	
348	604	
348	605	
349	605	
349	606	
349	607	
350	608	
347	609	
348	610	
347	611	
347	612	
348	613	
347	614	
348	615	
347	616	
347	617	
347	618	
347	619	
348	620	
347	621	
350	622	
350	623	
350	624	
350	625	
348	626	
351	627	
350	628	
347	629	
347	630	
348	631	
349	632	
349	633	
349	634	
350	635	
350	636	
350	637	
350	638	
351	639	
352	640	
350	641	
350	642	
350	643	
350	644	
349	645	
349	646	
350	647	
349	648	
349	649	
348	650	
350	651	
348	652	
350	652	
349	653	
349	654	
348	655	
349	656	
348	657	
348	658	
347	659	
348	659	
347	660	
349	661	
349	662	
347	663	
348	664	
348	665	
350	666	
348	667	
349	668	
348	669	
348	670	
347	671	
347	672	
347	673	
349	674	
349	675	
349	676	
347	677	
348	678	
348	679	
349	680	
348	681	
348	682	
348	683	
348	684	
348	685	
348	686	
348	687	
348	688	
347	689	
348	690	
348	691	
345	692	
345	693	
345	694	
348	695	
346	696	
345	697	
344	698	
346	699	
345	700	
344	701	
344	702	
345	703	
346	704	
345	705	
347	706	
347	707	
346	708	
346	709	
346	710	
345	711	
345	712	
345	713	
345	714	
345	715	
345	716	
346	716	
346	717	
345	718	
345	719	
348	720	
347	721	
347	722	
347	723	
347	724	
345	725	
345	726	
347	727	
346	728	
346	729	
346	730	
346	731	
347	731	
346	732	
347	733	
346	734	
346	735	
346	736	
346	737	
345	738	
346	738	
346	739	
346	740	
346	741	
345	742	
345	743	
346	744	
346	745	
346	746	
345	747	
345	748	
345	749	
345	750	
347	750	
347	751	
345	752	
345	753	
346	754	
346	755	
345	756	
346	757	
346	758	
345	759	
346	759	
345	760	
345	761	
344	762	
343	763	
343	764	
343	765	
343	766	
343	767	
343	768	
343	769	
343	770	
343	771	
343	772	
343	773	
344	774	
346	774	
344	775	
345	776	
343	777	
343	778	
343	779	
343	780	
343	781	
343	782	
343	783	
343	784	
345	785	
343	786	
344	786	
341	787	
341	788	
341	789	
341	790	
340	791	
341	792	
342	793	
343	794	
343	795	
342	796	
342	797	
339	798	
339	799	
339	800	
339	801	
341	802	
341	803	
341	804	
341	805	
339	806	
341	807	
341	808	
339	809	
339	810	
339	811	
337	812	
337	813	
337	814	
337	815	
337	816	
336	817	
337	818	
337	819	
333	820	
333	821	
333	822	
333	823	
333	824	
335	825	
335	826	
335	827	
333	828	
333	829	
333	830	
333	831	
333	832	
336	833	
333	834	
333	835	
334	836	
333	837	
333	838	
333	839	
333	840	
333	841	
333	842	
333	843	
333	844	
333	845	
333	846	
333	847	
333	848	
333	849	
333	850	
333	851	
333	852	
333	853	
333	854	
333	855	
333	856	
333	857	
333	858	
333	859	
333	860	
333	861	
333	862	
333	863	
333	864	
333	865	
333	866	
334	866	
335	867	
335	868	
333	869	
332	870	
333	871	
333	872	
333	873	
333	874	
333	875	
333	876	
334	877	
333	878	
334	878	
337	879	
337	880	
333	881	
333	882	
333	883	
333	884	
333	885	
333	886	
333	887	
333	888	
333	889	
333	890	
335	891	
335	892	
333	893	
335	894	
335	895	
335	896	
335	897	
333	898	
332	899	
332	900	
337	901	
333	902	
333	903	
333	904	
333	905	
335	906	
335	907	
333	908	
333	909	
333	910	
335	911	
331	912	
331	913	
331	914	
335	915	
335	916	
347	1059	
347	1060	
