323	286	
323	287	
323	288	
323	289	
325	290	
323	291	
323	292	
323	293	
323	294	
323	295	
323	296	
323	297	
323	298	
325	299	
324	300	
324	301	
324	302	
324	303	
324	304	
324	305	
323	306	
323	307	
323	308	
323	309	
323	310	
323	311	
324	311	
323	312	
324	312	
323	313	
321	314	
322	314	
321	315	
321	316	
321	317	
322	318	
321	319	
322	319	
321	320	
321	321	
321	322	
321	323	
321	324	
321	325	
321	326	
321	327	
322	328	
323	329	
321	330	
321	331	
321	332	
321	333	
323	334	
323	335	
323	336	
323	337	
324	337	
323	338	
323	339	
324	340	
324	341	
325	341	
324	342	
323	343	
323	344	
323	345	
323	346	
325	347	
324	348	
325	348	
324	349	
323	350	
325	351	
325	352	
325	353	
324	354	
323	355	
323	356	
323	357	
324	358	
325	359	
325	360	
325	361	
325	362	
325	363	
325	364	
325	365	
325	366	
337	377	
337	378	
337	379	
335	380	
335	381	
335	382	
337	383	
337	384	
337	385	
338	386	
339	387	
337	388	
337	389	
337	390	
338	391	
338	392	
338	393	
339	394	
339	395	
340	396	
337	397	
338	397	
337	398	
337	399	
339	400	
339	401	
339	402	
339	403	
339	404	
339	405	
339	406	
339	407	
338	408	
337	409	
338	410	
338	411	
338	412	
337	413	
337	414	
338	415	
337	416	
337	417	
337	418	
338	419	
338	420	
338	421	
337	422	
339	423	
339	424	
337	425	
337	426	
337	427	
337	428	
337	429	
336	430	
335	431	
335	432	
335	433	
335	434	
335	435	
335	436	
335	437	
335	438	
335	439	
334	440	
334	441	
334	442	
335	443	
335	444	
334	445	
334	446	
335	447	
335	448	
335	449	
335	450	
335	451	
336	451	
336	452	
334	453	
333	454	
333	455	
337	456	
333	457	
334	458	
336	459	
337	459	
336	460	
336	461	
337	461	
337	462	
335	463	
336	463	
335	464	
336	465	
335	466	
335	467	
335	468	
335	469	
334	470	
335	471	
334	472	
334	473	
333	474	
334	475	
334	476	
335	477	
335	478	
334	479	
336	480	
336	481	
336	482	
336	483	
335	484	
336	485	
336	486	
336	487	
336	488	
336	489	
336	490	
336	491	
336	492	
336	493	
336	494	
335	495	
335	496	
335	497	
335	498	
335	499	
336	500	
334	501	
336	502	
335	503	
334	504	
335	505	
334	506	
334	507	
334	508	
333	509	
334	509	
335	509	
334	510	
334	511	
333	512	
333	513	
333	514	
334	515	
333	516	
334	517	
334	518	
334	519	
335	520	
333	521	
333	522	
337	523	
336	524	
335	525	
335	526	
335	527	
335	528	
335	529	
335	530	
339	531	
339	532	
339	533	
338	534	
338	535	
337	536	
337	537	
337	538	
337	539	
337	540	
338	540	
338	541	
339	542	
338	543	
338	544	
338	545	
339	546	
339	547	
339	548	
339	549	
339	550	
340	550	
340	551	
341	552	
341	553	
342	554	
340	555	
340	556	
343	557	
342	558	
340	559	
340	560	
342	561	
342	562	
341	563	
341	564	
341	565	
341	566	
341	567	
341	568	
341	569	
344	570	
344	571	
342	572	
344	573	
342	574	
342	575	
342	576	
344	577	
344	578	
343	579	
343	580	
343	581	
344	582	
345	583	
347	584	
347	585	
349	586	
349	587	
345	588	
346	589	
348	590	
347	591	
347	592	
347	593	
351	594	
348	595	
348	596	
348	597	
349	598	
348	599	
347	600	
347	601	
350	602	
350	603	
350	604	
351	605	
349	606	
347	607	
350	608	
350	609	
349	610	
349	611	
347	612	
347	613	
348	614	
347	615	
347	616	
348	616	
349	617	
350	618	
351	619	
352	620	
351	621	
350	622	
350	623	
350	624	
350	625	
350	626	
350	627	
350	628	
351	629	
350	630	
350	631	
350	632	
350	633	
350	634	
350	635	
351	636	
352	637	
349	638	
349	639	
350	640	
350	641	
349	642	
350	643	
351	644	
349	645	
350	646	
352	647	
352	648	
351	649	
350	650	
349	651	
350	651	
349	652	
349	653	
349	654	
349	655	
348	656	
349	657	
350	658	
349	659	
350	660	
351	661	
347	662	
349	663	
348	664	
350	665	
349	666	
348	667	
350	667	
350	668	
347	669	
351	670	
350	671	
347	672	
349	673	
349	674	
348	675	
349	675	
350	676	
350	677	
350	678	
346	679	
347	680	
348	680	
346	681	
348	682	
347	683	
347	684	
348	685	
347	686	
348	686	
348	687	
347	688	
347	689	
347	690	
349	691	
348	692	
347	693	
348	694	
346	695	
347	695	
347	696	
347	697	
345	698	
346	699	
346	700	
348	701	
348	702	
347	703	
346	704	
345	705	
346	706	
346	707	
345	708	
345	709	
345	710	
346	710	
349	711	
349	712	
348	713	
349	714	
348	715	
348	716	
349	717	
346	718	
345	719	
346	720	
345	721	
349	722	
348	723	
347	724	
346	725	
345	726	
347	727	
346	728	
346	729	
346	730	
346	731	
346	732	
347	733	
346	734	
345	735	
348	736	
345	737	
345	738	
346	739	
347	739	
347	740	
347	741	
347	742	
346	743	
346	744	
346	745	
347	746	
346	747	
346	748	
345	749	
346	749	
345	750	
346	751	
346	752	
348	753	
348	754	
347	755	
346	756	
346	757	
345	758	
345	759	
345	760	
345	761	
346	762	
347	763	
347	764	
347	765	
347	766	
347	767	
347	768	
346	769	
346	770	
346	771	
343	772	
343	773	
343	774	
343	775	
343	776	
343	777	
343	778	
345	779	
345	780	
343	781	
343	782	
343	783	
343	784	
343	785	
343	786	
346	787	
345	788	
345	789	
345	790	
345	791	
345	792	
341	793	
341	794	
341	795	
341	796	
343	797	
343	798	
343	799	
343	800	
342	801	
339	802	
339	803	
339	804	
339	805	
339	806	
339	807	
339	808	
339	809	
339	810	
339	811	
341	812	
341	813	
337	814	
336	815	
335	816	
335	817	
335	818	
335	819	
335	820	
335	821	
335	822	
334	823	
333	824	
333	825	
333	826	
333	827	
333	828	
333	829	
337	830	
333	831	
333	832	
334	833	
333	834	
333	835	
333	836	
333	837	
333	838	
333	839	
333	840	
334	841	
333	842	
333	843	
333	844	
333	845	
337	846	
337	847	
337	848	
333	849	
334	850	
337	851	
337	852	
337	853	
337	854	
337	855	
337	856	
337	857	
333	858	
335	859	
333	860	
333	861	
337	862	
333	863	
333	864	
333	865	
333	866	
333	867	
333	868	
333	869	
333	870	
333	871	
333	872	
337	873	
336	874	
336	875	
336	876	
335	877	
335	878	
335	879	
335	880	
335	881	
333	882	
333	883	
333	884	
337	885	
336	886	
335	887	
335	888	
333	889	
333	890	
333	891	
337	892	
337	893	
337	894	
335	895	
335	896	
333	897	
333	898	
333	899	
333	900	
333	901	
333	902	
333	903	
333	904	
335	905	
334	906	
333	907	
333	908	
333	909	
335	910	
335	911	
335	912	
331	913	
331	914	
331	915	
339	1009	
347	1043	
