323	286	
325	289	
325	290	
325	291	
325	292	
325	293	
327	294	
326	295	
325	296	
326	296	
325	297	
325	298	
325	299	
325	300	
325	301	
325	302	
325	303	
325	304	
325	305	
325	306	
325	307	
325	308	
325	309	
325	310	
323	311	
324	311	
323	312	
323	313	
325	314	
325	315	
323	316	
323	317	
323	318	
323	319	
323	320	
323	321	
323	322	
322	323	
322	324	
322	325	
322	326	
322	327	
324	328	
323	329	
323	330	
323	331	
323	332	
323	333	
324	334	
325	334	
325	335	
323	336	
323	337	
324	337	
323	338	
323	339	
323	340	
323	341	
323	342	
324	343	
325	344	
325	345	
325	346	
325	347	
325	348	
325	349	
325	350	
325	351	
325	352	
327	353	
325	354	
325	355	
327	356	
327	357	
327	358	
327	359	
325	360	
326	360	
325	361	
325	362	
327	363	
327	364	
327	365	
327	366	
339	378	
337	379	
337	380	
337	381	
338	382	
338	383	
338	384	
338	385	
340	386	
339	387	
339	388	
341	389	
341	390	
340	391	
339	392	
339	393	
339	394	
340	395	
340	396	
340	397	
339	398	
341	399	
341	400	
339	401	
340	402	
341	403	
341	404	
340	405	
340	406	
339	407	
340	408	
340	409	
340	410	
339	411	
339	412	
339	413	
341	414	
341	415	
341	416	
341	417	
340	418	
339	419	
339	420	
340	421	
340	422	
340	423	
340	424	
337	425	
337	426	
338	427	
338	428	
337	429	
338	430	
338	431	
338	432	
338	433	
337	434	
336	435	
335	436	
335	437	
336	438	
337	439	
337	440	
335	441	
336	442	
336	443	
336	444	
337	445	
337	446	
335	447	
335	448	
336	448	
335	449	
335	450	
335	451	
335	452	
335	453	
336	454	
336	455	
336	456	
337	456	
337	457	
337	458	
337	459	
337	460	
337	461	
337	462	
337	463	
337	464	
335	465	
335	466	
335	467	
336	468	
337	469	
336	470	
336	471	
336	472	
336	473	
336	474	
337	474	
336	475	
336	476	
337	476	
337	477	
336	478	
337	478	
336	479	
336	480	
337	480	
336	481	
336	482	
336	483	
336	484	
336	485	
336	486	
335	487	
339	488	
338	489	
335	490	
335	491	
335	492	
335	493	
336	494	
336	495	
336	496	
336	497	
336	498	
337	498	
337	499	
338	499	
335	500	
336	501	
335	502	
335	503	
335	504	
336	504	
336	505	
336	506	
335	507	
335	508	
336	508	
335	509	
335	510	
335	511	
335	512	
334	513	
333	514	
334	515	
334	516	
334	517	
334	518	
335	519	
337	520	
335	521	
335	522	
335	523	
339	524	
336	525	
336	526	
336	527	
336	528	
338	529	
338	530	
339	531	
337	532	
337	533	
337	534	
337	535	
338	536	
338	537	
339	537	
338	538	
339	539	
339	540	
339	541	
339	542	
339	543	
339	544	
339	545	
339	546	
340	547	
341	548	
341	549	
343	550	
343	551	
340	552	
342	553	
342	554	
343	555	
342	556	
343	557	
342	558	
341	559	
345	560	
341	561	
341	562	
341	563	
342	563	
345	564	
344	565	
343	566	
344	567	
344	568	
344	569	
343	570	
343	571	
344	572	
343	573	
347	574	
344	575	
344	576	
344	577	
345	578	
344	579	
345	580	
345	581	
345	582	
348	583	
347	584	
348	585	
348	586	
349	587	
349	588	
349	589	
348	590	
347	591	
347	592	
347	593	
349	594	
350	595	
351	596	
350	597	
349	598	
350	598	
349	599	
349	600	
349	601	
349	602	
349	603	
349	604	
349	605	
350	606	
350	607	
350	608	
349	609	
349	610	
349	611	
349	612	
350	613	
350	614	
350	615	
349	616	
349	617	
350	618	
349	619	
349	620	
350	621	
350	622	
349	623	
349	624	
349	625	
350	626	
349	627	
350	627	
350	628	
352	629	
353	630	
353	631	
353	632	
353	633	
353	634	
353	635	
353	636	
352	637	
353	638	
352	639	
352	640	
352	641	
352	642	
353	642	
352	643	
352	644	
351	645	
352	645	
351	646	
353	647	
352	648	
353	649	
352	650	
353	651	
352	652	
352	653	
352	654	
352	655	
352	656	
351	657	
349	658	
349	659	
349	660	
350	661	
349	662	
350	663	
350	664	
351	665	
352	666	
350	667	
350	668	
350	669	
350	670	
352	671	
350	672	
349	673	
349	674	
350	675	
350	676	
351	677	
350	678	
350	679	
350	680	
349	681	
350	682	
349	683	
350	683	
349	684	
349	685	
349	686	
350	686	
350	687	
350	688	
350	689	
350	690	
349	691	
348	692	
348	693	
348	694	
349	694	
348	695	
348	696	
348	697	
349	697	
349	698	
349	699	
349	700	
349	701	
347	702	
348	702	
347	703	
347	704	
348	705	
348	706	
348	707	
347	708	
347	709	
349	710	
349	711	
347	712	
349	713	
347	714	
347	715	
347	716	
347	717	
347	718	
347	719	
348	720	
347	721	
348	721	
347	722	
347	723	
347	724	
347	725	
348	726	
349	727	
348	728	
349	728	
349	729	
349	730	
348	731	
348	732	
347	733	
347	734	
347	735	
347	736	
347	737	
347	738	
348	739	
347	740	
347	741	
348	742	
348	743	
347	744	
346	745	
347	746	
347	747	
348	748	
348	749	
348	750	
347	751	
348	751	
347	752	
347	753	
347	754	
347	755	
347	756	
347	757	
347	758	
346	759	
346	760	
346	761	
347	762	
347	763	
347	764	
347	765	
347	766	
348	767	
348	768	
347	769	
346	770	
345	771	
345	772	
345	773	
349	774	
345	775	
345	776	
345	777	
345	778	
345	779	
345	780	
344	781	
346	782	
346	783	
346	784	
344	785	
346	786	
347	787	
344	788	
344	789	
343	790	
343	791	
343	792	
343	793	
343	794	
343	795	
343	796	
343	797	
343	798	
342	799	
341	800	
341	801	
341	802	
341	803	
341	804	
341	805	
341	806	
343	807	
341	808	
339	809	
339	810	
339	811	
339	812	
341	812	
341	813	
341	814	
337	815	
337	816	
337	817	
339	818	
339	819	
339	820	
335	821	
335	822	
335	823	
335	824	
335	825	
335	826	
338	827	
335	828	
335	829	
335	830	
335	831	
335	832	
335	833	
335	834	
337	835	
337	836	
336	837	
335	838	
335	839	
335	840	
335	841	
335	842	
335	843	
335	844	
335	845	
335	846	
335	847	
335	848	
335	849	
335	850	
335	851	
335	852	
339	853	
339	854	
339	855	
335	856	
338	857	
338	858	
337	859	
335	860	
335	861	
337	862	
337	863	
337	864	
335	865	
335	866	
337	867	
337	868	
335	869	
335	870	
337	871	
337	872	
335	873	
335	874	
335	875	
335	876	
337	877	
337	878	
337	879	
335	880	
335	881	
335	882	
335	883	
335	884	
335	885	
335	886	
335	887	
335	888	
335	889	
335	890	
335	891	
335	892	
337	893	
337	894	
337	895	
337	896	
335	897	
335	898	
336	898	
335	899	
337	900	
333	901	
333	902	
337	903	
337	904	
337	905	
337	906	
333	907	
333	908	
333	909	
333	910	
333	911	
333	912	
341	1011	
347	1043	
347	1044	
347	1045	
