331	285	
331	286	
333	287	
332	288	
332	289	
333	289	
332	290	
332	291	
331	292	
331	293	
332	294	
331	295	
331	296	
331	297	
331	298	
331	299	
331	300	
331	301	
332	302	
332	303	
331	304	
331	305	
331	306	
329	307	
329	308	
330	309	
331	310	
331	311	
331	312	
331	313	
330	314	
329	315	
329	316	
330	317	
330	318	
330	319	
330	320	
328	321	
331	322	
329	323	
329	324	
329	325	
329	326	
329	327	
329	328	
329	329	
329	330	
331	331	
331	332	
331	333	
331	334	
331	335	
331	336	
331	337	
331	338	
331	339	
331	340	
331	341	
331	342	
331	343	
333	343	
332	344	
331	345	
331	346	
331	347	
331	348	
331	349	
331	350	
331	351	
331	352	
331	353	
332	354	
333	355	
333	356	
331	357	
332	358	
334	359	
333	360	
333	361	
333	362	
333	363	
333	364	
334	366	
334	367	
334	368	
334	369	
335	370	
335	371	
335	372	
343	373	
345	374	
345	375	
345	376	
343	377	
345	378	
345	379	
344	380	
343	381	
344	382	
345	383	
347	384	
347	385	
346	386	
347	386	
345	387	
346	388	
346	389	
346	390	
346	391	
346	392	
346	393	
347	394	
347	395	
347	396	
346	397	
345	398	
348	399	
349	399	
346	400	
347	400	
347	401	
347	402	
347	403	
347	404	
346	405	
346	406	
349	407	
349	408	
349	409	
348	410	
346	411	
346	412	
346	413	
346	414	
347	414	
347	415	
347	416	
346	417	
347	418	
346	419	
346	420	
346	421	
347	421	
346	422	
346	423	
346	424	
346	425	
346	426	
346	427	
346	428	
345	429	
345	430	
345	431	
345	432	
345	433	
344	434	
343	435	
343	436	
343	437	
344	438	
344	439	
344	440	
343	441	
343	442	
342	443	
342	444	
343	445	
344	445	
343	446	
342	447	
342	448	
342	449	
342	450	
342	451	
343	452	
343	453	
343	454	
342	455	
343	456	
344	457	
344	458	
344	459	
344	460	
345	460	
345	461	
345	462	
344	463	
344	464	
343	465	
344	465	
343	466	
344	467	
345	468	
344	469	
345	470	
345	471	
345	472	
345	473	
341	474	
345	475	
345	476	
343	477	
343	478	
343	479	
343	480	
344	481	
344	482	
343	483	
343	484	
343	485	
343	486	
342	487	
342	488	
342	489	
344	490	
344	491	
344	492	
344	493	
344	494	
344	495	
344	496	
344	497	
343	498	
343	499	
344	499	
344	500	
343	501	
344	502	
343	503	
343	504	
344	505	
342	506	
342	507	
342	508	
342	509	
342	510	
343	511	
341	512	
341	513	
342	514	
342	515	
343	516	
342	517	
342	518	
341	519	
341	520	
342	520	
341	521	
342	521	
342	522	
343	523	
343	524	
343	525	
341	526	
342	526	
344	527	
344	528	
345	529	
345	530	
343	531	
343	532	
345	533	
344	534	
343	535	
343	536	
346	537	
346	538	
344	539	
344	540	
344	541	
345	542	
345	543	
345	544	
346	545	
346	546	
346	547	
345	548	
345	549	
346	550	
348	551	
348	552	
349	553	
346	554	
347	555	
348	555	
347	556	
348	557	
349	558	
347	559	
347	560	
347	561	
348	562	
347	563	
349	564	
349	565	
349	566	
349	567	
349	568	
349	569	
351	570	
351	571	
351	572	
351	573	
351	574	
351	575	
355	576	
355	577	
353	578	
353	579	
353	580	
353	581	
353	582	
353	583	
354	584	
353	585	
353	586	
357	587	
356	588	
356	589	
353	590	
353	591	
354	592	
355	593	
355	594	
355	595	
355	596	
355	597	
355	598	
355	599	
356	600	
356	601	
355	602	
355	603	
355	604	
356	605	
356	606	
356	607	
356	608	
357	609	
357	610	
357	611	
358	612	
355	613	
359	614	
358	615	
357	616	
357	617	
359	618	
358	619	
357	620	
358	621	
357	622	
357	623	
357	624	
359	625	
356	626	
355	627	
358	628	
358	629	
357	630	
357	631	
358	632	
358	633	
358	634	
358	635	
359	636	
357	637	
358	638	
358	639	
358	640	
358	641	
360	642	
360	643	
360	644	
359	645	
358	646	
357	647	
358	647	
358	648	
359	649	
358	650	
358	651	
359	652	
360	653	
359	654	
359	655	
359	656	
359	657	
359	658	
358	659	
357	660	
358	660	
357	661	
357	662	
358	663	
358	664	
358	665	
357	666	
357	667	
357	668	
358	669	
358	670	
358	671	
357	672	
359	673	
358	674	
357	675	
355	676	
356	677	
355	678	
357	679	
358	680	
358	681	
355	682	
355	683	
358	684	
355	685	
356	685	
356	686	
355	687	
356	688	
356	689	
355	690	
355	691	
354	692	
355	692	
355	693	
355	694	
354	695	
353	696	
353	697	
353	698	
354	698	
353	699	
353	700	
354	701	
357	702	
357	703	
357	704	
355	705	
356	706	
356	707	
357	707	
355	708	
354	709	
356	709	
354	710	
354	711	
353	712	
353	713	
353	714	
353	715	
356	716	
355	717	
356	718	
356	719	
356	720	
353	721	
354	722	
353	723	
353	724	
352	725	
352	726	
353	727	
354	728	
354	729	
353	730	
353	731	
353	732	
353	733	
354	734	
354	735	
353	736	
354	736	
353	737	
353	738	
353	739	
353	740	
353	741	
353	742	
354	743	
353	744	
354	745	
355	746	
353	747	
353	748	
353	749	
353	750	
354	750	
354	751	
353	752	
353	753	
353	754	
353	755	
353	756	
353	757	
353	758	
353	759	
353	760	
353	761	
353	762	
353	763	
353	764	
354	765	
353	766	
353	767	
354	768	
354	769	
354	770	
353	771	
353	772	
352	773	
351	774	
351	775	
352	776	
351	777	
351	778	
351	779	
351	780	
351	781	
351	782	
351	783	
351	784	
351	785	
351	786	
351	787	
351	788	
351	789	
350	790	
353	791	
349	792	
353	792	
349	793	
349	794	
350	795	
350	796	
349	797	
349	798	
349	799	
349	800	
349	801	
347	802	
347	803	
347	804	
347	805	
347	806	
347	807	
347	808	
349	809	
349	810	
349	811	
347	812	
347	813	
347	814	
347	815	
347	816	
343	817	
343	818	
344	819	
345	820	
345	821	
341	822	
343	823	
343	824	
341	825	
341	826	
341	827	
341	828	
341	829	
342	830	
341	831	
341	832	
341	833	
341	834	
342	834	
343	835	
343	836	
343	837	
341	838	
341	839	
341	840	
341	841	
341	842	
341	843	
341	844	
341	845	
341	846	
341	847	
343	848	
343	849	
339	850	
341	851	
341	852	
341	853	
341	854	
341	855	
341	856	
341	857	
339	858	
339	859	
343	860	
343	861	
343	862	
339	863	
340	864	
342	865	
343	866	
343	867	
343	868	
343	869	
343	870	
343	871	
343	872	
341	873	
341	874	
342	875	
343	876	
343	877	
341	878	
341	879	
341	880	
343	881	
343	882	
343	883	
343	884	
339	885	
339	886	
339	887	
339	888	
339	889	
339	891	
339	892	
339	893	
339	894	
339	895	
339	896	
339	897	
339	898	
341	900	
339	901	
341	901	
339	902	
339	903	
339	904	
337	905	
341	906	
341	907	
341	908	
341	909	
351	1023	
351	1024	
353	1025	
355	1033	
