331	283	
331	284	
331	285	
331	286	
331	287	
332	288	
333	289	
333	290	
333	291	
332	292	
332	293	
332	294	
332	295	
333	296	
333	297	
334	297	
333	298	
332	299	
331	300	
332	300	
331	301	
331	302	
331	303	
331	304	
331	305	
333	306	
333	307	
332	308	
331	309	
331	310	
331	311	
330	312	
330	313	
330	314	
331	315	
329	316	
329	317	
329	318	
329	319	
329	320	
329	321	
329	322	
329	323	
330	324	
330	325	
329	326	
329	327	
329	328	
331	329	
331	330	
333	331	
333	332	
331	333	
331	334	
331	335	
331	336	
332	336	
332	337	
331	338	
332	338	
332	339	
332	340	
333	341	
333	342	
331	343	
331	344	
331	345	
332	346	
332	347	
331	348	
333	350	
333	351	
331	352	
331	353	
332	354	
333	355	
333	356	
333	357	
333	358	
335	359	
333	360	
333	361	
333	362	
333	363	
333	364	
333	365	
334	366	
334	367	
333	368	
334	369	
334	370	
333	371	
333	372	
344	375	
343	376	
344	377	
347	378	
347	379	
345	380	
347	380	
347	381	
346	382	
347	383	
345	384	
345	385	
345	386	
345	387	
347	388	
347	389	
347	390	
347	391	
347	392	
347	393	
347	394	
347	395	
347	396	
347	397	
347	398	
347	399	
348	400	
349	401	
348	402	
349	402	
348	403	
348	404	
348	405	
348	406	
348	407	
348	408	
349	409	
349	410	
348	411	
348	412	
348	413	
348	414	
347	415	
347	416	
347	417	
347	418	
347	419	
348	420	
347	421	
347	422	
347	423	
347	424	
348	424	
347	425	
347	426	
346	427	
345	428	
345	429	
345	430	
345	431	
346	431	
346	432	
345	433	
345	434	
345	435	
345	436	
344	437	
345	437	
344	438	
344	439	
344	440	
344	441	
344	442	
344	443	
345	444	
344	445	
344	446	
343	447	
343	448	
343	449	
343	450	
344	451	
344	452	
344	453	
344	454	
343	455	
343	456	
343	457	
343	458	
343	459	
343	460	
344	461	
343	462	
343	463	
344	464	
343	465	
343	466	
343	467	
343	468	
343	469	
343	470	
343	471	
343	472	
343	473	
343	474	
344	475	
343	476	
343	477	
343	478	
344	479	
343	480	
343	481	
343	482	
343	483	
343	484	
343	485	
344	486	
343	487	
343	488	
344	489	
343	490	
344	490	
343	491	
344	492	
343	493	
344	493	
344	494	
344	495	
343	496	
344	497	
344	498	
344	499	
343	500	
343	501	
343	502	
343	503	
343	504	
343	505	
343	506	
343	507	
343	508	
343	509	
343	510	
344	511	
344	512	
344	513	
342	514	
342	515	
342	516	
343	516	
342	517	
343	517	
343	518	
341	519	
342	520	
342	521	
342	522	
343	523	
343	524	
343	525	
343	526	
345	527	
343	528	
343	529	
343	530	
343	531	
343	532	
344	533	
346	534	
346	535	
345	536	
345	537	
346	538	
345	539	
345	540	
345	541	
345	542	
345	543	
345	544	
346	545	
345	546	
345	547	
346	548	
348	549	
349	550	
349	551	
347	552	
347	553	
349	554	
348	555	
350	556	
349	557	
349	558	
349	559	
349	560	
349	561	
350	562	
349	563	
349	564	
351	565	
351	566	
353	567	
353	568	
351	569	
351	570	
351	571	
352	572	
354	573	
352	574	
355	575	
353	576	
353	577	
353	578	
353	579	
353	580	
354	581	
357	582	
353	583	
353	584	
354	585	
355	586	
355	587	
353	588	
356	588	
357	589	
357	590	
356	591	
355	592	
355	593	
356	594	
356	595	
356	596	
356	597	
356	598	
356	599	
355	600	
355	601	
355	602	
355	603	
355	604	
359	605	
355	606	
355	607	
355	608	
355	609	
355	610	
356	611	
361	612	
357	613	
357	614	
358	615	
357	616	
357	617	
357	618	
357	619	
357	620	
360	621	
358	622	
358	623	
359	624	
358	625	
358	626	
359	627	
358	628	
359	629	
358	630	
358	631	
357	632	
357	633	
357	634	
358	635	
358	636	
357	637	
357	638	
357	639	
358	640	
358	641	
360	642	
358	643	
360	644	
358	645	
358	646	
360	647	
360	648	
359	649	
360	650	
359	651	
360	652	
359	653	
359	654	
360	655	
359	656	
358	657	
357	658	
357	659	
357	660	
357	661	
357	662	
358	662	
358	663	
357	664	
358	665	
357	666	
358	667	
357	668	
358	669	
357	670	
358	671	
358	672	
359	673	
358	674	
358	675	
357	676	
357	677	
357	678	
357	679	
358	680	
355	681	
357	682	
355	683	
355	684	
357	685	
355	686	
356	687	
356	688	
356	689	
358	689	
355	690	
355	691	
355	692	
355	693	
356	694	
356	695	
356	696	
356	697	
356	698	
356	699	
356	700	
355	701	
355	702	
354	703	
355	703	
355	704	
356	704	
356	705	
356	706	
356	707	
355	708	
355	709	
355	710	
356	710	
355	711	
355	712	
355	713	
355	714	
356	714	
356	715	
356	716	
356	717	
354	718	
354	719	
355	720	
354	721	
355	722	
353	723	
353	724	
353	725	
354	726	
353	727	
354	728	
355	729	
356	730	
356	731	
356	732	
354	733	
354	734	
353	735	
354	735	
354	736	
354	737	
353	738	
354	738	
353	739	
354	740	
356	740	
356	741	
356	742	
356	743	
356	744	
357	745	
357	746	
357	747	
353	748	
353	749	
353	750	
354	751	
353	752	
354	753	
353	754	
354	755	
354	756	
353	757	
353	758	
353	759	
353	760	
354	760	
353	761	
353	762	
353	763	
353	764	
353	765	
354	766	
353	767	
354	768	
355	768	
353	769	
354	770	
354	771	
353	772	
353	773	
353	774	
355	775	
355	776	
354	777	
353	778	
353	779	
353	780	
354	781	
354	782	
355	782	
355	783	
351	784	
351	785	
351	786	
351	787	
351	788	
351	789	
351	790	
351	791	
351	792	
352	793	
354	794	
353	795	
349	796	
349	797	
350	798	
349	799	
349	800	
350	801	
350	802	
351	803	
347	804	
347	805	
347	806	
351	807	
351	808	
351	809	
350	810	
345	811	
345	812	
347	813	
347	814	
345	815	
345	816	
343	817	
343	818	
343	819	
343	820	
343	821	
347	822	
345	823	
345	824	
345	825	
345	826	
342	827	
342	828	
342	829	
341	830	
341	831	
341	832	
341	833	
341	834	
343	835	
343	836	
341	837	
341	838	
341	839	
341	840	
341	841	
342	841	
342	842	
343	843	
343	844	
343	845	
343	846	
343	847	
345	848	
341	849	
341	850	
341	851	
343	852	
343	853	
341	854	
341	855	
343	856	
343	857	
343	858	
343	859	
343	860	
343	861	
343	862	
342	863	
341	864	
341	865	
344	866	
343	867	
343	868	
341	869	
341	870	
343	871	
343	872	
343	873	
343	874	
343	875	
343	876	
343	877	
343	878	
341	879	
341	880	
339	881	
339	882	
343	883	
343	884	
343	885	
343	886	
343	887	
343	888	
339	889	
339	890	
339	891	
339	892	
343	893	
339	894	
339	895	
339	896	
341	897	
339	898	
339	899	
339	900	
339	901	
339	902	
339	903	
339	908	
339	909	
339	910	
361	1065	
361	1118	
363	1120	
