333	282	
333	283	
332	284	
335	285	
333	286	
333	287	
333	288	
333	289	
333	290	
333	291	
333	292	
333	293	
333	294	
333	295	
333	296	
332	297	
332	298	
333	299	
333	300	
333	301	
332	302	
332	303	
332	304	
332	305	
331	306	
331	307	
332	308	
332	309	
331	310	
331	311	
331	312	
332	313	
331	314	
331	315	
331	316	
331	317	
331	318	
331	319	
331	320	
331	321	
331	322	
331	323	
330	324	
333	325	
330	326	
330	327	
331	328	
331	329	
331	330	
332	331	
331	332	
331	333	
332	334	
332	335	
332	336	
332	337	
332	338	
333	339	
333	340	
333	341	
333	342	
333	343	
333	344	
333	345	
333	346	
333	347	
333	348	
335	349	
333	350	
333	351	
333	352	
335	356	
335	357	
335	358	
333	359	
334	360	
335	361	
334	362	
334	363	
333	364	
333	365	
334	366	
333	367	
334	368	
334	369	
335	370	
335	371	
345	372	
343	373	
343	374	
347	375	
347	378	
345	379	
345	380	
345	381	
349	382	
349	383	
347	384	
346	385	
347	386	
348	387	
348	388	
348	389	
348	390	
347	391	
348	392	
348	393	
348	394	
348	395	
348	396	
349	397	
348	398	
351	399	
348	400	
348	401	
348	402	
348	403	
348	404	
348	405	
348	406	
349	406	
348	407	
348	408	
348	409	
348	410	
347	411	
347	412	
347	413	
349	414	
349	415	
349	416	
348	417	
348	418	
348	419	
348	420	
348	421	
348	422	
347	423	
347	424	
347	425	
346	426	
346	427	
346	428	
348	429	
347	430	
346	431	
346	432	
346	433	
346	434	
346	435	
347	436	
343	437	
343	438	
344	439	
344	440	
344	441	
344	442	
344	443	
344	444	
344	445	
344	446	
344	447	
344	448	
345	448	
345	449	
345	450	
344	451	
345	452	
344	453	
344	454	
344	455	
344	456	
344	457	
344	458	
344	459	
345	460	
344	461	
344	462	
346	463	
346	464	
343	465	
344	466	
344	467	
347	468	
346	469	
345	470	
345	471	
345	472	
345	473	
345	474	
344	475	
343	476	
343	477	
344	478	
344	479	
343	480	
344	481	
345	482	
345	483	
344	484	
345	484	
344	485	
344	486	
344	487	
344	488	
344	489	
343	490	
344	490	
343	491	
343	492	
343	493	
344	493	
344	494	
344	495	
345	495	
345	496	
345	497	
343	498	
344	498	
344	499	
344	500	
345	501	
344	502	
345	503	
344	504	
346	505	
343	506	
343	507	
344	507	
346	507	
344	508	
345	509	
344	510	
345	511	
342	512	
343	513	
342	514	
342	515	
343	516	
344	517	
342	518	
344	519	
343	520	
344	521	
344	522	
343	523	
343	524	
343	525	
343	526	
343	527	
343	528	
343	529	
347	530	
347	531	
345	532	
343	533	
344	534	
347	535	
345	536	
345	537	
345	538	
345	539	
345	540	
345	541	
345	542	
345	543	
345	544	
345	545	
345	546	
347	547	
347	548	
349	549	
349	550	
350	551	
347	552	
347	553	
347	554	
348	554	
348	555	
349	556	
349	557	
350	558	
350	559	
349	560	
350	561	
349	562	
350	562	
350	563	
350	564	
350	565	
353	566	
353	567	
351	568	
351	569	
353	570	
353	571	
356	572	
355	573	
355	574	
354	575	
353	576	
355	577	
355	578	
355	579	
355	580	
355	581	
356	581	
356	582	
355	583	
355	584	
357	585	
357	586	
355	587	
355	588	
355	589	
354	590	
355	591	
356	592	
355	593	
355	594	
356	595	
356	596	
355	597	
355	598	
356	599	
356	600	
358	601	
355	602	
361	603	
359	604	
359	605	
358	606	
357	607	
357	608	
357	609	
357	610	
357	611	
357	612	
357	613	
357	614	
358	615	
358	616	
361	617	
360	618	
357	619	
357	620	
359	621	
360	622	
358	623	
357	624	
361	625	
363	626	
360	627	
358	628	
357	629	
360	630	
359	631	
359	632	
359	633	
359	634	
359	635	
359	636	
359	637	
358	638	
359	638	
360	639	
360	640	
361	640	
360	641	
359	642	
360	643	
360	644	
360	645	
360	646	
361	646	
360	647	
361	647	
359	648	
360	648	
359	649	
360	650	
360	651	
359	652	
360	653	
360	654	
360	655	
361	656	
361	657	
362	657	
360	658	
361	659	
360	660	
359	661	
359	662	
359	663	
358	664	
358	665	
359	666	
359	667	
357	668	
359	669	
360	669	
359	670	
359	671	
360	672	
357	673	
356	674	
359	675	
359	676	
359	677	
358	678	
357	679	
358	680	
357	681	
358	682	
358	683	
359	684	
358	685	
358	686	
358	687	
358	688	
357	689	
357	690	
357	691	
358	692	
358	693	
358	694	
355	695	
356	696	
355	697	
356	697	
356	698	
356	699	
355	700	
355	701	
355	702	
356	702	
356	703	
356	704	
356	705	
355	706	
355	707	
356	708	
357	709	
356	710	
357	710	
356	711	
357	712	
356	713	
355	714	
356	715	
356	716	
355	717	
355	718	
355	719	
356	720	
355	721	
355	722	
355	723	
353	724	
356	725	
357	725	
356	726	
355	727	
357	727	
355	728	
355	729	
357	730	
355	731	
356	731	
357	731	
357	732	
355	733	
356	733	
356	734	
356	735	
356	736	
356	737	
356	738	
355	739	
355	740	
354	741	
355	741	
355	742	
355	743	
355	744	
355	745	
355	746	
355	747	
355	748	
355	749	
355	750	
355	751	
356	752	
355	753	
355	754	
355	755	
355	756	
355	757	
355	758	
355	759	
355	760	
355	761	
355	762	
355	763	
355	764	
355	765	
353	766	
353	767	
353	768	
353	769	
353	770	
354	771	
353	772	
353	773	
353	774	
353	775	
357	776	
356	777	
357	777	
356	778	
357	779	
352	780	
353	780	
353	781	
354	782	
354	783	
354	784	
353	785	
352	786	
354	787	
355	788	
351	789	
351	790	
351	791	
351	792	
352	793	
353	794	
351	795	
351	796	
351	797	
351	798	
351	799	
351	800	
350	801	
349	802	
349	803	
349	804	
351	805	
350	806	
351	806	
350	807	
349	808	
349	809	
348	810	
349	810	
347	811	
347	812	
347	813	
345	814	
345	815	
345	816	
345	817	
345	818	
345	819	
343	820	
343	821	
343	822	
345	823	
345	824	
345	825	
342	826	
343	826	
341	827	
341	828	
341	829	
342	830	
344	831	
345	832	
344	833	
344	834	
341	835	
341	836	
342	837	
345	838	
345	839	
341	840	
341	841	
341	842	
342	843	
343	844	
343	845	
343	846	
343	847	
343	848	
341	849	
341	850	
341	851	
341	852	
341	853	
341	854	
341	855	
341	856	
342	856	
341	857	
341	858	
341	859	
344	860	
343	861	
341	862	
341	863	
341	864	
341	865	
341	866	
341	867	
341	868	
341	869	
341	870	
341	871	
341	872	
341	873	
341	874	
341	875	
341	876	
343	877	
343	878	
341	879	
341	880	
341	881	
341	883	
341	884	
341	885	
341	886	
343	887	
343	888	
341	889	
342	890	
343	891	
343	892	
343	893	
343	894	
339	895	
339	896	
339	899	
339	900	
339	901	
341	902	
341	903	
341	904	
339	905	
339	906	
341	907	
341	908	
343	909	
339	910	
339	911	
339	912	
341	913	
341	914	
346	991	
351	1015	
