335	283	
335	284	
335	285	
335	286	
335	287	
335	288	
335	289	
335	290	
336	291	
336	292	
336	293	
336	294	
336	295	
337	295	
335	296	
335	297	
336	298	
336	299	
335	300	
335	301	
335	302	
335	303	
334	304	
334	305	
335	306	
335	307	
335	308	
335	309	
335	310	
335	311	
334	312	
334	313	
334	314	
333	315	
333	316	
333	317	
333	318	
335	319	
333	320	
333	321	
333	322	
333	323	
333	324	
333	325	
333	326	
335	327	
336	328	
334	329	
334	330	
335	331	
335	332	
335	333	
335	334	
335	335	
337	336	
336	337	
336	338	
336	339	
336	340	
336	341	
336	342	
336	343	
337	344	
337	345	
338	346	
337	347	
336	348	
335	349	
336	349	
335	350	
336	351	
337	352	
337	353	
337	354	
337	355	
339	364	
339	365	
337	366	
339	367	
337	368	
337	369	
337	370	
348	373	
347	374	
347	375	
348	376	
348	377	
349	378	
349	379	
349	380	
351	381	
350	382	
351	382	
349	383	
349	384	
349	385	
350	386	
350	387	
353	388	
353	389	
352	390	
352	391	
351	392	
351	393	
351	394	
352	395	
353	396	
352	397	
352	398	
351	399	
352	399	
352	400	
352	401	
351	402	
352	403	
352	404	
351	405	
352	406	
352	407	
352	408	
352	409	
352	410	
352	411	
351	412	
351	413	
351	414	
351	415	
350	416	
350	417	
350	418	
351	419	
351	420	
350	421	
350	422	
350	423	
350	424	
350	425	
350	426	
349	427	
349	428	
349	429	
349	430	
349	431	
349	432	
349	433	
347	434	
347	435	
347	436	
348	437	
348	438	
348	439	
347	440	
347	441	
347	442	
347	443	
347	444	
347	445	
346	446	
348	446	
347	447	
347	448	
347	449	
347	450	
347	451	
347	452	
347	453	
347	454	
349	455	
347	456	
347	457	
347	458	
347	459	
347	460	
347	461	
347	462	
347	463	
347	464	
347	465	
348	466	
347	467	
348	468	
347	469	
347	470	
348	471	
348	472	
348	473	
349	473	
348	474	
346	475	
346	476	
347	477	
347	478	
347	479	
347	480	
347	481	
347	482	
347	483	
347	484	
349	485	
346	486	
347	487	
348	488	
348	489	
348	490	
348	491	
347	492	
347	493	
347	494	
347	495	
348	496	
348	497	
348	498	
347	499	
348	499	
348	500	
348	501	
349	502	
347	503	
347	504	
349	504	
348	505	
348	506	
347	507	
347	508	
348	508	
346	509	
346	510	
345	511	
345	512	
346	513	
346	514	
346	515	
345	516	
346	517	
346	518	
345	519	
345	520	
345	521	
345	522	
347	523	
347	524	
346	525	
345	526	
347	527	
347	528	
348	529	
349	530	
348	531	
348	532	
348	533	
349	534	
349	535	
348	536	
348	537	
348	538	
349	538	
350	539	
349	540	
349	541	
349	542	
349	543	
350	544	
349	545	
349	546	
350	547	
351	547	
352	548	
351	549	
350	550	
351	551	
352	552	
351	553	
351	554	
351	555	
355	556	
351	557	
351	558	
352	559	
355	560	
353	561	
353	562	
354	563	
355	564	
355	565	
355	566	
355	567	
355	568	
355	569	
357	570	
358	571	
358	572	
358	573	
359	573	
358	574	
358	575	
358	576	
358	577	
359	578	
359	579	
359	580	
360	580	
361	581	
357	582	
357	583	
356	584	
357	585	
357	586	
357	587	
358	588	
357	589	
357	590	
357	591	
360	592	
360	593	
360	594	
360	595	
361	595	
359	596	
359	597	
359	598	
362	599	
359	600	
359	601	
361	602	
363	603	
359	604	
363	604	
359	605	
360	606	
361	606	
362	607	
361	608	
361	609	
361	610	
361	611	
361	612	
361	613	
361	614	
361	615	
361	616	
361	617	
362	617	
361	618	
362	619	
361	620	
362	621	
362	622	
362	623	
362	624	
362	625	
362	626	
361	627	
361	628	
361	629	
362	630	
362	631	
361	632	
362	633	
363	634	
364	635	
366	636	
361	637	
364	637	
362	638	
362	639	
362	640	
361	641	
361	642	
362	643	
362	644	
362	645	
361	646	
362	647	
362	648	
362	649	
362	650	
362	651	
363	652	
364	653	
362	654	
364	655	
363	656	
363	657	
361	658	
361	659	
361	660	
361	661	
363	662	
363	663	
363	664	
362	665	
362	666	
362	667	
362	668	
362	669	
362	670	
363	671	
362	672	
362	673	
361	674	
362	675	
361	676	
361	677	
361	678	
362	679	
362	680	
362	681	
361	682	
361	683	
361	684	
360	685	
359	686	
359	687	
359	688	
359	689	
359	690	
360	691	
360	692	
359	693	
359	694	
359	695	
360	696	
360	697	
360	698	
357	699	
358	699	
361	699	
361	700	
361	701	
360	702	
359	703	
360	704	
360	705	
360	706	
360	707	
359	708	
359	709	
359	710	
358	711	
359	712	
359	713	
359	714	
358	715	
360	716	
360	717	
357	718	
357	719	
357	720	
357	721	
358	722	
358	723	
357	724	
357	725	
357	726	
357	727	
357	728	
357	729	
358	729	
359	729	
359	730	
359	731	
358	732	
359	733	
359	734	
358	735	
358	736	
359	737	
357	738	
357	739	
358	740	
358	741	
358	742	
359	742	
358	743	
358	744	
357	745	
357	746	
357	747	
357	748	
357	749	
358	750	
358	751	
359	752	
359	753	
359	754	
358	755	
357	756	
357	757	
357	758	
357	759	
357	760	
357	761	
357	762	
357	763	
357	764	
357	765	
357	766	
357	767	
357	768	
357	769	
357	770	
358	771	
359	772	
359	773	
359	774	
359	775	
357	776	
357	777	
357	778	
357	779	
357	780	
358	781	
355	782	
355	783	
355	784	
355	785	
355	786	
355	787	
355	788	
355	789	
355	790	
354	791	
353	792	
353	793	
353	794	
355	795	
355	796	
355	797	
355	798	
353	799	
353	800	
353	801	
353	802	
353	803	
355	804	
351	805	
351	806	
354	807	
352	808	
353	809	
349	810	
353	811	
351	812	
350	813	
349	814	
349	815	
348	816	
347	817	
347	818	
349	819	
349	820	
349	821	
347	822	
345	823	
345	824	
345	825	
346	826	
346	827	
345	828	
345	829	
346	830	
344	831	
343	832	
347	833	
347	834	
343	835	
343	836	
344	837	
347	838	
347	839	
347	840	
347	841	
347	842	
345	843	
345	844	
347	844	
347	845	
347	846	
345	847	
347	847	
345	848	
345	849	
345	850	
344	851	
343	852	
343	853	
343	854	
343	855	
343	856	
347	857	
347	858	
343	859	
345	860	
347	861	
347	862	
343	863	
343	864	
343	865	
345	866	
345	867	
345	868	
343	869	
343	870	
343	871	
347	872	
343	873	
343	874	
343	875	
343	876	
343	877	
343	878	
343	879	
343	880	
346	881	
345	882	
345	883	
345	884	
345	885	
345	886	
345	887	
345	888	
345	889	
345	890	
344	891	
341	892	
345	892	
345	893	
345	894	
341	895	
341	896	
341	897	
341	898	
341	899	
341	900	
341	901	
341	902	
341	903	
341	904	
341	905	
341	906	
341	907	
341	908	
341	909	
341	910	
343	911	
365	1092	
367	1093	
368	1116	
