269	54	
337	283	
337	284	
337	285	
336	286	
337	287	
337	288	
337	289	
337	290	
337	291	
337	292	
337	293	
337	294	
338	295	
337	296	
337	297	
337	298	
336	299	
337	300	
336	301	
336	302	
336	303	
336	304	
336	305	
336	306	
336	307	
336	308	
336	309	
335	310	
335	311	
337	312	
337	313	
335	314	
336	314	
335	315	
335	316	
334	317	
334	318	
334	319	
334	320	
334	321	
335	322	
335	323	
335	324	
335	325	
335	326	
337	327	
337	328	
335	329	
335	330	
335	331	
335	332	
337	333	
337	334	
336	335	
337	336	
339	337	
337	338	
337	339	
337	340	
337	341	
337	342	
339	343	
339	344	
339	345	
338	346	
337	347	
337	348	
337	349	
337	350	
339	350	
338	351	
337	352	
337	353	
337	354	
339	355	
339	359	
339	360	
339	361	
347	372	
347	373	
347	374	
349	375	
349	376	
349	377	
349	378	
349	379	
350	379	
350	380	
350	381	
350	382	
353	383	
353	384	
351	385	
352	386	
353	387	
353	388	
353	389	
353	390	
353	391	
353	392	
352	393	
352	394	
352	395	
352	396	
352	397	
352	398	
353	399	
353	400	
352	401	
352	402	
351	403	
351	404	
351	405	
352	406	
353	407	
353	408	
353	409	
351	410	
351	411	
354	412	
353	413	
353	414	
353	415	
353	416	
353	417	
353	418	
351	419	
351	420	
351	421	
351	422	
351	423	
352	423	
351	424	
351	425	
351	426	
350	427	
351	428	
351	429	
350	430	
349	431	
350	432	
350	433	
350	434	
350	435	
351	436	
351	437	
348	438	
348	439	
348	440	
348	441	
348	442	
349	443	
348	444	
348	445	
347	446	
347	447	
348	447	
350	448	
349	449	
349	450	
349	451	
349	452	
348	453	
349	454	
349	455	
349	456	
349	457	
349	458	
349	459	
349	460	
349	461	
349	462	
349	463	
350	464	
349	465	
348	466	
349	466	
348	467	
348	468	
348	469	
347	470	
347	471	
347	472	
348	473	
347	474	
347	475	
349	476	
347	477	
348	478	
349	479	
349	480	
348	481	
348	482	
350	483	
347	484	
348	485	
348	486	
348	487	
348	488	
347	489	
348	489	
348	490	
347	491	
347	492	
348	493	
348	494	
347	495	
349	496	
347	497	
347	498	
347	499	
347	500	
348	501	
348	502	
347	503	
348	503	
348	504	
347	505	
348	505	
347	506	
348	507	
348	508	
348	509	
348	510	
348	511	
348	512	
348	513	
348	514	
349	515	
346	516	
349	516	
346	517	
348	518	
347	519	
347	520	
347	521	
347	522	
347	523	
347	524	
348	524	
347	525	
348	526	
348	527	
347	528	
347	529	
348	530	
349	531	
349	532	
349	533	
350	534	
350	535	
349	536	
349	537	
350	538	
350	539	
350	540	
349	541	
349	542	
349	543	
350	544	
353	545	
353	546	
353	547	
352	548	
351	549	
351	550	
351	551	
351	552	
351	553	
353	554	
353	555	
353	556	
354	557	
353	558	
353	559	
353	560	
353	561	
354	561	
355	562	
355	563	
356	564	
356	565	
356	566	
357	566	
359	567	
359	568	
359	569	
357	570	
359	571	
359	572	
359	573	
358	574	
358	575	
357	576	
358	577	
357	578	
357	579	
358	580	
358	581	
358	582	
360	582	
360	583	
359	584	
359	585	
359	586	
359	587	
360	588	
359	589	
360	590	
360	591	
359	592	
359	593	
360	594	
359	595	
363	596	
360	597	
359	598	
359	599	
359	600	
362	601	
362	602	
363	602	
363	603	
362	604	
363	605	
363	606	
363	607	
364	608	
364	609	
364	610	
365	610	
365	611	
361	612	
361	613	
361	614	
361	615	
361	616	
361	617	
363	618	
363	619	
363	620	
363	621	
364	622	
363	623	
364	624	
364	625	
364	626	
365	626	
364	627	
365	628	
363	629	
363	630	
364	631	
363	632	
363	633	
364	634	
363	635	
363	636	
363	637	
363	638	
363	639	
364	640	
364	641	
364	642	
363	643	
363	644	
363	645	
364	646	
364	647	
363	648	
363	649	
364	650	
364	651	
364	652	
365	653	
363	654	
364	655	
364	656	
363	657	
363	658	
363	659	
363	660	
364	661	
363	662	
364	662	
363	663	
364	664	
365	665	
364	666	
366	667	
365	668	
362	669	
361	670	
361	671	
361	672	
361	673	
364	674	
365	675	
365	676	
362	677	
361	678	
360	679	
360	680	
360	681	
360	682	
361	683	
361	684	
361	685	
361	686	
362	686	
361	687	
361	688	
362	689	
362	690	
362	691	
362	692	
360	693	
359	694	
360	695	
360	696	
359	697	
360	697	
360	698	
360	699	
361	700	
361	701	
362	701	
362	702	
360	703	
360	704	
360	705	
359	706	
359	707	
359	708	
359	709	
360	710	
362	710	
359	711	
360	712	
360	713	
360	714	
360	715	
360	716	
360	717	
361	718	
361	719	
362	720	
359	721	
359	722	
359	723	
359	724	
359	725	
359	726	
359	727	
359	728	
359	729	
359	730	
359	731	
360	732	
361	733	
360	734	
361	734	
360	735	
360	736	
360	737	
360	738	
360	739	
361	740	
357	741	
357	742	
362	743	
361	744	
360	745	
360	746	
361	747	
361	748	
360	749	
360	750	
359	751	
359	752	
359	753	
359	754	
359	755	
359	756	
360	757	
360	758	
359	759	
357	760	
358	761	
358	762	
358	763	
360	764	
361	765	
361	766	
357	767	
359	767	
358	768	
358	769	
357	770	
357	771	
361	772	
361	773	
360	774	
358	775	
357	776	
360	777	
360	778	
357	779	
358	779	
358	780	
359	781	
359	782	
355	783	
359	784	
359	785	
357	786	
357	787	
356	788	
355	789	
355	790	
355	791	
355	792	
355	793	
355	794	
355	795	
355	796	
354	797	
353	798	
353	799	
353	800	
353	801	
353	802	
354	803	
355	804	
353	805	
353	806	
355	807	
351	808	
353	809	
353	810	
355	811	
351	812	
351	813	
351	814	
352	815	
353	816	
353	817	
351	818	
351	819	
351	820	
347	821	
347	822	
349	823	
349	824	
347	825	
347	826	
347	827	
346	828	
345	829	
345	830	
345	831	
349	832	
345	833	
345	834	
345	835	
345	836	
345	837	
345	838	
347	839	
347	840	
347	841	
345	842	
345	843	
345	844	
345	845	
345	846	
345	847	
345	848	
345	849	
347	850	
345	851	
347	852	
347	853	
344	854	
347	855	
347	856	
347	857	
347	858	
345	859	
345	860	
345	861	
345	862	
347	863	
347	864	
345	865	
345	866	
347	867	
347	868	
345	869	
345	870	
343	871	
343	872	
345	873	
347	874	
343	875	
343	876	
343	877	
343	878	
343	879	
343	880	
343	881	
343	882	
343	883	
343	884	
343	885	
343	886	
343	887	
343	888	
343	889	
343	890	
345	891	
345	892	
345	893	
345	894	
345	895	
345	896	
345	897	
341	899	
341	900	
345	901	
345	902	
345	903	
345	904	
341	905	
341	906	
345	908	
345	909	
345	910	
341	911	
358	1035	
369	1084	
369	1085	
369	1086	
369	1087	
367	1088	
367	1089	
