189	506	
191	507	
191	508	
191	509	
189	510	
189	511	
189	512	
189	513	
189	514	
189	515	
191	516	
192	517	
192	518	
192	519	
192	520	
192	521	
192	522	
193	523	
194	524	
191	525	
191	526	
192	527	
193	528	
193	529	
191	530	
191	531	
194	532	
194	533	
192	534	
192	535	
195	536	
195	537	
195	538	
194	539	
195	539	
194	540	
195	540	
194	541	
194	542	
194	543	
194	544	
194	545	
193	546	
192	547	
192	548	
191	549	
191	550	
191	551	
191	552	
191	553	
192	553	
192	554	
192	555	
192	556	
192	557	
191	558	
192	558	
191	559	
188	560	
188	561	
188	562	
188	563	
189	564	
188	565	
187	566	
187	567	
189	568	
189	569	
189	570	
189	571	
187	572	
187	573	
187	576	
189	577	
189	578	
189	579	
189	580	
189	581	
187	582	
195	589	
193	590	
193	591	
195	594	
195	595	
195	596	
197	597	
197	598	
195	599	
195	600	
195	601	
193	602	
194	603	
194	604	
195	605	
195	606	
195	607	
194	608	
195	608	
194	609	
195	609	
195	610	
195	611	
195	612	
195	613	
194	614	
195	614	
193	615	
193	616	
193	617	
194	618	
193	619	
193	620	
193	621	
197	622	
197	623	
197	624	
196	625	
196	626	
196	627	
197	628	
197	629	
197	630	
197	631	
194	632	
194	633	
197	634	
197	635	
197	636	
198	636	
197	637	
196	638	
195	639	
195	640	
196	640	
196	641	
196	642	
196	643	
196	644	
196	645	
196	646	
196	647	
196	648	
194	649	
194	650	
194	651	
194	652	
194	653	
194	654	
195	654	
195	655	
195	656	
195	657	
195	658	
191	659	
191	660	
191	661	
195	661	
195	662	
192	663	
192	664	
195	665	
194	666	
194	667	
193	668	
193	669	
193	670	
193	671	
193	672	
190	673	
193	673	
192	674	
191	675	
192	676	
193	677	
192	678	
191	679	
191	680	
191	681	
191	682	
191	683	
191	684	
191	685	
188	686	
188	687	
188	688	
189	689	
189	690	
189	691	
190	692	
188	693	
189	694	
187	702	
187	703	
185	704	
185	705	
185	706	
109	794	
