341	282	
341	283	
339	284	
339	285	
339	286	
340	286	
339	287	
339	288	
339	289	
340	290	
340	291	
339	292	
339	293	
339	294	
339	295	
338	296	
339	297	
339	298	
340	298	
340	299	
340	300	
339	301	
338	302	
339	302	
338	303	
338	304	
338	305	
338	306	
338	307	
337	308	
337	309	
337	310	
337	311	
337	312	
337	313	
337	314	
337	315	
336	316	
336	317	
336	318	
337	319	
337	320	
336	321	
336	322	
336	323	
337	324	
337	325	
337	326	
337	327	
337	328	
337	329	
337	330	
337	331	
337	332	
338	333	
338	334	
338	335	
338	336	
339	337	
339	338	
339	339	
339	340	
339	341	
339	342	
339	343	
339	344	
339	345	
340	345	
339	346	
340	347	
339	348	
339	349	
339	350	
340	351	
340	352	
341	353	
341	354	
341	355	
341	356	
341	364	
341	365	
341	366	
343	367	
341	368	
351	372	
351	373	
351	374	
351	375	
351	376	
351	377	
351	378	
352	379	
351	380	
355	381	
355	382	
355	383	
355	384	
353	385	
353	386	
353	387	
353	388	
353	389	
353	390	
354	391	
356	392	
356	393	
354	394	
354	395	
354	396	
354	397	
354	398	
354	399	
354	400	
354	401	
354	402	
354	403	
353	404	
354	405	
354	406	
354	407	
354	408	
354	409	
354	410	
353	411	
353	412	
354	413	
354	414	
354	415	
354	416	
354	417	
353	418	
353	419	
353	420	
353	421	
353	422	
353	423	
354	424	
354	425	
352	426	
353	427	
353	428	
353	429	
353	430	
352	431	
351	432	
351	433	
352	434	
353	435	
353	436	
350	437	
350	438	
350	439	
351	440	
351	441	
351	442	
350	443	
349	444	
349	445	
350	446	
350	447	
350	448	
350	449	
350	450	
350	451	
350	452	
349	453	
350	454	
350	455	
350	456	
352	457	
352	458	
349	459	
350	460	
350	461	
350	462	
350	463	
351	464	
351	465	
351	466	
351	467	
350	468	
350	469	
351	470	
350	471	
350	472	
350	473	
350	474	
350	475	
350	476	
351	476	
351	477	
351	478	
351	479	
352	480	
353	480	
353	481	
349	482	
349	483	
350	484	
350	485	
350	486	
349	487	
350	488	
349	489	
350	490	
350	491	
351	491	
351	492	
350	493	
350	494	
350	495	
349	496	
350	496	
349	497	
349	498	
350	499	
350	500	
350	501	
350	502	
350	503	
350	504	
349	505	
350	506	
349	507	
350	508	
350	509	
351	510	
350	511	
350	512	
349	513	
350	513	
350	514	
350	515	
351	516	
351	517	
351	518	
348	519	
350	519	
349	520	
349	521	
350	521	
350	522	
350	523	
349	524	
349	525	
350	526	
350	527	
353	527	
353	528	
351	529	
351	530	
352	531	
351	532	
352	533	
352	534	
352	535	
353	536	
353	537	
345	538	
351	539	
351	540	
352	541	
351	542	
352	543	
352	544	
352	545	
353	546	
354	547	
354	548	
355	549	
355	550	
354	551	
353	552	
357	553	
357	554	
357	555	
357	556	
355	557	
355	558	
356	559	
357	560	
357	561	
357	562	
357	563	
357	564	
357	565	
360	566	
360	567	
360	568	
358	569	
359	570	
359	571	
360	572	
359	573	
361	574	
359	575	
360	576	
359	577	
359	578	
359	579	
359	580	
359	581	
363	582	
360	583	
361	584	
361	585	
361	586	
362	587	
361	588	
361	589	
361	590	
362	591	
361	592	
365	593	
365	594	
365	595	
361	596	
362	597	
362	598	
363	599	
363	600	
362	601	
363	601	
362	602	
363	603	
366	604	
366	605	
363	606	
363	607	
365	608	
365	609	
364	610	
365	611	
366	612	
365	613	
365	614	
364	615	
367	616	
366	617	
366	618	
366	619	
367	620	
367	621	
367	622	
366	623	
366	624	
366	625	
365	626	
365	627	
366	628	
366	629	
367	629	
366	630	
366	631	
366	632	
365	633	
366	634	
366	635	
365	636	
365	637	
365	638	
365	639	
366	640	
366	641	
365	642	
365	643	
366	643	
365	644	
366	644	
366	645	
365	646	
365	647	
366	648	
366	649	
365	650	
365	651	
366	652	
365	653	
367	653	
365	654	
365	655	
365	656	
365	657	
365	658	
365	659	
366	660	
365	661	
365	662	
365	663	
366	664	
367	665	
367	666	
363	667	
363	668	
364	669	
368	670	
364	671	
363	672	
366	672	
366	673	
367	674	
366	675	
366	676	
363	677	
366	677	
364	678	
364	679	
363	680	
363	681	
364	682	
363	683	
363	684	
363	685	
363	686	
363	687	
363	688	
363	689	
363	690	
363	691	
362	692	
364	692	
361	693	
361	694	
362	695	
363	696	
361	697	
361	698	
362	699	
361	700	
362	700	
361	701	
361	702	
362	703	
361	704	
363	705	
361	706	
363	706	
363	707	
362	708	
361	709	
361	710	
361	711	
361	712	
361	713	
362	713	
361	714	
361	715	
363	715	
361	716	
361	717	
361	718	
361	719	
361	720	
361	721	
361	722	
361	723	
362	724	
362	725	
362	726	
361	727	
360	728	
361	729	
362	730	
362	731	
363	731	
361	732	
361	733	
361	734	
361	735	
362	735	
361	736	
361	737	
361	738	
361	739	
361	740	
361	741	
362	742	
362	743	
362	744	
362	745	
363	746	
359	747	
363	748	
363	749	
361	750	
361	751	
361	752	
361	753	
361	754	
360	755	
361	756	
361	757	
361	758	
361	759	
360	760	
360	761	
360	762	
360	763	
359	764	
359	765	
360	765	
359	766	
359	767	
359	768	
359	769	
363	769	
359	770	
362	771	
363	772	
363	773	
363	774	
359	775	
359	776	
360	777	
360	778	
359	779	
359	780	
360	781	
360	782	
358	783	
358	784	
358	785	
358	786	
357	787	
357	788	
357	789	
357	790	
357	791	
357	792	
357	793	
358	794	
358	795	
356	796	
357	797	
357	798	
359	799	
359	800	
355	801	
355	802	
356	803	
355	804	
355	805	
355	806	
355	807	
355	808	
355	809	
355	810	
356	810	
357	811	
351	812	
355	812	
355	813	
351	814	
353	814	
354	814	
351	815	
351	816	
355	817	
355	818	
351	819	
349	820	
349	821	
349	822	
349	823	
349	824	
347	825	
347	826	
347	827	
347	828	
349	829	
349	830	
347	831	
347	832	
349	833	
349	834	
349	835	
347	836	
349	837	
349	838	
349	839	
349	840	
347	841	
347	842	
349	843	
349	844	
349	845	
349	846	
349	847	
349	848	
347	849	
347	850	
347	851	
347	852	
348	853	
349	854	
347	855	
347	856	
349	857	
349	858	
349	859	
349	860	
349	861	
349	862	
349	863	
347	864	
345	865	
347	866	
347	867	
347	868	
345	869	
345	870	
345	871	
345	872	
345	873	
345	874	
345	875	
345	876	
345	877	
345	878	
345	879	
345	880	
345	881	
345	882	
347	883	
347	884	
345	885	
345	886	
343	887	
343	888	
343	889	
347	891	
347	892	
347	893	
347	894	
343	895	
343	896	
343	897	
347	897	
343	898	
343	899	
343	900	
343	901	
343	902	
343	903	
343	904	
343	905	
343	906	
343	907	
345	908	
345	909	
353	1007	
353	1008	
355	1009	
365	1066	
367	1085	
371	1086	
371	1087	
369	1089	
371	1102	
371	1103	
371	1104	
371	1105	
