275	23	
340	282	
341	283	
341	285	
341	286	
340	287	
341	288	
340	289	
341	290	
341	291	
341	292	
341	293	
341	294	
341	295	
341	296	
341	297	
340	298	
341	298	
340	299	
340	300	
340	301	
340	302	
340	303	
339	304	
339	305	
341	306	
339	307	
339	308	
339	309	
339	310	
339	311	
339	312	
339	313	
338	314	
337	315	
339	316	
339	317	
339	318	
339	319	
338	320	
337	321	
338	321	
341	322	
341	323	
341	324	
339	325	
339	326	
339	327	
339	328	
339	329	
339	330	
339	331	
339	332	
341	333	
340	334	
339	335	
339	336	
343	337	
342	338	
341	339	
341	340	
341	341	
341	342	
341	343	
341	344	
341	345	
342	346	
343	347	
341	348	
341	349	
341	350	
342	351	
343	352	
343	353	
343	354	
342	355	
342	356	
342	357	
343	358	
343	359	
341	360	
341	361	
341	362	
341	363	
344	364	
343	365	
343	366	
341	367	
341	368	
343	369	
343	370	
351	372	
351	373	
351	374	
355	375	
355	376	
353	377	
353	378	
353	379	
353	380	
355	381	
356	382	
355	383	
355	384	
355	385	
355	386	
355	387	
356	388	
356	389	
356	390	
356	391	
357	392	
357	393	
357	394	
356	395	
356	396	
356	397	
356	398	
355	399	
355	400	
356	400	
356	401	
356	402	
356	403	
356	404	
356	405	
356	406	
356	407	
356	408	
356	409	
355	410	
355	411	
355	412	
355	413	
355	414	
355	415	
355	416	
356	416	
356	417	
356	418	
355	419	
355	420	
355	421	
355	422	
355	423	
354	424	
354	425	
354	426	
354	427	
354	428	
354	429	
354	430	
354	431	
355	432	
354	433	
354	434	
354	435	
352	436	
352	437	
352	438	
352	439	
352	440	
352	441	
352	442	
352	443	
353	444	
353	445	
353	446	
351	447	
352	448	
352	449	
352	450	
352	451	
352	452	
352	453	
352	454	
352	455	
352	456	
352	457	
353	458	
353	459	
353	460	
353	461	
353	462	
352	463	
352	464	
352	465	
353	466	
352	467	
354	468	
353	469	
353	470	
353	471	
353	472	
352	473	
353	474	
353	475	
353	476	
352	477	
352	478	
352	479	
352	480	
352	481	
352	482	
353	482	
353	483	
353	484	
352	485	
352	486	
352	487	
351	488	
352	488	
351	489	
351	490	
352	491	
352	492	
351	493	
352	493	
352	494	
352	495	
351	496	
352	497	
352	498	
352	499	
353	500	
353	501	
351	502	
352	502	
352	503	
352	504	
351	505	
351	506	
352	507	
352	508	
351	509	
351	510	
352	511	
351	512	
352	512	
350	513	
350	514	
350	515	
350	516	
351	516	
351	517	
350	518	
350	519	
350	520	
350	521	
350	522	
350	523	
355	524	
351	525	
351	526	
353	527	
353	528	
355	529	
352	530	
353	531	
353	532	
353	533	
355	534	
355	535	
355	536	
353	537	
353	538	
353	539	
353	540	
353	541	
353	542	
357	543	
357	544	
355	545	
355	546	
357	547	
357	548	
357	549	
356	550	
357	551	
358	552	
359	552	
357	553	
357	554	
357	555	
360	556	
360	557	
359	558	
359	559	
359	560	
359	561	
359	562	
360	563	
360	564	
360	565	
360	566	
359	567	
363	568	
363	569	
361	570	
359	571	
362	572	
361	573	
361	574	
361	575	
361	576	
361	577	
362	577	
362	578	
361	579	
361	580	
363	581	
361	582	
362	583	
362	584	
364	584	
364	585	
365	586	
365	587	
364	588	
363	589	
363	590	
363	591	
365	592	
364	593	
363	594	
363	595	
364	596	
364	597	
365	597	
365	598	
364	599	
365	600	
366	601	
366	602	
366	603	
367	604	
367	605	
368	606	
368	607	
367	608	
367	609	
366	610	
365	611	
365	612	
365	613	
365	614	
366	615	
366	616	
366	617	
367	618	
367	619	
366	620	
367	621	
367	622	
368	623	
368	624	
368	625	
366	626	
369	626	
367	627	
366	628	
369	629	
368	630	
365	631	
366	632	
366	633	
365	634	
365	635	
366	635	
365	636	
365	637	
366	638	
366	639	
367	640	
366	641	
366	642	
367	643	
369	644	
369	645	
369	646	
369	647	
368	648	
368	649	
367	650	
369	650	
367	651	
368	651	
368	652	
367	653	
368	653	
368	654	
368	655	
367	656	
368	657	
367	658	
368	658	
368	659	
368	660	
368	661	
368	662	
368	663	
366	664	
366	665	
368	665	
367	666	
366	667	
367	667	
366	668	
365	669	
365	670	
365	671	
365	672	
366	672	
365	673	
365	674	
365	675	
366	676	
366	677	
365	678	
365	679	
365	680	
365	681	
366	682	
365	683	
366	684	
365	685	
366	686	
366	687	
367	688	
365	689	
367	689	
365	690	
366	691	
366	692	
365	693	
365	694	
363	695	
364	695	
365	696	
364	697	
363	698	
363	699	
364	699	
364	700	
364	701	
362	702	
363	703	
364	704	
364	705	
364	706	
364	707	
364	708	
365	708	
365	709	
365	710	
365	711	
365	712	
364	713	
364	714	
363	715	
363	716	
363	717	
364	718	
363	719	
363	720	
364	721	
363	722	
364	723	
363	724	
363	725	
364	726	
364	727	
363	728	
363	729	
363	730	
364	730	
364	731	
364	732	
364	733	
363	734	
362	735	
365	736	
365	737	
365	738	
366	739	
365	740	
365	741	
365	742	
365	743	
365	744	
363	745	
363	746	
363	747	
361	748	
364	749	
364	750	
365	750	
365	751	
362	752	
362	753	
362	754	
361	755	
364	756	
364	757	
364	758	
364	759	
363	760	
362	761	
361	762	
361	763	
361	764	
361	765	
361	766	
361	767	
361	768	
362	769	
362	770	
362	771	
361	772	
362	772	
363	772	
361	773	
361	774	
361	775	
361	776	
361	777	
361	778	
362	778	
361	779	
361	780	
361	781	
360	782	
359	783	
359	784	
363	785	
363	786	
359	787	
359	788	
359	789	
360	790	
360	791	
360	792	
359	793	
359	794	
359	795	
360	796	
360	797	
359	798	
357	799	
357	800	
361	801	
357	802	
357	803	
357	804	
357	805	
358	806	
358	807	
355	808	
355	809	
355	810	
355	811	
355	812	
355	813	
353	814	
357	815	
357	816	
355	817	
357	817	
355	818	
351	819	
351	820	
351	821	
352	822	
353	823	
353	824	
351	825	
351	826	
349	827	
349	828	
349	829	
348	830	
349	831	
349	832	
351	833	
351	834	
347	835	
347	836	
351	837	
351	838	
347	839	
351	840	
351	841	
351	842	
347	843	
347	844	
350	845	
351	845	
351	846	
347	847	
347	848	
347	849	
347	850	
347	851	
347	852	
347	853	
347	854	
349	855	
349	856	
349	857	
347	858	
347	859	
347	860	
347	861	
347	862	
351	863	
349	864	
349	865	
347	866	
347	867	
347	868	
347	869	
349	870	
349	871	
349	872	
347	873	
347	874	
349	875	
349	876	
349	877	
349	878	
349	879	
349	880	
349	881	
347	882	
346	883	
345	884	
345	885	
345	886	
345	887	
345	888	
345	889	
345	890	
345	891	
345	892	
347	893	
347	894	
347	895	
347	896	
347	898	
347	899	
347	900	
347	901	
343	902	
347	903	
347	904	
347	905	
347	906	
347	967	
347	968	
349	969	
363	1033	
365	1051	
369	1053	
369	1059	
369	1089	
369	1094	
370	1095	
369	1100	
