275	60	
275	61	
275	62	
275	64	
275	65	
275	66	
275	67	
275	68	
275	69	
343	280	
343	281	
343	282	
345	283	
345	284	
345	285	
344	286	
343	287	
344	288	
344	289	
344	290	
344	291	
344	292	
344	293	
344	294	
344	295	
344	296	
344	297	
344	298	
344	299	
343	300	
343	301	
344	302	
344	303	
344	304	
344	305	
342	306	
342	307	
342	308	
343	309	
343	310	
343	311	
343	312	
342	313	
342	314	
342	315	
342	316	
342	317	
342	318	
342	319	
343	320	
343	321	
343	322	
342	323	
343	324	
343	325	
342	326	
342	327	
343	328	
343	329	
344	330	
344	331	
343	332	
343	333	
344	334	
345	335	
345	336	
345	337	
344	338	
344	339	
346	340	
347	341	
347	342	
345	343	
347	344	
347	345	
345	346	
345	347	
345	348	
346	349	
345	350	
345	351	
346	352	
346	353	
346	354	
347	355	
346	356	
347	357	
346	358	
346	359	
346	360	
346	361	
346	362	
346	363	
346	364	
347	365	
346	366	
346	367	
346	368	
346	369	
347	370	
347	371	
347	372	
359	373	
357	374	
357	375	
357	376	
357	377	
357	378	
357	379	
357	380	
357	381	
358	381	
358	382	
359	383	
359	384	
359	385	
359	386	
361	387	
359	388	
360	388	
359	389	
359	390	
359	391	
359	392	
359	393	
359	394	
359	395	
359	396	
359	397	
360	398	
361	399	
360	400	
359	401	
359	402	
361	403	
361	404	
359	405	
359	406	
361	407	
361	408	
360	409	
360	410	
360	411	
360	412	
359	413	
360	414	
360	415	
359	416	
360	417	
359	418	
360	418	
359	419	
359	420	
360	421	
361	422	
360	423	
358	424	
359	425	
359	426	
359	427	
359	428	
359	429	
358	430	
358	431	
358	432	
358	433	
357	434	
357	435	
357	436	
357	437	
356	438	
356	439	
355	440	
356	441	
355	442	
355	443	
355	444	
356	445	
356	446	
355	447	
356	448	
355	449	
356	449	
355	450	
355	451	
356	452	
356	453	
356	454	
356	455	
356	456	
356	457	
356	458	
356	459	
356	460	
356	461	
356	462	
356	463	
356	464	
356	465	
357	466	
356	467	
356	468	
355	469	
355	470	
355	471	
355	472	
356	472	
356	473	
356	474	
355	475	
355	476	
355	477	
355	478	
356	479	
355	480	
355	481	
355	482	
355	483	
355	484	
356	485	
355	486	
356	486	
355	487	
356	488	
356	489	
356	490	
356	491	
356	492	
355	493	
355	494	
357	495	
357	496	
357	497	
356	498	
356	499	
356	500	
356	501	
356	502	
356	503	
356	504	
355	505	
355	506	
357	507	
355	508	
356	509	
355	510	
355	511	
356	512	
355	513	
354	514	
354	515	
355	516	
354	517	
355	518	
355	519	
355	520	
355	521	
357	522	
357	523	
355	524	
356	525	
359	526	
355	527	
356	528	
359	529	
359	530	
357	531	
357	532	
358	533	
358	534	
357	535	
357	536	
358	537	
358	538	
359	538	
358	539	
358	540	
358	541	
359	542	
361	543	
361	544	
360	545	
362	545	
360	546	
360	547	
363	548	
362	549	
363	550	
363	551	
362	552	
361	553	
361	554	
363	555	
364	555	
364	556	
361	557	
361	558	
362	559	
362	560	
362	561	
361	562	
363	563	
363	564	
364	565	
364	566	
364	567	
363	568	
363	569	
364	570	
363	571	
363	572	
367	573	
365	574	
365	575	
366	576	
366	577	
365	578	
366	579	
365	580	
365	581	
365	582	
366	583	
368	584	
368	585	
368	586	
367	587	
367	588	
367	589	
367	590	
367	591	
368	592	
367	593	
367	594	
367	595	
367	596	
367	597	
367	598	
367	599	
367	600	
369	601	
369	602	
369	603	
369	604	
369	605	
369	606	
369	607	
369	608	
369	609	
370	609	
369	610	
369	611	
370	612	
369	613	
367	614	
368	614	
369	615	
369	616	
369	617	
369	618	
371	619	
370	620	
370	621	
369	622	
369	623	
369	624	
369	625	
369	626	
370	627	
369	628	
370	629	
370	630	
371	631	
371	632	
371	633	
370	634	
372	635	
370	636	
373	637	
369	638	
373	638	
373	639	
373	640	
371	641	
369	642	
369	643	
369	644	
369	645	
369	646	
370	647	
372	648	
371	649	
372	650	
371	651	
369	652	
369	653	
370	654	
369	655	
370	656	
369	657	
369	658	
369	659	
369	660	
370	661	
369	662	
369	663	
370	664	
369	665	
370	666	
369	667	
369	668	
371	669	
370	670	
369	671	
369	672	
369	673	
369	674	
370	675	
369	676	
370	676	
370	677	
370	678	
369	679	
370	679	
370	680	
370	681	
372	681	
371	682	
372	683	
369	684	
369	685	
371	686	
368	687	
367	688	
369	689	
370	690	
369	691	
369	692	
369	693	
369	694	
369	695	
367	696	
369	697	
366	698	
367	699	
367	700	
367	701	
368	702	
368	703	
367	704	
369	704	
368	705	
369	706	
368	707	
368	708	
367	709	
368	710	
368	711	
368	712	
368	713	
368	714	
369	715	
367	716	
367	717	
367	718	
367	719	
367	720	
366	721	
367	721	
365	722	
366	722	
366	723	
368	724	
365	725	
365	726	
367	727	
368	728	
368	729	
368	730	
367	731	
368	732	
368	733	
367	734	
369	735	
369	736	
368	737	
367	738	
367	739	
365	740	
365	741	
368	742	
367	743	
368	744	
368	745	
365	746	
366	747	
366	748	
365	749	
365	750	
368	750	
368	751	
366	752	
365	753	
366	753	
365	754	
365	755	
366	756	
365	757	
365	758	
366	759	
365	760	
365	761	
365	762	
365	763	
368	764	
366	765	
365	766	
368	767	
369	767	
369	768	
365	769	
365	770	
365	771	
365	772	
365	773	
365	774	
365	775	
364	776	
365	777	
365	778	
365	779	
363	780	
365	780	
365	781	
365	782	
367	783	
367	784	
363	785	
363	786	
363	787	
363	788	
363	789	
365	790	
365	791	
364	792	
365	793	
365	794	
365	795	
363	796	
363	797	
362	798	
361	799	
361	800	
361	801	
361	802	
364	803	
363	804	
361	805	
361	806	
363	807	
363	808	
361	809	
361	810	
359	811	
359	812	
359	813	
361	814	
361	815	
359	816	
359	817	
359	818	
355	819	
355	820	
357	821	
357	822	
357	823	
355	824	
355	825	
355	826	
355	827	
353	828	
353	829	
351	830	
351	831	
351	832	
353	833	
353	834	
353	835	
354	836	
351	837	
351	838	
351	839	
351	840	
351	841	
350	842	
351	843	
351	844	
350	845	
349	846	
351	847	
351	848	
353	849	
353	850	
353	851	
351	852	
351	853	
351	854	
351	855	
351	856	
351	857	
363	858	
350	859	
352	859	
353	860	
349	861	
349	862	
351	862	
350	863	
353	864	
353	865	
353	866	
349	867	
349	868	
349	869	
349	870	
349	871	
349	872	
349	873	
349	874	
350	875	
350	876	
350	877	
351	877	
351	878	
351	879	
351	880	
351	881	
349	882	
349	883	
349	884	
349	885	
351	886	
351	887	
347	888	
347	889	
349	890	
351	891	
351	892	
349	893	
349	894	
349	895	
349	896	
347	897	
347	898	
350	899	
347	900	
347	901	
347	902	
347	903	
347	904	
347	905	
347	906	
349	907	
349	908	
349	962	
357	998	
363	1013	
365	1027	
369	1037	
371	1059	
375	1080	
375	1081	
373	1082	
373	1083	
