279	47	
277	67	
345	281	
346	282	
347	283	
347	284	
346	285	
346	286	
346	287	
347	288	
346	289	
346	290	
346	291	
346	292	
346	293	
346	294	
347	295	
346	296	
346	297	
346	298	
346	299	
346	300	
346	301	
347	302	
347	303	
346	304	
345	305	
345	306	
345	307	
344	308	
344	309	
347	310	
345	311	
345	312	
345	313	
344	314	
344	315	
345	316	
345	317	
344	318	
344	319	
345	320	
345	321	
344	322	
343	323	
345	324	
345	325	
347	326	
347	327	
345	328	
345	329	
346	330	
346	331	
345	332	
346	332	
345	333	
346	334	
347	335	
348	336	
346	337	
346	338	
349	339	
348	340	
348	341	
347	342	
347	343	
347	344	
347	345	
347	346	
347	347	
348	348	
349	349	
349	350	
348	351	
348	352	
347	353	
348	354	
348	355	
348	356	
349	357	
349	358	
348	359	
348	360	
349	361	
348	362	
347	363	
348	364	
349	365	
349	366	
348	367	
349	367	
349	368	
349	369	
349	370	
361	373	
360	374	
359	375	
359	376	
359	377	
359	378	
359	379	
359	380	
359	381	
359	382	
360	383	
360	384	
360	385	
361	385	
361	386	
361	387	
361	388	
361	389	
364	389	
363	390	
361	391	
361	392	
361	393	
362	394	
362	395	
362	396	
361	397	
362	398	
362	399	
361	400	
361	401	
362	402	
362	403	
362	404	
362	405	
362	406	
361	407	
361	408	
361	409	
361	410	
361	411	
362	412	
362	413	
362	414	
362	415	
361	416	
362	417	
363	418	
360	419	
361	420	
361	421	
362	422	
362	423	
362	424	
360	425	
360	426	
360	427	
360	428	
360	429	
360	430	
361	431	
360	432	
359	433	
359	434	
359	435	
360	436	
358	437	
358	438	
359	439	
359	440	
360	441	
359	442	
358	443	
359	443	
358	444	
358	445	
358	446	
357	447	
357	448	
358	449	
358	450	
359	451	
359	452	
359	453	
359	454	
358	455	
359	455	
358	456	
359	457	
359	458	
358	459	
358	460	
359	461	
358	462	
359	462	
358	463	
358	464	
359	464	
358	465	
358	466	
357	467	
357	468	
357	469	
358	470	
357	471	
358	471	
358	472	
360	473	
359	474	
359	475	
358	476	
358	477	
358	478	
358	479	
358	480	
358	481	
358	482	
358	483	
358	484	
357	485	
357	486	
357	487	
357	488	
359	489	
359	490	
359	491	
358	492	
357	493	
357	494	
357	495	
358	496	
358	497	
358	498	
358	499	
357	500	
358	501	
357	502	
357	503	
357	504	
357	505	
357	506	
357	507	
357	508	
358	509	
357	510	
357	511	
357	512	
356	513	
357	514	
357	515	
357	516	
356	517	
357	518	
357	519	
357	520	
357	521	
358	522	
358	523	
357	524	
357	525	
357	526	
357	527	
357	528	
357	529	
358	530	
359	531	
359	532	
359	533	
359	534	
359	535	
360	536	
360	537	
360	538	
362	539	
362	540	
361	541	
361	542	
361	543	
363	544	
361	545	
362	545	
365	546	
364	547	
363	548	
363	549	
364	550	
364	551	
364	552	
364	553	
364	554	
364	555	
364	556	
363	557	
363	558	
364	559	
364	560	
364	561	
364	562	
365	563	
365	564	
365	565	
366	566	
365	567	
365	568	
365	569	
364	570	
365	571	
366	572	
367	573	
368	574	
368	575	
367	576	
368	577	
368	578	
369	579	
369	580	
369	581	
367	582	
368	582	
367	583	
369	584	
369	585	
369	586	
369	587	
369	588	
369	589	
369	590	
369	591	
369	592	
369	593	
369	594	
373	595	
373	596	
369	597	
369	598	
373	599	
373	600	
372	601	
372	602	
371	603	
371	604	
372	605	
369	606	
372	607	
372	608	
371	609	
372	610	
371	611	
372	612	
372	613	
371	614	
371	615	
371	616	
371	617	
371	618	
371	619	
371	620	
371	621	
371	622	
372	623	
371	624	
371	625	
371	626	
371	627	
371	628	
372	629	
372	630	
371	631	
371	632	
371	633	
371	634	
371	635	
371	636	
372	636	
371	637	
372	638	
372	639	
372	640	
374	641	
374	642	
373	643	
373	644	
374	645	
373	646	
373	647	
374	648	
374	649	
374	650	
374	651	
372	652	
372	653	
371	654	
374	655	
374	656	
373	657	
373	658	
373	659	
374	659	
374	660	
373	661	
373	662	
373	663	
373	664	
371	665	
373	665	
371	666	
372	666	
372	667	
372	668	
373	669	
373	670	
372	671	
373	672	
373	673	
372	674	
372	675	
374	675	
373	676	
372	677	
371	678	
371	679	
371	680	
371	681	
371	682	
371	683	
371	684	
371	685	
371	686	
371	687	
372	688	
372	689	
371	690	
373	691	
373	692	
372	693	
370	694	
370	695	
370	696	
370	697	
370	698	
369	699	
369	700	
370	701	
370	702	
370	703	
371	704	
370	705	
370	706	
370	707	
370	708	
371	708	
369	709	
369	710	
369	711	
370	712	
369	713	
370	713	
370	714	
371	715	
371	716	
371	717	
369	718	
370	718	
369	719	
368	720	
369	720	
369	721	
370	722	
369	723	
368	724	
368	725	
369	725	
369	726	
370	727	
370	728	
370	729	
371	730	
370	731	
370	732	
369	733	
369	734	
369	735	
369	736	
370	737	
370	738	
371	738	
371	739	
371	740	
371	741	
371	742	
371	743	
368	744	
367	745	
367	746	
370	747	
368	748	
367	749	
367	750	
367	751	
367	752	
367	753	
367	754	
369	755	
371	756	
371	757	
371	758	
372	758	
371	759	
371	760	
371	761	
371	762	
371	763	
368	764	
368	765	
367	766	
367	767	
367	768	
367	769	
367	770	
367	771	
367	772	
370	773	
367	774	
368	775	
368	776	
367	777	
367	778	
367	779	
366	780	
366	781	
369	782	
366	783	
365	784	
365	785	
365	786	
365	787	
365	788	
365	789	
365	790	
366	791	
366	792	
366	793	
365	794	
365	795	
365	796	
365	797	
367	798	
363	799	
363	800	
363	801	
363	802	
363	803	
363	804	
363	805	
363	806	
365	807	
365	808	
365	809	
361	810	
361	811	
361	812	
363	813	
363	814	
363	815	
363	816	
362	817	
361	818	
361	819	
361	820	
357	821	
359	822	
356	823	
355	824	
355	825	
355	826	
355	827	
355	828	
355	829	
353	830	
353	831	
353	832	
353	833	
353	834	
353	835	
353	836	
353	837	
353	838	
353	839	
353	840	
353	841	
353	842	
353	843	
355	844	
355	845	
355	846	
355	847	
355	848	
355	849	
355	850	
351	851	
355	852	
355	853	
355	854	
353	855	
353	856	
353	857	
352	858	
353	859	
351	860	
351	861	
351	862	
353	863	
353	864	
354	865	
351	866	
351	867	
351	868	
351	869	
351	870	
353	871	
353	872	
351	873	
351	874	
353	875	
353	876	
353	877	
353	878	
349	879	
349	880	
351	881	
351	882	
351	883	
352	884	
353	885	
349	886	
349	887	
353	888	
351	889	
351	890	
349	891	
349	892	
349	893	
349	894	
349	895	
349	896	
349	897	
349	898	
351	899	
349	900	
349	901	
349	902	
349	903	
349	904	
349	905	
349	906	
349	907	
351	962	
367	1017	
