191	505	
191	506	
191	507	
193	508	
193	509	
193	510	
193	511	
193	512	
194	513	
195	514	
191	515	
191	516	
191	517	
195	517	
195	518	
195	519	
194	520	
194	521	
194	522	
194	523	
194	524	
193	525	
193	526	
197	527	
195	528	
194	529	
193	530	
197	531	
197	532	
193	533	
193	534	
196	535	
196	536	
194	537	
193	538	
194	538	
195	539	
195	540	
195	541	
196	542	
195	543	
196	544	
197	545	
196	546	
195	547	
197	547	
195	548	
195	549	
195	550	
193	551	
195	552	
195	553	
195	554	
191	555	
191	556	
191	557	
197	558	
187	559	
187	560	
191	561	
191	562	
191	563	
187	564	
188	564	
189	565	
189	566	
191	567	
191	568	
191	569	
189	570	
191	571	
189	574	
189	575	
191	576	
193	578	
191	580	
191	581	
197	585	
197	586	
197	587	
195	588	
197	589	
197	590	
197	591	
197	592	
197	593	
197	594	
197	595	
198	596	
198	597	
198	598	
197	599	
197	600	
197	601	
198	601	
198	602	
199	602	
198	603	
198	604	
196	605	
197	606	
196	607	
197	608	
197	609	
196	610	
196	611	
195	612	
196	612	
196	613	
195	614	
198	615	
195	616	
198	616	
195	617	
198	618	
199	619	
199	620	
198	621	
197	622	
197	623	
197	624	
198	625	
197	626	
197	627	
197	628	
197	629	
199	630	
199	631	
196	632	
197	633	
198	634	
198	635	
197	636	
195	637	
195	638	
197	639	
198	640	
198	641	
195	642	
197	643	
198	644	
198	645	
198	646	
198	647	
198	648	
198	649	
199	650	
199	651	
197	652	
197	653	
197	654	
196	655	
197	656	
196	657	
197	658	
197	659	
194	660	
195	661	
195	662	
196	663	
194	664	
194	665	
194	666	
194	667	
194	668	
193	669	
193	670	
195	670	
195	671	
195	672	
194	673	
194	674	
193	675	
193	676	
193	677	
191	678	
193	679	
193	680	
193	681	
192	682	
192	683	
192	684	
192	685	
192	686	
192	687	
192	688	
192	689	
191	690	
190	691	
192	691	
189	692	
189	693	
191	694	
191	695	
187	696	
187	697	
189	700	
189	701	
189	702	
189	703	
105	716	
107	740	
107	741	
197	1098	
