349	279	
349	280	
350	281	
351	282	
351	283	
351	284	
351	285	
352	286	
352	287	
351	288	
351	289	
351	290	
351	291	
353	292	
352	293	
352	294	
352	295	
351	296	
351	297	
352	298	
351	299	
352	300	
351	301	
351	302	
351	303	
350	304	
351	305	
351	306	
350	307	
350	308	
351	309	
350	310	
349	311	
349	312	
349	313	
349	314	
349	315	
349	316	
349	317	
349	318	
349	319	
351	320	
350	321	
349	322	
349	323	
349	324	
350	325	
351	326	
351	327	
349	328	
349	329	
349	330	
351	331	
350	332	
351	333	
351	334	
351	335	
351	336	
351	337	
351	338	
353	339	
351	340	
351	341	
351	342	
352	343	
351	344	
352	345	
352	346	
351	347	
352	348	
352	349	
353	350	
354	351	
354	352	
355	353	
352	354	
352	355	
351	356	
355	357	
353	358	
353	359	
353	360	
353	361	
353	362	
353	363	
353	364	
354	365	
354	366	
354	367	
354	368	
354	369	
355	370	
355	371	
365	373	
365	374	
363	375	
363	376	
363	377	
363	378	
363	379	
364	380	
365	381	
365	382	
365	383	
367	384	
367	385	
367	386	
366	387	
366	388	
366	389	
366	390	
366	391	
366	392	
366	393	
366	394	
366	395	
366	396	
366	397	
366	398	
367	399	
367	400	
366	401	
365	402	
365	403	
365	404	
367	405	
366	406	
365	407	
366	408	
367	409	
367	410	
366	411	
366	412	
368	413	
367	414	
366	415	
366	416	
367	416	
366	417	
365	418	
365	419	
366	419	
366	420	
366	421	
366	422	
365	423	
365	424	
365	425	
365	426	
365	427	
364	428	
364	429	
364	430	
366	431	
364	432	
364	433	
364	434	
365	435	
364	436	
363	437	
362	438	
364	439	
364	440	
363	441	
363	442	
364	443	
363	444	
363	445	
363	446	
362	447	
362	448	
365	449	
364	450	
364	451	
361	452	
362	453	
363	453	
364	453	
362	454	
364	455	
364	456	
364	457	
363	458	
363	459	
363	460	
363	461	
364	462	
364	463	
362	464	
362	465	
362	466	
363	467	
364	468	
365	469	
364	470	
364	471	
363	472	
364	473	
363	474	
363	475	
363	476	
363	477	
363	478	
363	479	
363	480	
362	481	
362	482	
361	483	
363	484	
363	485	
364	486	
363	487	
363	488	
363	489	
362	490	
364	491	
364	492	
364	493	
362	494	
364	494	
364	495	
364	496	
364	497	
362	498	
362	499	
362	500	
362	501	
362	502	
363	503	
364	504	
363	505	
362	506	
361	507	
361	508	
361	509	
361	510	
361	511	
361	512	
362	513	
362	514	
361	515	
361	516	
361	517	
361	518	
361	519	
360	520	
360	521	
361	522	
361	523	
361	524	
361	525	
361	526	
361	527	
362	528	
363	529	
363	530	
363	531	
365	532	
365	533	
365	534	
363	535	
363	536	
367	537	
366	538	
366	539	
367	540	
368	541	
368	542	
367	543	
367	544	
367	545	
367	546	
365	547	
369	548	
369	549	
369	550	
369	551	
369	552	
370	552	
370	553	
370	554	
367	555	
367	556	
367	557	
371	558	
369	559	
369	560	
369	561	
369	562	
369	563	
369	564	
370	565	
369	566	
371	567	
371	568	
371	569	
371	570	
371	571	
371	572	
373	573	
372	574	
374	575	
373	576	
373	577	
372	578	
373	579	
373	580	
372	581	
371	582	
374	583	
374	584	
374	585	
374	586	
374	587	
374	588	
376	589	
373	590	
373	591	
373	592	
373	593	
375	594	
374	595	
374	596	
374	597	
376	598	
375	599	
375	600	
376	601	
375	602	
375	603	
373	604	
375	605	
375	606	
375	607	
375	608	
378	609	
377	610	
375	611	
378	611	
378	612	
379	612	
376	613	
376	614	
376	615	
376	616	
375	617	
375	618	
375	619	
375	620	
375	621	
374	622	
376	623	
375	624	
375	625	
375	626	
375	627	
375	628	
375	629	
375	630	
375	631	
375	632	
376	632	
377	633	
378	634	
375	635	
378	635	
375	636	
377	637	
377	638	
377	639	
378	640	
377	641	
377	642	
377	643	
379	644	
377	645	
379	646	
378	647	
377	648	
377	649	
378	650	
377	651	
378	652	
378	653	
379	654	
379	655	
378	656	
379	657	
375	658	
375	659	
377	660	
377	661	
377	662	
378	663	
377	664	
377	665	
377	666	
377	667	
378	668	
378	669	
377	670	
378	671	
378	672	
379	672	
379	673	
375	674	
375	675	
376	676	
375	677	
376	677	
375	678	
375	679	
375	680	
375	681	
379	682	
377	683	
377	684	
375	685	
375	686	
376	687	
375	688	
375	689	
375	690	
375	691	
375	692	
375	693	
375	694	
375	695	
374	696	
374	697	
376	698	
376	699	
377	700	
374	701	
377	701	
373	702	
376	703	
376	704	
376	705	
375	706	
375	707	
373	708	
376	709	
376	710	
377	710	
376	711	
375	712	
373	713	
373	714	
373	715	
373	716	
374	716	
373	717	
373	718	
373	719	
374	720	
373	721	
373	722	
373	723	
373	724	
373	725	
374	726	
374	727	
373	728	
372	729	
372	730	
373	730	
372	731	
372	732	
374	732	
373	733	
373	734	
373	735	
373	736	
373	737	
373	738	
374	739	
374	740	
373	741	
373	742	
373	743	
373	744	
373	745	
373	746	
373	747	
373	748	
372	749	
373	749	
373	750	
373	751	
373	752	
373	753	
373	754	
373	755	
373	756	
373	757	
372	758	
375	759	
373	760	
373	761	
373	762	
373	763	
373	764	
373	765	
373	766	
374	767	
374	768	
371	769	
372	770	
373	771	
372	772	
372	773	
372	774	
371	775	
371	776	
371	777	
371	778	
371	779	
372	779	
371	780	
371	781	
371	782	
371	783	
373	784	
373	785	
373	786	
370	787	
370	788	
370	789	
370	790	
369	791	
369	792	
369	793	
369	794	
369	795	
369	796	
369	797	
370	798	
370	799	
371	800	
368	801	
367	802	
367	803	
367	804	
367	805	
367	806	
369	807	
369	808	
370	809	
365	810	
369	811	
369	812	
365	813	
365	814	
367	815	
367	816	
363	817	
363	818	
363	819	
363	820	
361	821	
365	822	
361	823	
362	824	
363	824	
359	825	
359	826	
359	827	
361	828	
359	829	
358	830	
359	831	
359	832	
360	833	
357	834	
357	835	
357	836	
357	837	
361	838	
360	839	
360	840	
358	841	
357	842	
357	843	
357	844	
358	844	
357	845	
357	846	
358	846	
357	847	
357	848	
357	849	
357	850	
357	851	
357	852	
357	853	
357	854	
356	855	
356	856	
358	857	
357	858	
357	859	
357	860	
357	861	
357	862	
355	863	
355	864	
355	865	
355	866	
355	867	
355	868	
355	869	
356	870	
357	871	
357	872	
355	873	
355	874	
357	875	
358	876	
356	877	
355	878	
355	879	
357	880	
356	881	
355	882	
354	883	
354	884	
354	885	
354	886	
357	886	
355	887	
356	888	
357	889	
357	890	
357	891	
354	892	
353	893	
353	894	
354	895	
354	896	
356	897	
353	898	
354	899	
354	900	
354	901	
353	902	
353	903	
353	904	
353	905	
353	906	
353	907	
353	908	
353	909	
353	910	
353	911	
353	912	
353	916	
353	917	
353	918	
353	919	
353	920	
355	921	
355	922	
357	950	
357	951	
355	952	
355	953	
355	954	
361	983	
361	984	
361	985	
381	1106	
