353	280	
351	281	
351	282	
351	283	
351	284	
352	284	
351	285	
353	286	
352	287	
352	288	
353	289	
353	290	
353	291	
354	292	
353	293	
352	294	
352	295	
352	296	
352	297	
352	298	
351	299	
352	299	
352	300	
352	301	
351	302	
351	303	
351	304	
351	305	
351	306	
351	307	
351	308	
350	309	
350	310	
350	311	
351	312	
351	313	
350	314	
350	315	
350	316	
350	317	
351	318	
351	319	
350	320	
350	321	
351	322	
351	323	
351	324	
353	325	
352	326	
351	327	
351	328	
351	329	
351	330	
351	331	
351	332	
353	333	
352	334	
352	335	
352	336	
352	337	
353	338	
353	339	
352	340	
351	341	
353	342	
353	343	
354	344	
353	345	
353	346	
353	347	
353	348	
353	349	
353	350	
353	351	
353	352	
353	353	
354	354	
354	355	
354	356	
353	357	
354	358	
353	359	
354	360	
353	361	
353	362	
353	363	
353	364	
353	365	
354	366	
355	367	
354	368	
353	369	
355	370	
355	371	
355	372	
353	373	
363	375	
363	376	
367	377	
367	378	
367	379	
365	380	
365	381	
365	382	
365	383	
365	384	
365	385	
366	386	
366	387	
367	388	
367	389	
367	390	
368	391	
367	392	
366	393	
366	394	
366	395	
367	396	
367	397	
367	398	
367	399	
367	400	
368	401	
368	402	
368	403	
368	404	
368	405	
367	406	
367	407	
367	408	
367	409	
367	410	
367	411	
367	412	
367	413	
367	414	
367	415	
367	416	
367	417	
366	418	
366	419	
366	420	
367	420	
367	421	
367	422	
367	423	
367	424	
366	425	
366	426	
365	427	
365	428	
365	429	
365	430	
364	431	
363	432	
363	433	
363	434	
363	435	
363	436	
364	437	
364	438	
364	439	
363	440	
363	441	
364	442	
363	443	
363	444	
363	445	
364	446	
364	447	
364	448	
364	449	
364	450	
364	451	
363	452	
363	453	
363	454	
363	455	
363	456	
363	457	
363	458	
364	459	
364	460	
365	461	
364	462	
364	463	
364	464	
364	465	
364	466	
364	467	
363	468	
364	469	
363	470	
363	471	
364	472	
363	473	
363	474	
364	475	
364	476	
364	477	
364	478	
364	479	
364	480	
363	481	
363	482	
363	483	
364	484	
364	485	
364	486	
364	487	
364	488	
363	489	
363	490	
365	491	
365	492	
366	492	
363	493	
365	493	
365	494	
363	495	
363	496	
363	497	
363	498	
364	498	
365	499	
364	500	
364	501	
364	502	
363	503	
363	504	
364	504	
363	505	
362	506	
362	507	
362	508	
364	509	
363	510	
363	511	
363	512	
363	513	
362	514	
362	515	
361	516	
361	517	
361	518	
361	519	
362	520	
362	521	
362	522	
362	523	
363	524	
363	525	
363	526	
363	527	
363	528	
363	529	
363	530	
363	531	
365	532	
365	533	
365	534	
365	535	
365	536	
367	537	
368	538	
366	539	
367	539	
365	540	
365	541	
366	542	
368	542	
366	543	
366	544	
367	544	
367	545	
367	546	
368	547	
368	548	
368	549	
369	550	
369	551	
369	552	
369	553	
369	554	
369	555	
369	556	
371	556	
369	557	
369	558	
369	559	
369	560	
371	561	
371	562	
371	563	
372	564	
372	565	
373	566	
373	567	
371	568	
371	569	
371	570	
374	571	
375	571	
373	572	
374	573	
374	574	
374	575	
373	576	
373	577	
374	578	
374	579	
374	580	
374	581	
375	582	
376	583	
373	584	
375	585	
377	586	
377	587	
377	588	
375	589	
376	590	
375	591	
376	592	
376	593	
376	594	
375	595	
375	596	
377	597	
377	598	
377	599	
377	600	
376	601	
376	602	
375	603	
377	604	
376	605	
378	606	
376	607	
378	608	
375	609	
375	610	
375	611	
376	612	
377	613	
376	614	
377	615	
375	616	
375	617	
376	618	
376	619	
377	620	
376	621	
376	622	
375	623	
378	624	
379	625	
379	626	
379	627	
379	628	
378	629	
378	630	
377	631	
377	632	
377	633	
377	634	
377	635	
377	636	
377	637	
377	638	
377	639	
377	640	
377	641	
377	642	
377	643	
376	644	
377	645	
377	646	
379	647	
378	648	
379	649	
379	650	
378	651	
377	652	
377	653	
378	653	
377	654	
380	655	
377	656	
377	657	
377	658	
381	659	
377	660	
377	661	
378	662	
381	663	
381	664	
377	665	
377	666	
379	667	
378	668	
378	669	
377	670	
379	671	
377	672	
377	673	
377	674	
377	675	
377	676	
378	677	
378	678	
378	679	
377	680	
377	681	
377	682	
377	683	
378	683	
377	684	
378	685	
377	686	
377	687	
377	688	
375	689	
376	689	
376	690	
377	691	
377	692	
375	693	
375	694	
375	695	
376	696	
375	697	
376	698	
376	699	
376	700	
376	701	
376	702	
376	703	
376	704	
375	705	
375	706	
375	707	
375	708	
375	709	
375	710	
376	711	
375	712	
375	713	
376	714	
373	715	
374	716	
373	717	
374	718	
376	718	
375	719	
376	719	
376	720	
376	721	
376	722	
376	723	
377	724	
373	725	
373	726	
373	727	
374	727	
373	728	
374	728	
374	729	
374	730	
375	731	
375	732	
374	733	
374	734	
374	735	
374	736	
374	737	
373	738	
374	739	
374	740	
376	741	
373	742	
374	743	
375	744	
375	745	
374	746	
373	747	
373	748	
376	748	
373	749	
373	750	
375	751	
376	752	
373	753	
373	754	
373	755	
373	756	
374	757	
375	757	
375	758	
373	759	
373	760	
373	761	
377	761	
375	762	
373	763	
373	764	
374	765	
374	766	
373	767	
373	768	
373	769	
374	770	
376	771	
375	772	
374	773	
373	774	
373	775	
371	776	
372	777	
374	778	
371	779	
371	780	
372	781	
371	782	
371	783	
372	784	
374	785	
374	786	
375	787	
375	788	
370	789	
370	790	
371	791	
371	792	
372	793	
369	794	
370	795	
370	796	
369	797	
370	797	
369	798	
369	799	
369	800	
369	801	
369	802	
369	803	
371	804	
367	805	
367	806	
367	807	
367	808	
367	809	
367	810	
369	811	
369	812	
369	813	
365	814	
365	815	
365	816	
365	817	
365	818	
363	819	
363	820	
363	821	
363	822	
363	823	
365	824	
361	825	
361	826	
361	827	
363	828	
359	829	
359	830	
359	831	
359	832	
359	833	
359	834	
359	835	
359	836	
360	837	
359	838	
359	839	
357	840	
361	841	
361	842	
361	843	
360	844	
360	845	
360	846	
360	847	
358	848	
358	849	
357	850	
357	851	
357	852	
357	853	
357	854	
358	855	
357	856	
357	857	
357	858	
357	859	
359	860	
359	861	
359	862	
357	863	
357	864	
360	865	
359	866	
358	867	
357	868	
357	869	
357	870	
357	871	
357	872	
356	873	
355	874	
355	875	
355	876	
355	877	
355	878	
355	879	
356	880	
358	881	
358	882	
356	883	
356	884	
357	885	
357	886	
357	887	
357	888	
357	889	
357	890	
358	891	
358	892	
355	893	
357	894	
357	895	
357	896	
356	897	
357	898	
357	899	
357	900	
357	901	
355	902	
355	903	
354	904	
354	905	
356	906	
357	906	
356	907	
357	908	
355	909	
356	910	
357	911	
357	912	
355	913	
355	914	
353	915	
357	916	
357	917	
357	918	
353	919	
353	920	
355	923	
355	924	
355	925	
357	927	
357	928	
357	929	
357	930	
355	931	
355	932	
357	943	
357	944	
355	945	
355	946	
355	951	
355	952	
355	953	
355	954	
355	955	
355	956	
365	983	
379	1065	
381	1104	
381	1105	
