193	502	
193	503	
193	504	
193	505	
193	506	
191	507	
191	508	
195	509	
195	510	
195	511	
195	512	
195	513	
196	514	
196	515	
194	516	
194	517	
195	518	
194	519	
193	520	
193	521	
197	522	
196	523	
196	524	
196	525	
197	526	
195	527	
196	528	
196	529	
196	530	
196	531	
195	532	
195	533	
195	534	
198	534	
198	535	
196	536	
198	536	
197	537	
197	538	
197	539	
197	540	
197	541	
198	542	
198	543	
198	544	
198	545	
193	546	
198	547	
195	548	
197	549	
197	550	
199	550	
200	551	
201	552	
199	553	
200	553	
199	554	
197	555	
197	556	
197	557	
199	558	
199	559	
183	560	
183	561	
189	562	
189	563	
187	564	
187	565	
191	566	
191	567	
187	568	
191	569	
191	570	
191	573	
195	574	
195	575	
193	576	
195	577	
195	578	
195	579	
195	587	
195	588	
199	590	
200	591	
197	592	
200	592	
197	593	
198	594	
198	595	
198	596	
198	597	
197	598	
197	599	
198	600	
198	601	
198	602	
198	603	
197	604	
197	605	
199	606	
199	607	
198	608	
199	609	
198	610	
199	611	
198	612	
198	613	
198	614	
198	615	
199	616	
199	617	
198	618	
199	619	
199	620	
200	621	
201	622	
201	623	
201	624	
201	625	
201	626	
201	627	
201	628	
200	629	
200	630	
199	631	
200	632	
201	633	
201	634	
201	635	
201	636	
201	637	
201	638	
197	639	
198	639	
198	640	
198	641	
200	642	
200	643	
200	644	
200	645	
201	646	
201	647	
197	648	
200	649	
198	650	
200	651	
201	652	
200	653	
199	654	
200	654	
199	655	
198	656	
199	656	
197	657	
197	658	
197	659	
197	660	
198	661	
199	662	
199	663	
199	664	
198	665	
197	666	
198	667	
198	668	
197	669	
197	670	
197	671	
197	672	
196	673	
194	674	
194	675	
194	676	
194	677	
194	678	
194	679	
195	679	
195	680	
195	681	
194	682	
194	683	
194	684	
195	685	
195	686	
194	687	
192	688	
192	689	
192	690	
192	691	
195	692	
193	693	
192	694	
191	695	
189	696	
189	697	
191	704	
201	1069	
