354	282	
355	283	
355	284	
355	285	
356	286	
356	287	
356	288	
355	289	
355	290	
355	291	
356	292	
356	293	
355	294	
355	295	
354	296	
355	296	
354	297	
354	298	
354	299	
354	300	
354	301	
354	302	
355	302	
355	303	
355	304	
355	305	
355	306	
355	307	
355	308	
354	309	
354	310	
354	311	
353	312	
353	313	
353	314	
353	315	
353	316	
353	317	
353	318	
353	319	
353	320	
353	321	
353	322	
353	323	
354	324	
355	325	
355	326	
355	327	
355	328	
355	329	
355	330	
355	331	
357	332	
357	333	
357	334	
356	335	
355	336	
355	337	
355	338	
355	339	
355	340	
355	341	
355	342	
355	343	
356	344	
357	345	
357	346	
357	347	
357	348	
356	349	
357	349	
356	350	
357	351	
357	352	
357	353	
357	354	
359	355	
357	356	
357	357	
357	358	
357	359	
357	360	
357	361	
357	362	
357	363	
358	363	
358	364	
357	365	
357	366	
358	367	
357	368	
357	369	
357	370	
357	371	
357	372	
357	373	
367	375	
369	376	
369	377	
369	378	
369	379	
368	380	
369	381	
368	382	
368	383	
368	384	
369	385	
369	386	
369	387	
369	388	
369	389	
370	390	
371	391	
371	392	
369	393	
369	394	
369	395	
370	396	
370	397	
371	398	
370	399	
370	400	
369	401	
370	401	
369	402	
370	403	
369	404	
369	405	
370	406	
370	407	
370	408	
371	408	
371	409	
370	410	
370	411	
370	412	
370	413	
370	414	
370	415	
370	416	
370	417	
370	418	
369	419	
369	420	
369	421	
369	422	
369	423	
371	424	
371	425	
371	426	
368	427	
368	428	
368	429	
368	430	
368	431	
368	432	
368	433	
368	434	
369	435	
369	436	
366	437	
366	438	
366	439	
366	440	
365	441	
365	442	
365	443	
365	444	
365	445	
365	446	
365	447	
365	448	
367	449	
367	450	
366	451	
366	452	
366	453	
369	454	
369	455	
368	456	
366	457	
365	458	
367	459	
368	460	
367	461	
366	462	
366	463	
367	464	
367	465	
367	466	
366	467	
367	468	
367	469	
367	470	
367	471	
366	472	
365	473	
368	474	
367	475	
366	476	
366	477	
366	478	
366	479	
366	480	
366	481	
366	482	
366	483	
365	484	
366	485	
366	486	
366	487	
366	488	
366	489	
367	489	
366	490	
366	491	
366	492	
366	493	
366	494	
366	495	
366	496	
366	497	
366	498	
366	499	
367	500	
367	501	
368	502	
366	503	
366	504	
366	505	
366	506	
365	507	
365	508	
366	509	
365	510	
365	511	
365	512	
366	512	
365	513	
365	514	
365	515	
365	516	
364	517	
365	518	
365	519	
365	520	
365	521	
365	522	
365	523	
365	524	
365	525	
365	526	
366	527	
367	528	
366	529	
366	530	
366	531	
367	532	
368	533	
367	534	
367	535	
367	536	
367	537	
368	538	
370	539	
371	540	
371	541	
370	542	
371	542	
371	543	
370	544	
369	545	
369	546	
369	547	
370	548	
371	549	
371	550	
371	551	
372	552	
375	553	
371	554	
371	555	
373	556	
372	557	
373	558	
374	559	
373	560	
374	560	
373	561	
373	562	
373	563	
373	564	
375	565	
375	566	
373	567	
373	568	
373	569	
377	570	
375	571	
375	572	
375	573	
375	574	
376	575	
376	576	
377	576	
378	577	
377	578	
376	579	
377	580	
379	581	
379	582	
378	583	
378	584	
377	585	
377	586	
378	587	
378	588	
378	589	
378	590	
377	591	
378	592	
378	593	
380	594	
379	595	
379	596	
379	597	
378	598	
378	599	
380	600	
377	601	
378	602	
379	603	
380	604	
379	605	
379	606	
380	607	
379	608	
381	609	
381	610	
382	611	
381	612	
380	613	
379	614	
381	615	
381	616	
381	617	
380	618	
380	619	
379	620	
380	621	
379	622	
379	623	
378	624	
379	625	
380	626	
379	627	
379	628	
379	629	
381	630	
380	631	
381	632	
382	633	
379	634	
379	635	
382	636	
382	637	
378	638	
379	638	
378	639	
379	639	
380	640	
381	641	
381	642	
381	643	
381	644	
381	645	
381	646	
381	647	
383	648	
382	649	
381	650	
380	651	
381	652	
381	653	
382	654	
382	655	
382	656	
382	657	
381	658	
383	659	
381	660	
381	661	
381	662	
382	663	
381	664	
381	665	
381	666	
381	667	
382	668	
381	669	
381	670	
380	671	
381	672	
381	673	
381	674	
380	675	
380	676	
380	677	
381	678	
382	679	
383	680	
382	681	
382	682	
381	683	
381	684	
381	685	
379	686	
379	687	
379	688	
379	689	
379	690	
379	691	
378	692	
379	692	
378	693	
381	694	
378	695	
379	696	
379	697	
379	698	
379	699	
379	700	
377	701	
377	702	
377	703	
377	704	
377	705	
377	706	
377	707	
377	708	
377	709	
377	710	
379	711	
378	712	
377	713	
378	714	
377	715	
377	716	
377	717	
377	718	
377	719	
377	720	
377	721	
377	722	
378	722	
379	723	
379	724	
378	725	
378	726	
377	727	
378	728	
378	729	
380	730	
377	731	
377	732	
377	733	
377	734	
378	735	
377	736	
379	736	
377	737	
377	738	
377	739	
379	740	
380	741	
380	742	
379	743	
379	744	
377	745	
377	746	
379	747	
381	748	
380	749	
381	749	
377	750	
377	751	
377	752	
377	753	
377	754	
377	755	
377	756	
378	756	
377	757	
377	758	
377	759	
378	760	
377	761	
377	762	
377	763	
378	764	
376	765	
377	766	
376	767	
377	768	
377	769	
377	770	
377	771	
375	772	
375	773	
376	773	
376	774	
375	775	
375	776	
375	777	
376	777	
378	777	
375	778	
379	779	
378	780	
378	781	
377	782	
376	783	
375	784	
375	785	
376	786	
377	787	
373	788	
374	789	
373	790	
373	791	
377	792	
376	793	
376	794	
373	795	
373	796	
373	797	
373	798	
373	799	
374	799	
377	800	
371	801	
371	802	
371	803	
371	804	
373	805	
375	806	
371	807	
370	808	
370	809	
369	810	
373	811	
373	812	
373	813	
373	814	
367	815	
367	816	
367	817	
367	818	
369	819	
369	820	
365	821	
365	822	
365	823	
365	824	
365	825	
363	826	
364	826	
363	827	
365	828	
365	829	
364	830	
363	831	
363	832	
364	833	
364	834	
363	835	
363	836	
361	837	
361	838	
362	839	
364	840	
361	841	
361	842	
362	843	
362	844	
362	845	
363	846	
362	847	
362	848	
361	849	
361	850	
362	851	
363	852	
363	853	
361	854	
362	854	
362	855	
362	856	
361	857	
361	858	
361	859	
361	860	
361	861	
361	862	
362	863	
362	864	
363	865	
363	866	
362	867	
362	868	
362	869	
362	870	
362	871	
360	872	
359	873	
359	874	
359	875	
362	876	
362	877	
359	878	
359	879	
359	880	
360	881	
360	882	
360	883	
359	884	
359	885	
361	886	
361	887	
361	888	
360	889	
361	889	
359	890	
359	891	
359	892	
361	893	
361	894	
361	895	
359	896	
358	897	
358	898	
357	899	
357	900	
361	901	
361	902	
361	903	
360	904	
358	905	
358	906	
357	907	
359	908	
359	909	
359	910	
357	911	
357	912	
357	913	
357	914	
359	915	
358	939	
359	940	
359	942	
357	943	
361	944	
361	945	
359	946	
359	947	
361	951	
359	954	
363	957	
363	961	
363	962	
361	963	
363	964	
363	965	
369	987	
373	1025	
373	1026	
