287	61	
287	62	
285	77	
285	78	
285	79	
355	281	
355	282	
356	283	
355	284	
355	285	
356	286	
357	287	
357	288	
357	289	
357	290	
357	291	
357	292	
357	293	
355	294	
356	295	
356	296	
356	297	
356	298	
356	299	
356	300	
355	301	
356	301	
356	302	
355	303	
355	304	
355	305	
355	306	
355	307	
355	308	
354	309	
354	310	
354	311	
354	312	
354	313	
354	314	
354	315	
354	316	
354	317	
354	318	
354	319	
354	320	
355	321	
355	322	
355	323	
355	324	
355	325	
355	326	
355	327	
355	328	
355	329	
355	330	
357	331	
356	332	
355	333	
356	333	
356	334	
357	335	
357	336	
357	337	
357	338	
357	339	
357	340	
357	341	
357	342	
359	343	
355	344	
356	345	
357	346	
357	347	
357	348	
357	349	
357	350	
357	351	
358	351	
358	352	
358	353	
357	354	
357	355	
357	356	
357	357	
358	358	
358	359	
358	360	
358	361	
358	362	
359	363	
359	364	
358	365	
359	366	
359	367	
359	368	
359	369	
359	370	
359	371	
359	372	
367	378	
367	379	
367	380	
370	381	
369	382	
369	383	
369	384	
370	385	
371	386	
371	387	
370	388	
370	389	
370	390	
370	391	
370	392	
373	393	
372	394	
371	395	
371	396	
371	397	
371	398	
370	399	
370	400	
373	401	
371	402	
371	403	
371	404	
371	405	
371	406	
371	407	
373	408	
373	409	
371	410	
372	411	
373	412	
373	413	
369	414	
369	415	
369	416	
370	417	
370	418	
371	419	
370	420	
369	421	
369	422	
369	423	
369	424	
369	425	
369	426	
369	427	
370	428	
369	429	
369	430	
369	431	
369	432	
369	433	
369	434	
367	435	
367	436	
367	437	
368	437	
369	438	
369	439	
369	440	
368	441	
368	442	
369	442	
369	443	
369	444	
367	445	
367	446	
366	447	
368	448	
369	448	
368	449	
368	450	
368	451	
368	452	
368	453	
368	454	
369	455	
367	456	
368	457	
368	458	
368	459	
368	460	
368	461	
368	462	
368	463	
368	464	
367	465	
367	466	
368	467	
368	468	
367	469	
367	470	
368	470	
367	471	
367	472	
368	473	
368	474	
368	475	
368	476	
367	477	
367	478	
367	479	
367	480	
367	481	
367	482	
367	483	
368	484	
367	485	
368	485	
368	486	
368	487	
368	488	
368	489	
368	490	
367	491	
367	492	
368	492	
368	493	
368	494	
367	495	
367	496	
368	497	
368	498	
367	499	
367	500	
367	501	
368	502	
368	503	
368	504	
368	505	
368	506	
368	507	
366	508	
369	509	
369	510	
365	511	
366	511	
366	512	
366	513	
365	514	
365	515	
365	516	
365	517	
365	518	
366	519	
366	520	
367	521	
367	522	
365	523	
366	523	
365	524	
365	525	
367	526	
367	527	
367	528	
367	529	
368	530	
368	531	
367	532	
368	533	
368	534	
368	535	
369	535	
367	536	
369	537	
368	538	
369	539	
369	540	
369	541	
369	542	
369	543	
373	544	
370	545	
371	546	
371	547	
371	548	
372	549	
373	549	
373	550	
371	551	
371	552	
371	553	
374	554	
373	555	
373	556	
373	557	
373	558	
373	559	
373	560	
377	561	
375	562	
375	563	
375	564	
375	565	
375	566	
375	567	
375	568	
375	569	
375	570	
375	571	
375	572	
375	573	
377	574	
378	575	
379	576	
378	577	
379	577	
378	578	
377	579	
377	580	
377	581	
377	582	
379	583	
379	584	
380	585	
377	586	
378	587	
378	588	
379	589	
379	590	
379	591	
379	592	
379	593	
379	594	
379	595	
379	596	
380	597	
381	598	
381	599	
380	600	
380	601	
379	602	
379	603	
379	604	
379	605	
379	606	
379	607	
381	608	
380	609	
380	610	
380	611	
379	612	
379	613	
379	614	
379	615	
379	616	
379	617	
379	618	
380	619	
379	620	
379	621	
379	622	
380	623	
381	624	
382	625	
380	626	
379	627	
379	628	
382	629	
379	630	
381	631	
382	632	
380	633	
379	634	
380	635	
379	636	
379	637	
380	638	
383	639	
381	640	
381	641	
382	642	
382	643	
379	644	
381	645	
381	646	
381	647	
382	648	
382	649	
382	650	
382	651	
383	652	
381	653	
381	654	
381	655	
381	656	
381	657	
381	658	
380	659	
381	660	
381	661	
382	662	
381	663	
382	664	
382	665	
383	666	
384	667	
382	668	
382	669	
382	670	
382	671	
382	672	
381	673	
382	674	
381	675	
381	676	
381	677	
381	678	
381	679	
381	680	
381	681	
381	682	
382	683	
382	684	
381	685	
382	686	
381	687	
382	687	
381	688	
381	689	
379	690	
379	691	
380	692	
381	693	
381	694	
383	695	
381	696	
382	696	
381	697	
379	698	
377	699	
377	700	
378	701	
379	702	
380	703	
379	704	
380	705	
380	706	
380	707	
380	708	
380	709	
377	710	
378	710	
378	711	
378	712	
377	713	
378	713	
378	714	
377	715	
377	716	
379	717	
379	718	
379	719	
380	720	
380	721	
380	722	
380	723	
379	724	
380	725	
380	726	
381	727	
380	728	
378	729	
380	729	
379	730	
379	731	
378	732	
379	732	
377	733	
379	734	
378	735	
379	735	
379	736	
377	737	
378	737	
379	737	
377	738	
377	739	
377	740	
377	741	
377	742	
379	743	
379	744	
379	745	
377	746	
379	747	
377	748	
377	749	
377	750	
377	751	
378	751	
377	752	
377	753	
377	754	
377	755	
380	756	
377	757	
377	758	
377	759	
377	760	
378	761	
379	762	
377	763	
377	764	
377	765	
377	766	
377	767	
378	768	
377	769	
377	770	
377	771	
377	772	
377	773	
377	774	
378	775	
378	776	
375	777	
375	778	
375	779	
375	780	
376	781	
376	782	
375	783	
375	784	
375	785	
375	786	
375	787	
379	788	
378	789	
377	790	
376	791	
375	792	
374	793	
374	794	
375	795	
375	796	
373	797	
373	798	
374	799	
375	800	
375	801	
375	802	
371	803	
371	804	
371	805	
371	806	
373	807	
371	808	
371	809	
371	810	
373	811	
373	812	
373	813	
373	814	
369	815	
369	816	
369	817	
369	818	
370	819	
370	820	
365	821	
365	822	
365	823	
366	824	
367	825	
366	826	
365	827	
366	828	
366	829	
367	830	
367	831	
364	832	
364	833	
364	834	
366	834	
363	835	
363	836	
364	837	
364	838	
363	839	
363	840	
366	841	
366	842	
365	843	
364	844	
363	845	
363	846	
363	847	
363	848	
363	849	
363	850	
363	851	
361	852	
361	853	
364	854	
365	855	
361	856	
361	857	
361	858	
363	859	
363	860	
365	861	
361	862	
361	863	
365	864	
365	865	
362	866	
364	866	
363	867	
363	868	
361	869	
361	870	
363	871	
363	872	
361	873	
361	874	
362	875	
363	876	
363	877	
363	878	
361	879	
361	880	
363	881	
363	882	
363	883	
363	884	
363	885	
363	886	
359	887	
359	888	
359	889	
361	890	
359	891	
359	892	
359	893	
359	894	
360	894	
359	895	
359	896	
359	897	
359	898	
363	899	
359	900	
359	901	
359	902	
361	903	
362	904	
362	905	
361	906	
361	907	
361	908	
361	909	
357	910	
361	911	
361	912	
361	943	
361	944	
359	945	
359	946	
359	949	
359	953	
359	954	
363	955	
361	957	
367	987	
367	988	
369	989	
369	990	
367	997	
371	1013	
375	1030	
375	1031	
