291	71	
359	282	
360	283	
361	284	
361	285	
363	286	
360	287	
360	288	
361	289	
361	290	
361	291	
361	292	
361	293	
361	294	
361	295	
362	296	
360	297	
360	298	
361	299	
361	300	
361	301	
360	302	
360	303	
360	304	
360	305	
361	306	
361	307	
360	308	
360	309	
360	310	
360	311	
360	312	
360	313	
359	314	
359	315	
359	316	
359	317	
360	318	
360	319	
361	320	
361	321	
359	322	
360	323	
360	324	
360	325	
359	326	
360	327	
360	328	
360	329	
360	330	
360	331	
360	332	
360	333	
361	334	
362	335	
362	336	
361	337	
362	337	
361	338	
361	339	
361	340	
361	341	
361	342	
362	343	
361	344	
362	345	
362	346	
362	347	
363	348	
363	349	
363	350	
363	351	
363	352	
362	353	
363	354	
364	355	
363	356	
363	357	
363	358	
363	359	
364	360	
364	361	
363	362	
363	363	
363	364	
363	365	
363	366	
363	367	
363	368	
363	369	
363	370	
364	370	
363	371	
363	372	
363	373	
363	375	
371	379	
375	380	
376	381	
374	382	
373	383	
373	384	
376	385	
373	386	
374	387	
374	388	
375	389	
376	390	
376	391	
377	391	
377	392	
375	393	
375	394	
375	395	
375	396	
376	397	
377	397	
377	398	
377	399	
375	400	
375	401	
375	402	
376	402	
376	403	
376	404	
375	405	
375	406	
376	407	
376	408	
375	409	
376	409	
375	410	
375	411	
375	412	
375	413	
376	414	
376	415	
376	416	
375	417	
375	418	
375	419	
374	420	
374	421	
374	422	
374	423	
374	424	
374	425	
374	426	
373	427	
373	428	
373	429	
373	430	
373	431	
373	432	
375	433	
375	434	
371	435	
373	436	
373	437	
371	438	
372	438	
371	439	
371	440	
372	441	
372	442	
371	443	
371	444	
371	445	
373	446	
373	447	
372	448	
373	448	
371	449	
371	450	
371	451	
372	451	
372	452	
371	453	
371	454	
373	455	
373	456	
374	457	
371	458	
372	459	
372	460	
372	461	
372	462	
372	463	
371	464	
371	465	
371	466	
371	467	
372	468	
371	469	
372	469	
371	470	
372	471	
372	472	
372	473	
372	474	
372	475	
372	476	
371	477	
372	477	
371	478	
371	479	
371	480	
372	481	
372	482	
372	483	
372	484	
371	485	
371	486	
371	487	
371	488	
371	489	
371	490	
371	491	
371	492	
372	493	
372	494	
373	495	
373	496	
373	497	
373	498	
372	499	
371	500	
371	501	
371	502	
371	503	
372	504	
371	505	
371	506	
371	507	
371	508	
371	509	
371	510	
372	511	
372	512	
372	513	
372	514	
370	515	
370	516	
370	517	
369	518	
370	518	
370	519	
369	520	
370	521	
370	522	
369	523	
370	524	
370	525	
371	526	
371	527	
371	528	
371	529	
375	530	
375	531	
373	532	
373	533	
373	534	
373	535	
373	536	
373	537	
374	538	
374	539	
375	540	
375	541	
375	542	
374	543	
375	543	
375	544	
376	545	
377	545	
376	546	
376	547	
376	548	
376	549	
375	550	
375	551	
377	552	
375	553	
375	554	
377	555	
379	556	
377	557	
377	558	
377	559	
377	560	
379	561	
379	562	
379	563	
379	564	
379	565	
379	566	
379	567	
379	568	
379	569	
381	570	
381	571	
381	572	
382	572	
381	573	
382	574	
383	575	
384	575	
383	576	
382	577	
381	578	
382	579	
383	580	
383	581	
383	582	
383	583	
382	584	
382	585	
381	586	
383	586	
383	587	
383	588	
383	589	
384	590	
383	591	
384	592	
384	593	
383	594	
385	595	
386	595	
385	596	
385	597	
386	598	
383	599	
384	600	
384	601	
385	602	
385	603	
383	604	
384	605	
385	606	
384	607	
385	608	
383	609	
384	610	
383	611	
383	612	
383	613	
387	614	
383	615	
383	616	
383	617	
383	618	
383	619	
383	620	
383	621	
383	622	
383	623	
383	624	
383	625	
383	626	
383	627	
383	628	
383	629	
383	630	
383	631	
383	632	
383	633	
383	634	
383	635	
383	636	
383	637	
383	638	
383	639	
384	640	
383	641	
383	642	
384	643	
387	644	
387	645	
385	646	
385	647	
385	648	
387	649	
387	650	
386	651	
386	652	
385	653	
386	654	
385	655	
388	656	
386	657	
385	658	
388	658	
387	659	
385	660	
385	661	
385	662	
385	663	
385	664	
386	665	
388	666	
387	667	
388	668	
385	669	
389	670	
385	671	
386	672	
385	673	
385	674	
386	675	
386	676	
385	677	
385	678	
385	679	
385	680	
385	681	
385	682	
385	683	
385	684	
388	685	
388	686	
388	687	
386	688	
386	689	
385	690	
384	691	
384	692	
384	693	
386	693	
383	694	
383	695	
383	696	
383	697	
383	698	
384	699	
384	700	
383	701	
384	702	
385	702	
385	703	
385	704	
384	705	
386	706	
386	707	
387	708	
386	709	
384	710	
384	711	
384	712	
383	713	
383	714	
383	715	
383	716	
383	717	
383	718	
384	719	
385	720	
384	721	
384	722	
383	723	
384	724	
385	725	
384	726	
384	727	
383	728	
383	729	
383	730	
383	731	
383	732	
383	733	
383	734	
386	735	
383	736	
384	737	
383	738	
384	739	
383	740	
383	741	
383	742	
384	743	
384	744	
383	745	
383	746	
384	746	
383	747	
383	748	
383	749	
383	750	
383	751	
383	752	
383	753	
384	754	
383	755	
383	756	
382	757	
383	757	
382	758	
382	759	
382	760	
383	761	
384	761	
384	762	
384	763	
385	764	
381	765	
381	766	
382	767	
382	768	
382	769	
382	770	
382	771	
384	772	
381	773	
381	774	
381	775	
381	776	
382	777	
381	778	
381	779	
381	780	
381	781	
381	782	
380	783	
379	784	
379	785	
379	786	
379	787	
379	788	
379	789	
379	790	
379	791	
379	792	
379	793	
379	794	
379	795	
379	796	
383	796	
377	797	
377	798	
377	799	
379	800	
379	801	
379	802	
377	803	
377	804	
377	805	
377	806	
377	807	
377	808	
375	809	
375	810	
379	811	
379	812	
375	813	
375	814	
377	815	
377	816	
373	817	
373	818	
373	819	
373	820	
371	821	
371	822	
371	823	
371	824	
369	825	
371	825	
370	826	
371	827	
372	828	
369	829	
369	830	
369	831	
369	832	
372	832	
372	833	
371	834	
371	835	
368	836	
369	837	
369	838	
369	839	
369	840	
369	841	
369	842	
371	843	
368	844	
371	845	
368	846	
368	847	
367	848	
367	849	
371	850	
371	851	
372	852	
369	853	
369	854	
369	855	
369	856	
369	857	
369	858	
369	859	
369	860	
371	861	
371	862	
371	863	
370	864	
368	865	
367	866	
367	867	
367	868	
367	869	
367	870	
367	871	
367	872	
367	873	
367	874	
367	875	
367	876	
367	877	
367	878	
367	879	
369	880	
367	881	
366	882	
366	883	
366	884	
365	885	
365	886	
367	887	
367	888	
367	889	
365	890	
365	891	
365	892	
365	893	
365	894	
365	895	
365	896	
365	897	
365	898	
365	899	
365	900	
367	901	
367	902	
365	903	
366	904	
365	905	
366	905	
365	906	
365	907	
365	908	
367	909	
367	910	
367	911	
363	912	
363	913	
365	913	
365	914	
365	915	
375	987	
377	989	
385	1051	
