193	500	
191	501	
191	502	
193	503	
193	504	
193	505	
193	506	
193	507	
195	507	
195	508	
195	509	
195	510	
196	511	
196	512	
196	513	
196	514	
196	515	
196	516	
195	517	
196	518	
195	519	
195	520	
195	521	
195	522	
196	523	
197	524	
197	525	
197	526	
197	527	
199	528	
198	529	
198	530	
198	531	
198	532	
198	533	
198	534	
199	535	
199	536	
199	537	
200	537	
199	538	
198	539	
197	540	
198	541	
198	542	
198	543	
199	543	
198	544	
201	545	
201	546	
201	547	
200	548	
201	549	
201	550	
200	551	
200	552	
201	553	
201	554	
201	555	
203	556	
199	557	
203	557	
201	558	
201	559	
197	560	
201	561	
201	562	
197	563	
197	564	
197	565	
189	566	
185	567	
185	568	
195	569	
195	570	
197	572	
197	573	
193	574	
195	578	
199	581	
199	582	
199	583	
199	584	
199	585	
201	587	
201	588	
199	589	
197	590	
197	591	
197	592	
198	593	
200	594	
201	595	
197	596	
197	597	
200	598	
200	599	
200	600	
200	601	
201	602	
201	603	
201	604	
199	605	
200	606	
200	607	
200	608	
200	609	
200	610	
198	611	
201	612	
201	613	
201	614	
201	615	
201	616	
200	617	
203	618	
203	619	
201	620	
201	621	
202	622	
202	623	
201	624	
201	625	
201	626	
201	627	
201	628	
201	629	
200	630	
200	631	
200	632	
202	633	
202	634	
202	635	
202	636	
202	637	
202	638	
202	639	
203	640	
200	641	
201	641	
203	642	
200	643	
202	643	
200	644	
199	645	
199	646	
201	647	
199	648	
199	649	
199	650	
199	651	
199	652	
199	653	
200	654	
200	655	
200	656	
200	657	
200	658	
200	659	
200	660	
200	661	
200	662	
200	663	
198	664	
198	665	
198	666	
198	667	
198	668	
198	669	
199	670	
195	671	
196	672	
195	673	
195	674	
195	675	
195	676	
195	677	
196	678	
197	679	
197	680	
197	681	
197	682	
194	683	
194	684	
194	685	
196	686	
197	687	
194	688	
195	689	
195	690	
195	691	
194	692	
194	693	
195	694	
191	695	
192	695	
191	696	
191	697	
191	698	
191	699	
193	700	
193	701	
189	702	
191	705	
191	706	
