364	282	
363	283	
363	284	
365	285	
365	286	
364	287	
364	288	
364	289	
364	290	
364	291	
364	292	
364	293	
364	294	
364	295	
364	296	
364	297	
364	298	
365	299	
365	300	
364	301	
364	302	
363	303	
364	303	
363	304	
363	305	
364	305	
365	306	
365	307	
364	308	
364	309	
363	310	
363	311	
363	312	
362	313	
363	313	
362	314	
362	315	
363	316	
363	317	
363	318	
364	319	
363	320	
363	321	
363	322	
363	323	
363	324	
363	325	
363	326	
364	327	
364	328	
363	329	
364	330	
365	331	
364	332	
363	333	
363	334	
365	335	
365	336	
365	337	
365	338	
365	339	
364	340	
367	341	
366	342	
365	343	
366	344	
367	345	
365	346	
365	347	
365	348	
365	349	
365	350	
365	351	
365	352	
365	353	
366	354	
366	355	
366	356	
366	357	
366	358	
367	359	
365	360	
365	361	
365	362	
366	363	
365	364	
365	365	
365	366	
365	373	
376	381	
376	382	
375	383	
375	384	
376	385	
377	386	
377	387	
377	388	
377	389	
377	390	
377	391	
377	392	
378	392	
379	393	
379	394	
378	395	
378	396	
378	397	
378	398	
379	399	
379	400	
379	401	
378	402	
378	403	
378	404	
378	405	
378	406	
378	407	
378	408	
378	409	
377	410	
379	411	
378	412	
378	413	
378	414	
377	415	
377	416	
378	417	
379	418	
379	419	
378	420	
378	421	
377	422	
377	423	
377	424	
377	425	
377	426	
376	427	
375	428	
375	429	
376	430	
377	431	
377	432	
377	433	
375	434	
375	435	
375	436	
374	437	
374	438	
377	439	
373	440	
374	441	
374	442	
374	443	
374	444	
374	445	
375	446	
374	447	
373	448	
373	449	
373	450	
374	451	
374	452	
375	453	
375	454	
375	455	
375	456	
375	457	
375	458	
375	459	
375	460	
376	461	
375	462	
376	462	
375	463	
375	464	
376	465	
376	466	
375	467	
376	467	
375	468	
376	468	
375	469	
375	470	
376	471	
376	472	
375	473	
376	473	
374	474	
374	475	
376	476	
376	477	
376	478	
374	479	
374	480	
375	481	
375	482	
375	483	
375	484	
375	485	
374	486	
376	487	
377	488	
376	489	
375	490	
376	490	
374	491	
374	492	
376	493	
376	494	
375	495	
374	496	
374	497	
376	498	
374	499	
375	500	
375	501	
374	502	
375	503	
375	504	
375	505	
375	506	
375	507	
373	508	
375	509	
375	510	
373	511	
373	512	
373	513	
373	514	
373	515	
374	516	
373	517	
373	518	
373	519	
373	520	
373	521	
373	522	
374	523	
374	524	
372	525	
374	525	
373	526	
373	527	
373	528	
376	529	
376	530	
375	531	
375	532	
377	533	
377	534	
377	535	
375	536	
379	537	
378	538	
377	539	
377	540	
377	541	
378	541	
377	542	
377	543	
377	544	
379	545	
379	546	
381	547	
377	548	
381	549	
380	550	
379	551	
380	552	
380	553	
380	554	
380	555	
382	556	
381	557	
381	558	
381	559	
381	560	
381	561	
381	562	
381	563	
382	564	
382	565	
383	566	
383	567	
383	568	
384	569	
384	570	
384	571	
384	572	
383	573	
384	574	
385	575	
385	576	
385	577	
386	578	
385	579	
386	580	
386	581	
386	582	
387	582	
385	583	
385	584	
385	585	
385	586	
385	587	
386	588	
386	589	
386	590	
386	591	
385	592	
386	592	
388	593	
389	594	
388	595	
387	596	
388	597	
387	598	
386	599	
389	600	
385	601	
387	602	
387	603	
389	604	
387	605	
387	606	
387	607	
387	608	
385	609	
385	610	
385	611	
385	612	
387	613	
387	614	
386	615	
386	616	
385	617	
385	618	
385	619	
386	620	
387	621	
387	622	
387	623	
387	624	
386	625	
385	626	
386	627	
385	628	
386	629	
385	630	
385	631	
386	632	
386	633	
387	634	
388	635	
389	636	
385	637	
386	638	
387	639	
387	640	
387	641	
387	642	
388	643	
388	644	
387	645	
387	646	
387	647	
387	648	
387	649	
389	650	
387	651	
391	652	
389	653	
390	654	
389	655	
389	656	
389	657	
389	658	
390	658	
389	659	
390	660	
390	661	
390	662	
389	663	
389	664	
389	665	
389	666	
389	667	
390	668	
389	669	
389	670	
389	671	
389	672	
389	673	
390	674	
390	675	
391	676	
391	677	
389	678	
389	679	
389	680	
391	680	
391	681	
387	682	
389	683	
389	684	
389	685	
390	686	
389	687	
390	688	
391	689	
391	690	
387	691	
388	692	
387	693	
387	694	
387	695	
387	696	
387	697	
385	698	
385	699	
385	700	
389	701	
387	702	
386	703	
386	704	
385	705	
386	705	
385	706	
389	707	
389	708	
389	709	
385	710	
386	710	
387	711	
387	712	
387	713	
387	714	
387	715	
386	716	
386	717	
385	718	
385	719	
385	720	
385	721	
385	722	
386	723	
386	724	
386	725	
385	726	
385	727	
386	727	
386	728	
388	728	
389	728	
388	729	
389	729	
388	730	
388	731	
385	732	
386	733	
385	734	
386	734	
385	735	
385	736	
385	737	
385	738	
385	739	
385	740	
385	741	
386	742	
386	743	
386	744	
385	745	
385	746	
385	747	
385	748	
385	749	
385	750	
386	750	
385	751	
385	752	
385	753	
385	754	
389	755	
389	756	
388	757	
389	757	
385	758	
385	759	
385	760	
385	761	
385	762	
389	763	
389	764	
385	765	
388	765	
386	766	
385	767	
385	768	
385	769	
385	770	
385	771	
385	772	
385	773	
386	774	
386	775	
385	776	
384	777	
384	778	
384	779	
383	780	
384	781	
384	782	
383	783	
386	783	
386	784	
385	785	
385	786	
385	787	
385	788	
384	789	
385	789	
384	790	
384	791	
384	792	
383	793	
383	794	
385	795	
385	796	
381	797	
381	798	
382	799	
381	800	
381	801	
381	802	
380	803	
383	804	
383	805	
379	806	
379	807	
379	808	
379	809	
379	810	
379	811	
381	812	
377	813	
377	814	
377	815	
379	816	
379	817	
375	818	
369	819	
369	820	
375	821	
375	822	
377	823	
377	824	
373	825	
373	826	
373	827	
373	828	
373	829	
374	830	
375	831	
375	832	
375	833	
373	834	
373	835	
373	836	
373	837	
374	838	
374	839	
374	840	
373	841	
373	842	
373	843	
373	844	
374	845	
374	846	
374	847	
374	848	
374	849	
373	850	
373	851	
373	852	
373	853	
375	854	
375	855	
373	856	
373	857	
372	858	
375	859	
375	860	
377	861	
377	862	
374	863	
373	864	
373	865	
373	866	
372	867	
371	868	
371	869	
371	870	
371	871	
371	872	
371	873	
371	874	
371	875	
371	876	
371	877	
371	878	
371	879	
371	880	
371	881	
369	882	
371	883	
371	884	
373	885	
373	886	
373	887	
370	888	
370	889	
370	890	
369	891	
369	892	
369	893	
369	894	
371	895	
370	896	
369	897	
369	898	
369	899	
369	900	
369	901	
369	902	
369	903	
370	904	
371	905	
371	906	
369	907	
369	908	
371	909	
371	910	
369	911	
369	912	
369	913	
369	914	
369	915	
373	973	
375	983	
385	1041	
389	1043	
385	1045	
387	1048	
389	1049	
395	1096	
397	1096	
397	1097	
