364	280	
366	285	
364	286	
364	287	
364	288	
365	289	
365	290	
365	291	
366	292	
365	293	
365	294	
365	295	
364	296	
364	297	
365	298	
365	299	
366	300	
366	301	
365	302	
364	303	
364	304	
364	305	
364	306	
364	307	
364	308	
364	309	
364	310	
364	311	
363	312	
363	313	
363	314	
365	315	
365	316	
365	317	
364	318	
364	319	
364	320	
364	321	
363	322	
363	323	
364	324	
364	325	
364	326	
364	327	
364	328	
364	329	
365	330	
365	331	
365	332	
365	333	
365	334	
365	335	
365	336	
365	337	
365	338	
367	339	
365	340	
365	341	
365	342	
366	343	
366	344	
367	344	
367	345	
367	346	
367	347	
367	348	
366	349	
366	350	
365	351	
366	352	
367	353	
367	354	
367	355	
367	356	
367	357	
367	358	
366	359	
367	359	
365	360	
367	365	
367	366	
367	367	
367	368	
369	369	
377	380	
377	381	
377	382	
375	383	
379	384	
377	385	
378	386	
378	387	
379	388	
379	389	
377	390	
377	391	
377	392	
378	393	
378	394	
381	395	
377	396	
377	397	
378	398	
379	399	
379	400	
381	401	
381	402	
379	403	
379	404	
379	405	
378	406	
379	406	
379	407	
379	408	
379	409	
381	410	
381	411	
378	412	
379	413	
379	414	
379	415	
379	416	
379	417	
379	418	
378	419	
377	420	
378	420	
377	421	
377	422	
379	423	
378	424	
377	425	
377	426	
379	427	
379	428	
377	429	
377	430	
377	431	
375	432	
375	433	
375	434	
375	435	
376	436	
377	437	
377	438	
377	439	
374	440	
374	441	
375	442	
375	443	
375	444	
375	445	
375	446	
375	447	
375	448	
375	449	
375	450	
375	451	
375	452	
375	453	
376	453	
375	454	
375	455	
375	456	
377	457	
377	458	
377	459	
375	460	
376	461	
376	462	
376	463	
375	464	
375	465	
375	466	
375	467	
375	468	
375	469	
375	470	
375	471	
375	472	
375	473	
375	474	
376	475	
375	476	
376	477	
375	478	
375	479	
375	480	
375	481	
375	482	
375	483	
376	484	
376	485	
375	486	
376	487	
375	488	
375	489	
375	490	
375	491	
375	492	
375	493	
376	494	
375	495	
376	496	
375	497	
376	497	
375	498	
376	499	
376	500	
376	501	
376	502	
377	503	
377	504	
377	505	
377	506	
373	507	
375	508	
375	509	
375	510	
375	511	
375	512	
373	513	
373	514	
374	515	
376	516	
376	517	
375	518	
374	519	
375	519	
374	520	
375	521	
375	522	
374	523	
374	524	
375	525	
375	526	
373	527	
374	527	
374	528	
374	529	
375	530	
375	531	
375	532	
375	533	
377	534	
379	535	
379	536	
378	537	
377	538	
377	539	
377	540	
380	541	
379	542	
381	543	
381	544	
381	545	
380	546	
379	547	
380	547	
379	548	
379	549	
379	550	
379	551	
380	552	
379	553	
380	554	
381	555	
381	556	
383	557	
381	558	
381	559	
382	560	
383	561	
384	562	
384	563	
383	564	
383	565	
383	566	
384	566	
383	567	
383	568	
383	569	
383	570	
383	571	
384	572	
387	573	
386	574	
387	575	
386	576	
385	577	
386	577	
386	578	
385	579	
387	580	
385	581	
387	581	
386	582	
388	583	
389	584	
389	585	
388	586	
387	587	
388	588	
387	589	
387	590	
388	591	
388	592	
389	593	
387	594	
387	595	
389	596	
389	597	
390	598	
387	599	
389	599	
387	600	
387	601	
387	602	
387	603	
387	604	
387	605	
389	606	
389	607	
388	610	
387	611	
387	612	
385	613	
385	614	
385	615	
386	616	
388	617	
389	618	
386	619	
386	620	
385	621	
385	622	
385	623	
386	623	
386	624	
387	625	
387	626	
387	627	
386	628	
385	629	
387	630	
387	631	
386	632	
386	633	
390	634	
387	635	
388	636	
387	637	
387	638	
388	639	
388	640	
388	641	
387	642	
388	642	
387	643	
387	644	
387	645	
387	646	
389	647	
389	648	
391	649	
391	650	
389	651	
389	652	
389	653	
391	654	
392	655	
392	656	
391	657	
391	658	
389	659	
390	660	
390	661	
392	662	
390	663	
390	664	
390	665	
390	666	
390	667	
390	668	
392	668	
393	669	
392	670	
390	671	
390	672	
389	673	
389	674	
390	675	
389	676	
389	677	
389	678	
389	679	
389	680	
390	681	
390	682	
392	683	
392	684	
390	685	
390	686	
391	687	
390	688	
390	689	
389	690	
389	691	
389	692	
390	693	
390	694	
390	695	
387	696	
387	697	
387	698	
386	699	
386	700	
389	701	
388	702	
387	703	
388	703	
388	704	
388	705	
389	706	
388	707	
387	708	
388	708	
388	709	
387	710	
388	711	
387	712	
387	713	
386	714	
387	714	
387	715	
387	716	
387	717	
387	718	
387	719	
387	720	
387	721	
387	722	
387	723	
387	724	
387	725	
387	726	
388	727	
387	728	
386	729	
387	730	
387	731	
387	732	
387	733	
387	734	
386	735	
388	736	
387	737	
390	738	
390	739	
389	740	
388	741	
387	742	
386	743	
385	744	
385	745	
385	746	
386	747	
386	748	
385	749	
387	750	
387	751	
387	752	
388	753	
388	754	
389	755	
389	756	
387	757	
387	758	
388	759	
387	760	
387	761	
387	762	
386	763	
386	764	
385	765	
385	766	
388	767	
386	768	
386	769	
386	770	
385	771	
385	772	
385	773	
385	774	
385	775	
386	776	
386	777	
386	778	
385	779	
385	780	
384	781	
383	782	
384	782	
383	783	
384	784	
384	785	
388	786	
384	787	
383	788	
383	789	
383	790	
383	791	
383	792	
383	793	
383	794	
383	795	
384	796	
384	797	
383	798	
382	799	
382	800	
383	801	
385	802	
381	803	
381	804	
381	805	
381	806	
381	807	
381	808	
381	809	
381	810	
379	811	
379	812	
379	813	
381	814	
381	815	
377	816	
377	817	
379	818	
379	819	
379	820	
376	821	
375	822	
377	822	
375	823	
375	824	
375	825	
375	826	
373	827	
373	828	
377	829	
377	830	
376	831	
373	832	
373	833	
373	834	
373	835	
373	836	
373	837	
373	838	
373	839	
373	840	
373	841	
373	842	
374	843	
374	844	
373	845	
373	846	
373	847	
373	848	
373	849	
373	850	
373	851	
374	852	
374	853	
373	854	
373	855	
373	856	
373	857	
373	858	
373	859	
373	860	
373	861	
373	862	
373	863	
373	864	
373	865	
373	866	
373	867	
372	868	
375	869	
375	870	
373	871	
372	872	
372	873	
372	874	
372	875	
375	876	
375	877	
374	878	
373	879	
373	880	
373	881	
373	882	
373	883	
373	884	
371	885	
371	886	
370	887	
371	888	
371	889	
373	890	
373	891	
373	892	
373	893	
373	894	
373	895	
373	896	
369	897	
369	898	
369	899	
373	900	
371	901	
372	901	
371	902	
371	903	
371	904	
369	905	
369	906	
369	907	
369	908	
369	909	
369	910	
369	911	
369	912	
373	913	
381	995	
381	996	
381	997	
395	1098	
395	1099	
