365	282	
367	284	
367	285	
365	286	
365	287	
365	288	
366	289	
367	290	
366	291	
366	292	
366	293	
367	294	
367	295	
367	296	
366	297	
366	298	
366	299	
365	300	
365	301	
365	302	
367	303	
367	304	
366	305	
366	306	
365	307	
365	308	
364	309	
364	310	
364	311	
364	312	
364	313	
365	314	
365	315	
365	316	
366	317	
365	318	
365	319	
365	320	
365	321	
365	322	
365	323	
365	324	
365	325	
365	326	
365	327	
365	328	
365	329	
365	330	
366	331	
366	332	
366	333	
366	334	
366	335	
366	336	
366	337	
366	338	
366	339	
367	340	
368	341	
369	342	
365	343	
365	344	
366	345	
368	346	
368	347	
367	348	
367	349	
367	350	
367	351	
367	352	
367	353	
367	354	
367	355	
367	356	
367	357	
367	358	
369	365	
367	367	
367	368	
367	369	
367	370	
367	371	
368	375	
377	386	
377	387	
378	388	
379	389	
379	390	
380	391	
381	391	
379	392	
379	393	
379	394	
379	395	
381	396	
381	397	
379	398	
379	399	
379	400	
379	401	
379	402	
379	403	
380	404	
380	405	
380	406	
380	407	
379	408	
379	409	
380	409	
380	410	
380	411	
380	412	
381	413	
379	414	
381	414	
379	415	
379	416	
379	417	
379	418	
379	419	
379	420	
379	421	
379	422	
378	423	
378	424	
378	425	
378	426	
378	427	
378	428	
379	429	
379	430	
379	431	
378	432	
377	433	
377	434	
377	435	
376	436	
376	437	
375	438	
377	439	
376	440	
376	441	
376	442	
376	443	
375	444	
375	445	
375	446	
375	447	
375	448	
375	449	
376	450	
376	451	
376	452	
375	453	
375	454	
376	455	
376	456	
376	457	
378	458	
377	459	
377	460	
376	461	
376	462	
377	463	
377	464	
377	465	
377	466	
376	467	
376	468	
377	469	
377	470	
376	471	
376	472	
375	473	
376	474	
376	475	
375	476	
375	477	
377	478	
376	479	
376	480	
376	481	
376	482	
377	483	
377	484	
377	485	
377	486	
376	487	
376	488	
375	489	
375	490	
377	491	
376	492	
378	493	
375	494	
375	495	
376	496	
376	497	
375	498	
376	499	
376	500	
376	501	
376	502	
376	503	
376	504	
376	505	
375	506	
375	507	
375	508	
378	508	
375	509	
375	510	
375	511	
375	512	
377	513	
376	514	
375	515	
375	516	
375	517	
375	518	
375	519	
374	520	
374	521	
374	522	
376	523	
376	524	
375	525	
375	526	
375	527	
376	528	
375	529	
375	530	
375	531	
375	532	
375	533	
375	534	
377	536	
379	537	
380	538	
379	539	
381	540	
379	541	
379	542	
379	543	
380	544	
379	545	
380	546	
380	547	
381	548	
383	549	
381	550	
383	550	
381	551	
382	552	
382	553	
381	554	
381	555	
381	556	
381	557	
382	558	
383	559	
383	560	
384	561	
385	562	
385	563	
386	564	
384	565	
383	566	
384	567	
385	568	
385	569	
386	570	
385	571	
385	572	
385	573	
385	574	
385	575	
386	576	
387	577	
387	578	
387	579	
386	580	
387	580	
388	581	
387	582	
386	583	
387	584	
387	585	
386	586	
387	586	
387	587	
390	588	
388	589	
388	590	
387	591	
387	592	
387	593	
387	594	
388	595	
388	596	
387	597	
386	598	
387	599	
387	600	
387	601	
387	602	
387	603	
389	604	
387	605	
387	606	
387	607	
387	608	
387	609	
387	610	
387	611	
387	612	
387	613	
387	614	
387	615	
387	616	
387	617	
387	618	
387	619	
387	620	
387	621	
387	622	
388	623	
387	624	
387	625	
387	626	
386	627	
387	627	
386	628	
387	629	
388	630	
388	631	
387	632	
388	632	
388	633	
389	633	
389	634	
389	635	
389	636	
389	637	
389	638	
387	639	
388	640	
387	641	
390	642	
390	643	
389	644	
388	645	
389	646	
389	647	
390	648	
389	649	
389	650	
393	651	
393	652	
389	653	
389	654	
389	655	
391	656	
391	657	
391	658	
391	659	
391	660	
391	661	
392	662	
391	663	
392	663	
391	664	
391	665	
392	665	
392	666	
392	667	
392	668	
391	669	
392	669	
391	670	
392	671	
392	672	
392	673	
392	674	
392	675	
392	676	
392	677	
389	678	
390	678	
389	679	
389	680	
389	681	
390	682	
391	682	
391	683	
391	684	
389	685	
391	686	
390	687	
389	688	
389	689	
389	690	
389	691	
389	692	
390	692	
389	693	
389	694	
389	695	
389	696	
390	697	
390	698	
390	699	
390	700	
387	701	
387	702	
387	703	
387	704	
387	705	
390	706	
390	707	
390	708	
387	709	
387	710	
387	711	
387	712	
388	713	
388	714	
387	715	
387	716	
387	717	
387	718	
387	719	
387	720	
387	721	
387	722	
388	723	
389	724	
389	725	
387	726	
386	727	
386	728	
387	729	
387	730	
388	730	
387	731	
387	732	
387	733	
388	734	
387	735	
387	736	
387	737	
387	738	
387	739	
387	740	
387	741	
387	742	
387	743	
387	744	
387	745	
387	746	
387	747	
387	748	
387	749	
388	749	
387	750	
387	751	
387	752	
388	752	
387	753	
388	753	
388	754	
388	755	
388	756	
387	757	
387	758	
387	759	
387	760	
387	761	
387	762	
387	763	
387	764	
387	765	
387	766	
387	767	
386	768	
385	769	
389	770	
389	771	
389	772	
386	773	
385	774	
385	775	
385	776	
386	777	
387	778	
387	779	
387	780	
385	781	
385	782	
386	783	
386	784	
388	785	
388	786	
385	787	
385	788	
385	789	
385	790	
385	791	
383	792	
384	792	
383	793	
383	794	
383	795	
385	796	
385	797	
383	798	
383	799	
383	800	
383	801	
382	802	
383	803	
383	804	
382	805	
381	806	
381	807	
382	808	
381	809	
381	810	
381	811	
382	811	
381	812	
379	813	
381	814	
381	815	
381	816	
377	817	
377	818	
377	819	
376	820	
377	820	
379	821	
379	822	
378	823	
375	824	
377	825	
377	826	
375	827	
375	828	
375	829	
375	830	
377	831	
377	832	
377	833	
377	834	
377	835	
375	836	
377	837	
377	838	
377	839	
376	840	
375	841	
373	842	
373	843	
373	844	
377	845	
377	846	
377	847	
373	848	
373	849	
377	850	
377	851	
377	852	
376	853	
375	854	
375	855	
377	856	
378	857	
377	858	
377	859	
377	860	
377	861	
377	862	
374	863	
375	864	
375	865	
375	866	
373	867	
373	868	
373	869	
375	870	
375	871	
377	872	
373	873	
373	874	
373	875	
377	876	
373	877	
373	878	
373	879	
373	880	
375	881	
375	882	
374	883	
373	884	
373	885	
373	886	
375	887	
374	888	
371	889	
371	890	
371	891	
371	892	
371	893	
371	894	
375	895	
375	896	
375	897	
371	898	
371	899	
371	900	
371	901	
371	902	
371	903	
371	904	
373	905	
371	906	
371	907	
369	908	
371	909	
373	910	
373	911	
371	912	
371	913	
381	989	
381	990	
381	991	
379	1001	
383	1007	
