367	281	
367	282	
367	283	
367	284	
368	285	
367	286	
368	287	
369	288	
368	289	
369	289	
366	290	
367	291	
368	292	
368	293	
369	294	
369	295	
368	296	
367	297	
367	298	
367	299	
367	300	
366	301	
366	302	
366	303	
366	304	
366	305	
366	306	
366	307	
366	308	
366	309	
366	310	
366	311	
366	312	
366	313	
365	314	
365	315	
366	316	
366	317	
367	318	
367	319	
367	320	
366	321	
366	322	
366	323	
367	324	
367	325	
367	326	
366	327	
365	328	
365	329	
367	330	
368	331	
367	332	
367	333	
367	334	
367	335	
367	336	
367	337	
369	338	
369	339	
369	340	
368	341	
368	342	
368	343	
368	344	
368	345	
368	346	
368	347	
368	348	
368	349	
368	350	
368	351	
368	352	
367	353	
368	354	
368	355	
369	356	
369	359	
367	362	
367	363	
369	364	
369	365	
369	366	
369	367	
369	368	
369	369	
369	370	
369	371	
369	372	
369	373	
369	374	
369	375	
369	376	
369	377	
377	385	
379	386	
379	387	
379	388	
381	388	
381	389	
381	390	
379	391	
379	392	
379	393	
379	394	
380	395	
380	396	
381	397	
380	398	
380	399	
380	400	
381	401	
381	402	
382	403	
381	404	
380	405	
380	406	
381	407	
382	408	
380	409	
380	410	
380	411	
380	412	
380	413	
381	413	
380	414	
380	415	
380	416	
381	417	
381	418	
381	419	
379	420	
379	421	
379	422	
381	423	
381	424	
379	425	
379	426	
380	427	
379	428	
379	429	
379	430	
378	431	
377	432	
377	433	
377	434	
377	435	
377	436	
377	437	
376	438	
376	439	
375	440	
375	441	
379	442	
379	443	
377	444	
376	445	
376	446	
379	447	
378	448	
379	448	
377	449	
379	450	
379	451	
379	452	
377	453	
377	454	
377	455	
378	456	
378	457	
378	458	
377	459	
378	460	
377	461	
377	462	
377	463	
378	464	
378	465	
378	466	
379	467	
376	468	
378	468	
377	469	
377	470	
377	471	
378	471	
378	472	
377	473	
377	474	
376	475	
376	476	
377	477	
378	477	
378	478	
377	479	
379	480	
379	481	
379	482	
378	483	
378	484	
377	485	
379	485	
378	486	
379	487	
379	488	
378	489	
377	490	
377	491	
379	492	
379	493	
378	494	
379	494	
379	495	
377	496	
377	497	
377	498	
377	499	
377	500	
378	501	
380	502	
376	503	
376	504	
376	505	
376	506	
375	507	
375	508	
375	509	
378	510	
377	511	
377	512	
377	513	
377	514	
377	515	
375	516	
375	517	
376	518	
376	519	
376	520	
376	521	
376	522	
376	523	
376	524	
376	525	
376	526	
376	527	
375	528	
376	529	
377	530	
378	531	
379	532	
377	533	
377	534	
377	535	
379	537	
379	538	
379	539	
379	540	
381	541	
381	542	
381	543	
381	544	
381	545	
381	546	
382	547	
384	548	
385	548	
383	549	
384	549	
383	550	
381	551	
381	552	
385	553	
386	554	
385	555	
384	556	
384	557	
384	558	
384	559	
383	560	
385	561	
386	561	
385	562	
385	563	
386	564	
385	565	
385	566	
385	567	
386	568	
385	569	
386	570	
386	571	
387	572	
387	573	
388	574	
388	575	
388	576	
388	577	
387	578	
389	579	
389	580	
388	581	
389	582	
389	583	
389	584	
389	585	
388	586	
391	587	
387	588	
389	589	
389	590	
389	591	
388	592	
390	593	
390	594	
391	594	
391	595	
391	596	
390	597	
390	598	
389	599	
390	599	
389	600	
390	601	
389	602	
391	603	
393	604	
388	605	
387	606	
387	607	
395	608	
389	609	
387	610	
387	611	
387	612	
387	613	
389	613	
387	614	
389	614	
389	615	
389	616	
387	617	
386	618	
387	619	
391	620	
387	621	
388	622	
387	623	
387	624	
387	625	
387	626	
388	627	
389	628	
387	629	
389	630	
389	631	
389	632	
389	633	
390	634	
389	635	
389	636	
389	637	
389	638	
389	639	
389	640	
389	641	
389	642	
389	643	
389	644	
390	645	
391	646	
391	647	
391	648	
393	649	
393	650	
393	651	
393	652	
391	653	
392	653	
392	654	
395	655	
394	656	
392	657	
392	658	
391	659	
391	660	
391	661	
391	662	
391	663	
392	664	
392	665	
391	666	
392	667	
392	668	
391	669	
392	670	
392	671	
391	672	
391	673	
391	674	
391	675	
392	675	
394	676	
394	677	
393	678	
392	679	
392	680	
392	681	
392	682	
393	682	
394	683	
394	684	
394	685	
394	686	
392	687	
392	688	
392	689	
392	690	
392	691	
389	692	
390	693	
389	694	
389	695	
389	696	
389	697	
389	698	
389	699	
389	700	
389	701	
390	702	
390	703	
391	704	
389	705	
388	706	
389	707	
390	708	
390	709	
389	710	
391	710	
389	711	
390	712	
390	713	
390	714	
389	715	
389	716	
390	717	
389	718	
389	719	
389	720	
390	720	
390	721	
391	722	
390	723	
390	724	
390	725	
390	726	
390	727	
389	728	
389	729	
389	730	
389	731	
389	732	
389	733	
390	734	
389	735	
389	736	
389	737	
389	738	
389	739	
389	740	
389	741	
387	742	
388	743	
388	744	
389	745	
389	746	
389	747	
390	748	
389	749	
389	750	
390	751	
389	752	
390	753	
389	754	
389	755	
389	756	
389	757	
389	758	
389	759	
387	760	
390	760	
391	761	
391	762	
391	763	
391	764	
387	765	
390	766	
390	767	
390	768	
388	769	
389	770	
389	771	
387	772	
387	773	
387	774	
389	775	
388	776	
389	777	
389	778	
389	779	
388	780	
389	780	
389	781	
389	782	
387	783	
387	784	
386	785	
385	786	
387	787	
387	788	
386	789	
385	790	
385	791	
385	792	
385	793	
385	794	
385	795	
386	796	
386	797	
387	798	
387	799	
383	800	
383	801	
384	802	
383	803	
383	804	
383	805	
383	806	
383	807	
383	808	
381	809	
381	810	
381	811	
382	811	
383	812	
379	813	
379	814	
379	815	
383	816	
378	817	
378	818	
378	819	
378	820	
377	821	
377	822	
377	823	
377	824	
377	825	
377	826	
377	827	
377	828	
377	829	
377	830	
377	831	
377	832	
377	833	
376	834	
376	835	
376	836	
377	837	
377	838	
377	839	
378	840	
377	841	
377	842	
375	843	
375	844	
375	845	
375	846	
376	847	
377	848	
376	849	
376	850	
377	851	
377	852	
375	853	
375	854	
375	855	
375	856	
375	857	
375	858	
375	859	
375	860	
376	861	
377	862	
377	863	
375	864	
375	865	
375	866	
375	867	
375	868	
375	869	
375	870	
375	871	
375	872	
375	873	
375	874	
375	875	
375	876	
375	877	
376	877	
377	878	
377	879	
377	880	
375	881	
375	882	
376	883	
373	884	
373	885	
373	886	
374	887	
374	888	
373	889	
373	890	
373	891	
373	892	
373	893	
373	894	
373	895	
373	896	
373	897	
373	898	
373	899	
373	900	
374	901	
375	902	
375	903	
373	904	
373	905	
373	906	
373	907	
375	908	
375	909	
375	910	
373	911	
373	912	
373	913	
373	914	
375	961	
382	1001	
385	1007	
385	1008	
393	1057	
