368	284	
368	285	
368	286	
368	287	
367	288	
368	289	
368	290	
368	291	
368	292	
368	293	
368	294	
368	295	
368	296	
368	297	
368	298	
368	299	
367	300	
367	301	
367	302	
367	303	
367	304	
368	305	
368	306	
368	307	
367	308	
367	309	
367	310	
367	311	
367	312	
367	313	
367	314	
367	315	
367	316	
367	317	
367	318	
368	319	
368	320	
367	321	
368	322	
368	323	
368	324	
368	325	
369	326	
369	327	
369	328	
369	329	
369	330	
369	331	
369	332	
367	333	
367	334	
368	335	
368	336	
368	337	
368	338	
368	339	
368	340	
368	341	
368	342	
368	343	
368	344	
369	344	
369	345	
369	346	
370	347	
371	348	
371	349	
371	350	
371	351	
371	352	
370	353	
369	354	
369	355	
369	356	
369	360	
369	361	
369	362	
369	363	
370	364	
370	365	
370	366	
369	367	
370	367	
370	368	
370	369	
370	370	
370	371	
370	372	
370	373	
370	374	
370	375	
369	376	
369	377	
379	384	
379	385	
379	386	
379	387	
379	388	
382	389	
380	390	
381	390	
380	391	
379	392	
381	393	
381	394	
381	395	
381	396	
383	397	
381	398	
381	399	
381	400	
383	401	
383	402	
381	403	
381	404	
383	405	
383	406	
382	407	
382	408	
383	408	
383	409	
381	410	
382	410	
381	411	
382	411	
381	412	
381	413	
381	414	
381	415	
381	416	
381	417	
380	418	
380	419	
380	420	
383	421	
379	422	
379	423	
379	424	
379	425	
379	426	
380	427	
379	428	
378	429	
378	430	
381	431	
377	432	
381	432	
377	433	
378	434	
377	435	
377	436	
378	437	
377	438	
377	439	
377	440	
377	441	
377	442	
377	443	
377	444	
377	445	
377	446	
377	447	
378	448	
378	449	
378	450	
378	451	
378	452	
378	453	
377	454	
378	455	
378	456	
378	457	
378	458	
378	459	
378	460	
379	461	
379	462	
379	463	
379	464	
379	465	
379	466	
379	467	
380	467	
380	468	
380	469	
379	470	
378	471	
379	471	
378	472	
377	473	
378	473	
377	474	
378	475	
378	476	
378	477	
377	478	
380	479	
379	480	
378	481	
377	482	
378	482	
377	483	
377	484	
377	485	
377	486	
380	487	
379	488	
379	489	
379	490	
377	491	
379	491	
377	492	
378	493	
378	494	
378	495	
378	496	
378	497	
378	498	
377	499	
377	500	
377	501	
377	502	
377	503	
378	504	
378	505	
379	506	
379	507	
378	508	
379	508	
379	509	
379	510	
379	511	
377	512	
377	513	
378	514	
377	515	
377	516	
377	517	
378	517	
376	518	
376	519	
378	520	
377	521	
378	522	
377	523	
377	524	
376	525	
376	526	
376	527	
376	528	
376	529	
377	530	
377	531	
377	532	
377	533	
377	534	
379	535	
379	536	
381	538	
381	539	
381	540	
381	541	
381	542	
383	543	
383	544	
382	545	
382	546	
385	547	
385	548	
384	549	
384	550	
384	551	
383	552	
383	553	
384	553	
383	554	
383	555	
385	556	
385	557	
385	558	
385	559	
385	560	
385	561	
386	562	
385	563	
385	564	
386	565	
385	566	
389	567	
388	568	
387	569	
388	570	
388	571	
388	572	
388	573	
389	574	
389	575	
390	576	
388	577	
387	578	
392	579	
388	580	
388	581	
388	582	
389	583	
390	584	
390	585	
390	586	
389	587	
389	588	
390	589	
390	590	
389	591	
389	592	
389	593	
389	594	
389	595	
389	596	
389	597	
389	598	
389	599	
389	600	
389	601	
389	602	
389	603	
391	604	
391	605	
391	606	
389	607	
390	607	
389	608	
389	609	
389	610	
387	611	
387	612	
387	613	
387	614	
387	615	
387	616	
387	617	
387	618	
387	619	
387	620	
387	621	
387	622	
387	623	
389	624	
389	625	
389	626	
389	627	
389	628	
391	629	
390	630	
391	631	
390	632	
391	632	
390	633	
389	634	
389	635	
389	636	
389	637	
389	638	
389	639	
389	640	
390	641	
391	642	
391	643	
391	644	
392	645	
393	646	
390	647	
391	648	
391	649	
392	650	
391	651	
395	652	
392	653	
392	654	
391	655	
392	656	
393	657	
393	658	
394	659	
394	660	
393	661	
393	662	
394	663	
394	664	
393	665	
393	666	
394	666	
393	667	
393	668	
392	669	
392	670	
391	671	
392	671	
392	672	
393	673	
393	674	
393	675	
391	676	
391	677	
391	678	
394	679	
391	680	
394	680	
392	681	
391	682	
391	683	
391	684	
391	685	
391	686	
392	687	
390	688	
391	688	
391	689	
391	690	
391	691	
391	692	
391	693	
390	694	
389	695	
390	696	
392	697	
392	698	
390	699	
389	700	
389	701	
389	702	
389	703	
389	704	
391	705	
391	706	
391	707	
391	708	
390	709	
391	709	
390	710	
389	711	
389	712	
390	713	
390	714	
390	715	
392	715	
389	716	
393	717	
389	718	
390	719	
391	720	
390	721	
390	722	
389	723	
389	724	
389	725	
391	726	
390	727	
389	728	
389	729	
389	730	
389	731	
389	732	
392	732	
389	733	
389	734	
391	735	
390	736	
390	737	
390	738	
389	739	
389	740	
389	741	
390	741	
389	742	
390	742	
390	743	
389	744	
390	744	
389	745	
389	746	
390	747	
389	748	
389	749	
389	750	
389	751	
390	752	
390	753	
389	754	
389	755	
389	756	
389	757	
389	758	
389	759	
389	760	
390	761	
391	761	
389	762	
391	762	
388	763	
389	764	
389	765	
391	766	
391	767	
389	768	
389	769	
387	770	
388	770	
387	771	
391	772	
392	773	
387	774	
387	775	
387	776	
387	777	
387	778	
387	779	
387	780	
387	781	
387	782	
387	783	
387	784	
387	785	
387	786	
387	787	
387	788	
387	789	
386	790	
385	791	
385	792	
387	793	
387	794	
385	795	
385	796	
385	797	
386	798	
385	799	
385	800	
385	801	
383	802	
383	803	
387	804	
387	805	
385	806	
385	807	
381	808	
381	809	
381	810	
383	811	
383	812	
381	813	
381	814	
381	815	
379	816	
379	817	
380	818	
380	819	
377	820	
377	821	
377	822	
377	823	
377	824	
377	825	
377	826	
377	827	
377	828	
377	829	
377	830	
378	831	
379	832	
379	833	
377	834	
377	835	
377	836	
377	837	
377	838	
376	839	
377	839	
375	840	
376	840	
377	841	
377	842	
379	843	
375	844	
377	845	
377	846	
379	847	
379	848	
375	849	
375	850	
379	851	
379	852	
376	853	
377	853	
377	854	
376	855	
380	856	
379	857	
377	858	
377	859	
377	860	
378	861	
379	862	
379	863	
379	864	
379	865	
379	866	
377	867	
377	868	
379	869	
379	870	
379	871	
377	872	
377	873	
377	874	
377	875	
375	876	
375	877	
375	878	
375	879	
375	880	
375	881	
375	882	
375	883	
375	884	
375	885	
375	886	
375	887	
375	888	
375	889	
375	890	
375	891	
375	892	
377	893	
377	894	
375	895	
377	896	
377	897	
377	898	
373	899	
373	900	
375	901	
375	902	
375	903	
373	904	
373	905	
373	906	
373	907	
373	908	
373	909	
373	910	
373	911	
373	912	
385	993	
385	1007	
383	1009	
383	1010	
387	1027	
397	1078	
397	1079	
399	1080	
399	1081	
399	1082	
399	1083	
399	1084	
399	1085	
