299	66	
299	67	
370	283	
370	284	
369	285	
369	286	
370	287	
370	288	
370	289	
370	290	
371	291	
371	292	
371	293	
371	294	
369	295	
369	296	
369	297	
369	298	
369	299	
370	300	
370	301	
370	302	
371	302	
370	303	
370	304	
369	305	
370	306	
369	307	
369	308	
368	309	
368	310	
368	311	
368	312	
369	313	
369	314	
369	315	
369	316	
369	317	
370	318	
370	319	
369	320	
369	321	
369	322	
369	323	
371	324	
370	325	
369	326	
369	327	
370	328	
370	329	
370	330	
369	331	
370	331	
370	332	
370	333	
369	334	
369	335	
369	336	
369	337	
370	338	
370	339	
369	340	
369	341	
371	342	
371	343	
372	343	
371	344	
369	345	
369	346	
370	346	
369	347	
370	348	
373	349	
371	350	
370	351	
371	352	
371	353	
371	354	
371	357	
373	359	
370	360	
373	360	
370	361	
373	362	
373	363	
371	364	
372	365	
372	366	
371	367	
371	368	
373	369	
371	370	
371	371	
371	372	
371	373	
371	374	
371	375	
371	376	
371	377	
371	378	
383	386	
383	387	
381	388	
381	389	
381	390	
385	391	
381	392	
381	393	
382	394	
383	395	
383	396	
381	397	
381	398	
384	399	
385	399	
383	400	
383	401	
383	402	
383	403	
382	404	
381	405	
381	406	
385	407	
383	408	
383	409	
383	410	
383	411	
382	412	
383	413	
383	414	
383	415	
383	416	
381	417	
381	418	
381	419	
383	420	
383	421	
383	422	
381	423	
382	423	
382	424	
381	425	
381	426	
383	427	
383	428	
380	429	
379	430	
379	431	
379	432	
379	433	
379	434	
379	435	
379	436	
379	437	
379	438	
379	439	
379	440	
379	441	
380	442	
381	443	
380	444	
380	445	
380	446	
380	447	
380	448	
380	449	
380	450	
379	451	
379	452	
379	453	
379	454	
379	455	
380	456	
381	457	
381	458	
379	459	
379	460	
380	461	
380	462	
380	463	
380	464	
380	465	
380	466	
380	467	
380	468	
380	469	
380	470	
380	471	
379	472	
380	472	
379	473	
379	474	
379	475	
379	476	
379	477	
379	478	
379	479	
379	480	
379	481	
379	482	
381	483	
380	484	
380	485	
381	485	
381	486	
379	487	
379	488	
379	489	
379	490	
379	491	
380	492	
380	493	
380	494	
380	495	
380	496	
379	497	
379	498	
379	499	
379	500	
379	501	
379	502	
379	503	
379	504	
379	505	
379	506	
379	507	
379	508	
380	509	
380	510	
378	511	
379	512	
379	513	
379	514	
380	514	
379	515	
378	516	
379	517	
378	518	
378	519	
378	520	
378	521	
378	522	
378	523	
378	524	
377	525	
377	526	
378	527	
377	528	
381	529	
381	530	
381	531	
380	532	
380	533	
379	534	
379	535	
379	536	
379	537	
379	538	
381	540	
385	543	
385	544	
385	545	
386	546	
385	547	
385	548	
385	549	
385	550	
385	551	
386	552	
385	553	
386	554	
386	555	
387	556	
385	557	
385	558	
387	559	
387	560	
387	561	
390	562	
387	563	
388	564	
387	565	
391	566	
391	567	
389	568	
389	569	
389	570	
389	571	
389	572	
391	573	
389	574	
389	575	
389	576	
389	577	
390	578	
391	579	
392	580	
391	581	
391	582	
391	583	
391	584	
391	585	
393	586	
393	587	
393	588	
393	589	
392	590	
393	591	
393	592	
393	593	
393	594	
391	595	
391	596	
391	597	
389	598	
392	599	
393	600	
391	601	
391	602	
389	603	
389	604	
389	605	
389	606	
389	607	
390	608	
390	609	
390	610	
390	611	
389	612	
389	613	
389	614	
389	615	
390	616	
391	617	
390	618	
391	619	
389	620	
389	621	
393	622	
389	623	
389	624	
391	625	
391	626	
391	627	
393	628	
392	629	
391	630	
390	631	
395	632	
391	633	
389	634	
391	635	
391	636	
391	637	
391	638	
391	639	
391	640	
391	641	
394	642	
395	643	
394	644	
394	645	
393	646	
393	647	
395	648	
391	649	
391	650	
391	651	
393	652	
393	653	
393	654	
393	655	
395	656	
396	657	
395	658	
395	659	
399	660	
394	661	
395	662	
393	663	
393	664	
393	665	
394	666	
395	667	
395	668	
396	669	
396	670	
396	671	
396	672	
396	673	
396	674	
396	675	
396	676	
396	677	
393	678	
393	679	
393	680	
393	681	
393	682	
393	683	
394	684	
396	685	
397	685	
396	686	
398	686	
393	687	
393	688	
393	689	
393	690	
393	691	
394	692	
395	693	
393	694	
393	695	
393	696	
392	697	
391	698	
392	698	
391	699	
391	700	
393	700	
391	701	
391	702	
391	703	
391	704	
392	704	
392	705	
391	706	
393	706	
392	707	
394	708	
394	709	
395	710	
391	711	
391	712	
391	713	
391	714	
391	715	
391	716	
391	717	
392	717	
392	718	
394	718	
392	719	
391	720	
391	721	
391	722	
391	723	
391	724	
391	725	
391	726	
391	727	
391	728	
390	729	
391	730	
391	731	
391	732	
391	733	
391	734	
391	735	
391	736	
392	737	
391	738	
392	739	
393	740	
393	741	
393	742	
393	743	
391	744	
391	745	
393	746	
392	747	
393	748	
393	749	
391	750	
392	750	
391	751	
392	752	
392	753	
393	754	
392	755	
391	756	
391	757	
391	758	
391	759	
391	760	
391	761	
391	762	
390	763	
392	764	
391	765	
391	766	
391	767	
391	768	
391	769	
391	770	
392	771	
390	772	
390	773	
390	774	
390	775	
390	776	
390	777	
390	778	
389	779	
389	780	
389	781	
389	782	
390	783	
391	784	
390	785	
390	786	
391	787	
391	788	
391	789	
388	790	
387	791	
387	792	
387	793	
389	794	
387	795	
387	796	
387	797	
387	798	
389	799	
389	800	
389	801	
389	802	
389	803	
387	804	
385	805	
385	806	
385	807	
385	808	
385	809	
385	810	
385	811	
385	812	
385	813	
384	814	
385	814	
383	815	
381	816	
385	817	
381	818	
381	819	
381	820	
380	821	
379	822	
379	823	
379	824	
379	825	
379	826	
380	827	
381	828	
380	829	
379	830	
379	831	
379	832	
379	833	
380	834	
380	835	
379	836	
379	837	
379	838	
379	839	
381	840	
381	841	
379	842	
379	843	
378	844	
377	845	
379	846	
379	847	
379	848	
381	849	
382	850	
381	851	
381	852	
381	853	
379	854	
379	855	
380	856	
379	857	
379	858	
378	859	
378	860	
380	861	
380	862	
381	863	
381	864	
379	865	
379	866	
379	867	
380	867	
381	868	
381	869	
381	870	
381	871	
377	872	
377	873	
378	874	
379	875	
379	876	
379	877	
377	878	
377	879	
377	880	
379	881	
379	882	
377	883	
381	884	
377	885	
377	886	
377	887	
377	888	
377	889	
377	890	
377	891	
377	892	
377	893	
377	894	
377	895	
377	896	
375	897	
375	898	
379	899	
377	900	
377	901	
377	902	
377	903	
377	904	
377	905	
375	906	
375	907	
375	908	
375	909	
375	910	
387	1007	
387	1008	
387	1009	
397	1061	
399	1094	
399	1095	
