371	282	
372	283	
370	284	
371	285	
373	286	
371	287	
371	288	
371	289	
373	290	
371	291	
371	292	
371	293	
371	294	
372	295	
372	296	
372	297	
371	298	
371	299	
372	300	
371	301	
371	302	
371	303	
370	304	
371	304	
370	305	
370	306	
370	307	
371	308	
371	309	
370	310	
371	311	
371	312	
371	313	
371	314	
371	315	
372	316	
371	317	
371	318	
371	319	
372	320	
371	321	
372	321	
371	322	
371	323	
373	324	
373	325	
370	326	
371	327	
371	328	
372	329	
371	330	
371	331	
371	332	
373	333	
373	334	
373	335	
372	336	
371	337	
371	338	
371	339	
371	340	
372	341	
372	342	
372	343	
372	344	
372	345	
372	346	
372	347	
372	348	
373	349	
373	350	
373	351	
373	352	
371	353	
372	354	
372	355	
371	357	
371	358	
372	359	
373	360	
373	361	
373	362	
373	363	
373	364	
374	365	
373	366	
373	367	
381	387	
381	388	
382	389	
383	390	
383	391	
384	392	
385	392	
385	393	
383	394	
383	395	
383	396	
383	397	
385	397	
383	398	
383	399	
383	400	
385	401	
385	402	
385	403	
384	404	
384	405	
383	406	
383	407	
384	408	
384	409	
384	410	
383	411	
384	412	
385	413	
385	414	
384	415	
384	416	
383	417	
383	418	
383	419	
383	420	
384	421	
385	421	
383	422	
383	423	
382	424	
382	425	
382	426	
381	427	
381	428	
382	429	
383	430	
382	431	
382	432	
380	433	
380	434	
381	435	
381	436	
381	437	
380	438	
380	439	
379	440	
380	441	
380	442	
380	443	
380	444	
380	445	
380	446	
380	447	
381	448	
382	449	
380	450	
383	451	
382	452	
381	453	
381	454	
382	455	
381	456	
381	457	
382	457	
382	458	
381	459	
381	460	
381	461	
381	462	
381	463	
381	464	
382	465	
382	466	
383	467	
384	468	
383	469	
381	470	
382	471	
381	472	
381	473	
381	474	
381	475	
381	476	
381	477	
381	478	
381	479	
383	480	
382	481	
382	482	
383	483	
383	484	
382	485	
382	486	
381	487	
381	488	
381	489	
381	490	
381	491	
381	492	
381	493	
382	494	
382	495	
381	496	
381	497	
381	498	
381	499	
382	500	
383	501	
383	502	
383	503	
383	504	
380	505	
380	506	
380	507	
380	508	
380	509	
380	510	
380	511	
381	512	
380	513	
380	514	
380	515	
380	516	
380	517	
380	518	
380	519	
380	520	
381	521	
380	522	
380	523	
379	524	
380	525	
380	526	
380	527	
380	528	
381	529	
380	530	
380	531	
379	532	
381	533	
381	534	
381	535	
380	536	
381	537	
381	538	
381	539	
383	540	
383	541	
385	543	
385	544	
385	545	
385	546	
385	547	
385	548	
385	549	
387	550	
387	551	
387	552	
388	553	
388	554	
387	555	
387	556	
387	557	
387	558	
387	559	
389	560	
389	561	
389	562	
389	563	
393	564	
391	565	
390	566	
389	567	
390	568	
390	569	
391	570	
392	570	
392	571	
391	572	
391	573	
391	574	
392	575	
392	576	
391	577	
392	578	
394	579	
391	580	
395	581	
395	582	
391	583	
391	584	
391	585	
394	586	
392	587	
391	588	
395	588	
394	589	
393	590	
393	591	
391	592	
393	593	
393	594	
391	595	
391	596	
391	597	
393	598	
391	599	
391	600	
391	601	
393	602	
391	603	
391	604	
391	605	
391	606	
391	607	
391	608	
391	609	
391	610	
391	611	
391	612	
391	613	
391	614	
391	615	
391	616	
391	617	
391	618	
391	619	
392	619	
392	620	
392	621	
391	622	
391	623	
391	624	
391	625	
391	626	
392	626	
391	627	
391	628	
391	629	
393	630	
393	631	
394	632	
393	633	
392	634	
391	635	
391	636	
392	637	
393	638	
394	639	
395	640	
397	641	
393	642	
393	643	
394	644	
393	645	
393	646	
393	647	
393	648	
393	649	
394	649	
395	650	
397	651	
397	652	
395	653	
395	654	
395	655	
395	656	
396	656	
395	657	
395	658	
395	659	
395	660	
396	661	
397	662	
395	663	
396	664	
396	665	
395	666	
395	667	
394	668	
395	669	
395	670	
395	671	
395	672	
396	673	
397	673	
395	674	
396	675	
395	676	
395	677	
396	678	
396	679	
395	680	
396	680	
396	681	
396	682	
396	683	
396	684	
395	685	
395	686	
396	687	
396	688	
396	689	
395	690	
395	691	
393	692	
393	693	
393	694	
393	695	
393	696	
394	697	
395	698	
395	699	
395	700	
395	701	
395	702	
393	703	
393	704	
393	705	
393	706	
394	707	
394	708	
394	709	
393	710	
394	710	
393	711	
393	712	
393	713	
393	714	
394	715	
393	716	
393	717	
393	718	
393	719	
393	720	
393	721	
393	722	
394	722	
394	723	
394	724	
394	725	
393	726	
393	727	
393	728	
393	729	
393	730	
393	731	
393	732	
393	733	
393	734	
394	735	
394	736	
393	737	
393	738	
393	739	
393	740	
393	741	
393	742	
393	743	
393	744	
393	745	
393	746	
394	747	
394	748	
393	749	
393	750	
393	751	
393	752	
392	753	
392	754	
391	755	
394	756	
395	757	
394	758	
394	759	
393	760	
394	761	
394	762	
391	763	
391	764	
391	765	
392	766	
392	767	
392	768	
391	769	
391	770	
391	771	
391	772	
391	773	
391	774	
391	775	
391	776	
390	777	
390	778	
390	779	
391	780	
391	781	
391	782	
391	783	
392	784	
392	785	
393	786	
389	787	
389	788	
389	789	
389	790	
391	791	
391	792	
391	793	
389	794	
389	795	
389	796	
388	797	
388	798	
389	799	
389	800	
390	801	
390	802	
387	803	
387	804	
387	805	
387	806	
387	807	
385	808	
387	809	
387	810	
385	811	
385	812	
385	813	
385	814	
383	815	
383	816	
383	817	
383	818	
385	819	
381	820	
381	821	
382	821	
381	822	
382	822	
381	823	
381	824	
382	825	
382	826	
381	827	
381	828	
381	829	
381	830	
382	831	
381	832	
382	832	
381	833	
382	834	
383	835	
383	836	
381	837	
381	838	
381	839	
381	840	
381	841	
381	842	
381	843	
382	844	
383	845	
383	846	
383	847	
383	848	
383	849	
383	850	
383	851	
383	852	
380	853	
380	854	
379	855	
380	856	
381	857	
381	858	
380	859	
379	860	
379	861	
383	862	
382	863	
382	864	
380	865	
380	866	
381	867	
381	868	
383	869	
379	870	
379	871	
379	872	
383	873	
383	874	
379	875	
379	876	
379	877	
379	878	
379	879	
379	880	
383	881	
383	882	
379	883	
379	884	
379	885	
383	886	
383	887	
383	888	
379	889	
379	890	
379	891	
379	892	
378	893	
378	894	
378	895	
378	896	
378	897	
379	898	
381	899	
381	900	
377	901	
377	902	
377	903	
377	904	
377	905	
381	906	
381	907	
381	908	
377	909	
377	910	
383	987	
385	1000	
385	1001	
399	1091	
399	1092	
399	1093	
