378	286	
378	287	
378	288	
379	289	
380	290	
379	291	
379	292	
378	293	
378	294	
378	295	
380	296	
380	297	
380	298	
378	299	
378	300	
378	301	
378	302	
378	303	
378	304	
378	305	
378	306	
378	307	
378	308	
378	309	
378	310	
379	311	
379	312	
378	313	
378	314	
378	315	
378	316	
378	317	
378	318	
378	319	
378	320	
378	321	
378	322	
378	323	
378	324	
378	325	
378	326	
378	327	
378	328	
378	329	
378	330	
378	331	
378	332	
378	333	
378	334	
378	335	
378	336	
378	337	
378	338	
381	339	
379	340	
379	341	
379	342	
379	343	
379	344	
380	345	
379	346	
379	347	
378	348	
378	349	
379	350	
379	351	
379	352	
379	353	
379	354	
379	355	
379	356	
380	357	
380	358	
379	359	
379	360	
380	361	
381	362	
381	363	
387	403	
388	404	
389	405	
389	406	
389	409	
387	412	
387	413	
387	414	
387	415	
389	417	
388	418	
389	421	
389	422	
387	423	
387	424	
387	425	
385	426	
385	427	
385	428	
385	429	
385	430	
387	431	
387	432	
387	433	
386	434	
386	435	
386	436	
386	437	
386	438	
386	439	
386	440	
387	441	
387	442	
388	443	
389	444	
386	445	
386	446	
387	447	
387	448	
387	449	
387	450	
388	451	
388	452	
387	453	
387	454	
388	455	
388	456	
388	457	
388	458	
388	459	
388	460	
388	461	
388	462	
389	463	
388	464	
388	465	
387	466	
388	467	
388	468	
388	469	
388	470	
387	471	
387	472	
388	473	
388	474	
388	475	
387	476	
387	477	
387	478	
388	479	
388	480	
388	481	
387	482	
388	482	
387	483	
388	483	
388	484	
388	485	
387	486	
387	487	
387	488	
387	489	
387	490	
388	491	
387	492	
387	493	
387	494	
387	495	
389	496	
387	497	
387	498	
387	499	
387	500	
389	501	
389	502	
387	503	
387	504	
387	505	
389	506	
389	507	
386	508	
386	509	
386	510	
386	511	
386	512	
386	513	
386	514	
386	515	
385	516	
385	517	
386	518	
387	519	
387	520	
386	521	
387	522	
387	523	
387	524	
387	525	
387	526	
388	527	
388	528	
388	529	
389	530	
388	531	
388	532	
388	533	
387	534	
387	535	
391	536	
391	537	
391	538	
388	539	
388	540	
389	541	
389	542	
391	543	
389	544	
392	544	
391	545	
391	546	
391	547	
391	548	
390	549	
390	550	
390	551	
393	552	
393	553	
391	554	
391	555	
391	556	
391	557	
393	558	
397	560	
395	562	
397	573	
397	574	
397	575	
397	577	
397	578	
398	579	
399	581	
395	582	
399	583	
397	584	
398	584	
397	585	
397	586	
397	587	
397	588	
399	589	
399	590	
397	591	
397	592	
397	593	
397	594	
397	595	
397	596	
397	597	
397	598	
398	598	
398	599	
398	600	
398	601	
397	602	
397	603	
397	604	
397	605	
397	606	
397	607	
398	608	
398	609	
398	610	
398	611	
401	612	
401	613	
401	614	
401	615	
401	616	
401	617	
400	618	
399	619	
400	620	
400	621	
399	622	
399	623	
400	624	
398	625	
399	626	
400	627	
402	627	
402	628	
401	629	
400	630	
400	631	
400	632	
400	633	
400	634	
400	635	
400	636	
399	637	
399	638	
399	639	
399	640	
399	641	
399	642	
402	643	
399	644	
402	645	
399	646	
400	646	
399	647	
399	648	
399	649	
399	650	
403	651	
402	652	
401	653	
402	653	
401	654	
401	655	
401	656	
405	657	
404	658	
404	659	
403	660	
402	661	
403	661	
403	662	
404	663	
402	664	
402	665	
405	666	
405	667	
403	668	
403	669	
403	670	
404	671	
405	672	
404	673	
403	674	
404	674	
405	675	
403	676	
404	676	
405	677	
402	678	
404	679	
404	680	
401	681	
401	682	
404	683	
403	684	
403	685	
401	686	
401	687	
401	688	
401	689	
401	690	
401	691	
401	692	
402	692	
401	693	
401	694	
401	695	
399	696	
400	697	
400	698	
400	699	
402	699	
402	700	
401	701	
400	702	
401	703	
400	704	
399	705	
399	706	
401	707	
400	708	
399	709	
399	710	
399	711	
399	712	
400	713	
400	714	
400	715	
400	716	
400	717	
400	718	
399	719	
399	720	
399	721	
399	722	
399	723	
399	724	
399	725	
400	725	
399	726	
399	727	
399	728	
399	729	
399	730	
399	731	
402	731	
402	732	
400	733	
401	733	
399	734	
399	735	
399	736	
399	737	
399	738	
399	739	
399	740	
399	741	
399	742	
401	743	
401	744	
399	745	
399	746	
400	747	
400	748	
403	748	
399	749	
399	750	
399	751	
400	752	
401	752	
399	753	
400	753	
400	754	
400	755	
400	756	
402	756	
402	757	
402	758	
401	759	
401	760	
401	761	
401	762	
401	763	
401	764	
402	764	
399	765	
399	766	
399	767	
400	768	
400	769	
399	770	
399	771	
398	772	
401	773	
401	774	
397	775	
397	776	
398	777	
398	778	
398	779	
399	780	
399	781	
398	782	
397	783	
397	784	
399	785	
400	786	
397	787	
397	788	
399	789	
398	790	
397	791	
396	792	
398	793	
399	794	
395	795	
395	796	
395	797	
395	798	
395	799	
397	800	
397	801	
397	802	
397	803	
393	804	
393	805	
393	806	
395	807	
394	808	
395	809	
395	810	
391	811	
391	812	
391	813	
395	814	
393	815	
391	816	
390	817	
389	818	
389	819	
389	820	
389	821	
389	822	
389	823	
389	824	
389	825	
389	826	
390	827	
391	828	
389	829	
389	830	
389	831	
389	832	
389	833	
389	834	
390	835	
390	836	
389	837	
389	838	
390	839	
391	840	
390	841	
389	842	
389	843	
391	844	
389	845	
389	846	
390	847	
390	848	
389	849	
388	850	
387	851	
387	852	
387	853	
391	854	
389	855	
389	856	
387	857	
387	858	
391	858	
389	859	
389	860	
389	861	
390	862	
389	863	
389	864	
389	865	
387	866	
389	866	
391	867	
391	868	
391	869	
389	870	
389	871	
389	872	
391	873	
390	874	
389	875	
389	876	
389	877	
388	878	
387	879	
387	880	
387	881	
387	882	
387	883	
387	884	
387	885	
387	886	
387	887	
387	888	
390	889	
390	890	
390	891	
390	892	
390	893	
388	894	
387	895	
387	896	
389	897	
390	898	
391	899	
387	900	
387	901	
387	902	
387	903	
389	904	
389	905	
388	906	
388	907	
387	908	
387	909	
387	910	
387	911	
387	973	
407	1086	
407	1087	
411	1087	
407	1090	
407	1091	
407	1092	
407	1093	
407	1094	
407	1095	
