309	65	
381	286	
380	287	
380	288	
380	289	
380	290	
380	291	
380	292	
380	293	
380	294	
381	294	
381	295	
381	296	
380	297	
381	298	
381	299	
381	300	
381	301	
381	302	
380	303	
380	304	
380	305	
380	306	
380	307	
381	308	
380	309	
380	310	
380	311	
380	312	
380	313	
380	314	
379	315	
380	316	
380	317	
380	318	
380	319	
380	320	
380	321	
380	322	
380	323	
380	324	
380	325	
380	326	
380	327	
380	328	
379	329	
379	330	
379	331	
379	332	
380	333	
380	334	
380	335	
380	336	
379	337	
379	338	
380	339	
380	340	
380	341	
380	342	
380	343	
380	344	
381	345	
381	346	
381	347	
382	348	
382	349	
381	350	
380	351	
380	352	
379	353	
381	356	
381	357	
381	358	
381	359	
381	360	
381	361	
382	362	
383	363	
383	364	
382	372	
382	373	
382	374	
382	375	
382	376	
385	387	
383	389	
389	417	
389	418	
387	419	
387	420	
387	421	
387	423	
389	424	
389	425	
389	426	
389	427	
389	428	
387	429	
387	430	
389	431	
389	432	
387	433	
389	433	
387	434	
388	435	
388	436	
388	437	
388	438	
388	439	
388	440	
388	441	
388	442	
388	443	
390	444	
391	445	
391	446	
391	447	
390	448	
389	449	
389	450	
389	451	
390	452	
390	453	
390	454	
390	455	
390	456	
390	457	
390	458	
390	459	
390	460	
389	461	
389	462	
389	463	
390	464	
390	465	
390	466	
389	467	
389	468	
390	468	
390	469	
391	469	
390	470	
389	471	
391	471	
389	472	
389	473	
388	474	
391	475	
389	476	
390	477	
390	478	
390	479	
390	480	
391	481	
389	482	
390	483	
389	484	
389	485	
389	486	
389	487	
390	488	
389	489	
389	490	
389	491	
389	492	
390	493	
388	494	
391	495	
391	496	
390	497	
390	498	
388	499	
388	500	
390	501	
390	502	
388	503	
388	504	
389	505	
388	506	
389	506	
388	507	
387	508	
388	509	
388	510	
388	511	
388	512	
388	513	
388	514	
388	515	
388	516	
387	517	
387	518	
387	519	
387	520	
387	521	
387	522	
389	523	
390	524	
391	524	
389	525	
389	526	
390	527	
390	528	
390	529	
390	530	
390	531	
390	532	
390	533	
390	534	
390	535	
390	536	
390	537	
389	538	
390	539	
391	540	
391	541	
391	542	
391	543	
391	544	
391	545	
391	546	
391	547	
391	548	
391	549	
391	550	
391	551	
391	552	
391	553	
391	554	
391	555	
395	556	
395	557	
393	558	
393	559	
393	560	
393	561	
395	562	
395	563	
395	564	
397	566	
396	567	
395	568	
395	569	
397	572	
397	573	
397	574	
397	575	
397	576	
397	577	
397	578	
397	579	
397	580	
397	581	
399	582	
401	583	
397	584	
397	585	
398	586	
398	587	
399	588	
398	589	
399	589	
400	590	
399	591	
399	592	
398	593	
398	594	
401	595	
401	596	
400	597	
399	598	
400	599	
399	600	
400	601	
400	602	
400	603	
400	604	
399	605	
400	605	
401	605	
401	606	
401	607	
402	608	
399	609	
400	610	
400	611	
400	612	
400	613	
402	614	
401	615	
401	616	
401	617	
401	618	
401	619	
401	620	
403	621	
402	622	
402	623	
402	624	
403	624	
401	625	
401	626	
401	627	
401	628	
401	629	
401	630	
401	631	
402	632	
402	633	
403	633	
403	634	
403	635	
402	636	
403	637	
403	638	
403	639	
403	640	
402	641	
403	641	
402	642	
402	643	
402	644	
402	645	
402	646	
402	647	
401	648	
401	649	
402	649	
405	650	
401	651	
401	652	
402	653	
401	654	
405	654	
401	655	
405	656	
403	657	
403	658	
403	659	
403	660	
404	661	
404	662	
405	663	
405	664	
405	665	
403	666	
405	667	
405	668	
405	669	
405	670	
405	671	
406	672	
406	673	
406	674	
403	675	
406	675	
404	676	
403	677	
403	678	
403	679	
404	680	
403	681	
403	682	
404	683	
403	684	
403	685	
403	686	
404	687	
403	688	
404	689	
404	690	
406	691	
406	692	
407	692	
401	693	
406	694	
405	695	
403	696	
401	697	
401	698	
401	699	
401	700	
401	701	
401	702	
401	703	
401	704	
401	705	
401	706	
402	707	
401	708	
401	709	
401	710	
401	711	
401	712	
401	713	
401	714	
402	714	
401	715	
401	716	
402	717	
401	718	
402	719	
402	720	
402	721	
401	722	
401	723	
402	724	
402	725	
402	726	
401	727	
401	728	
401	729	
401	730	
401	731	
401	732	
401	733	
401	734	
401	735	
401	736	
401	737	
401	738	
401	739	
401	740	
402	741	
402	742	
401	743	
401	744	
401	745	
401	746	
402	746	
401	747	
401	748	
401	749	
401	750	
401	751	
401	752	
401	753	
401	754	
401	755	
401	756	
401	757	
401	758	
403	759	
403	760	
403	761	
403	762	
403	763	
403	764	
403	765	
401	766	
401	767	
402	768	
401	769	
402	770	
400	771	
399	772	
399	773	
402	774	
400	775	
402	775	
400	776	
399	777	
399	778	
400	779	
400	780	
400	781	
401	782	
402	782	
400	783	
401	783	
400	784	
399	785	
398	786	
397	787	
400	788	
401	789	
401	790	
397	791	
397	792	
397	793	
397	794	
397	795	
396	796	
397	797	
397	798	
396	799	
395	800	
395	801	
399	802	
399	803	
399	804	
395	805	
395	806	
397	807	
397	808	
393	809	
393	810	
393	811	
393	812	
392	813	
392	814	
393	815	
395	816	
391	817	
391	818	
391	819	
391	820	
391	821	
391	822	
391	823	
391	824	
391	825	
391	826	
391	827	
392	828	
392	829	
392	830	
392	831	
391	832	
391	833	
391	834	
391	835	
392	835	
392	836	
391	837	
391	838	
391	839	
391	840	
391	841	
391	842	
391	843	
393	844	
393	845	
393	846	
393	847	
389	848	
389	849	
389	850	
389	851	
389	852	
389	853	
389	854	
389	855	
389	856	
391	857	
391	858	
391	859	
389	860	
390	860	
389	861	
389	862	
390	863	
391	864	
390	865	
390	866	
392	867	
391	868	
393	869	
393	870	
393	871	
389	872	
393	873	
393	874	
393	875	
393	876	
392	877	
391	878	
391	879	
390	880	
390	881	
389	882	
389	883	
389	884	
393	885	
393	886	
389	887	
389	888	
393	889	
393	890	
389	891	
389	892	
389	893	
389	894	
389	895	
389	896	
389	897	
389	898	
389	899	
389	900	
389	901	
389	902	
389	903	
389	904	
389	905	
391	906	
391	907	
391	908	
387	909	
387	910	
387	973	
387	974	
409	1068	
407	1069	
407	1070	
413	1087	
