381	286	
381	287	
382	288	
382	289	
381	290	
381	291	
381	292	
381	293	
381	294	
382	295	
382	296	
382	297	
382	298	
381	299	
381	300	
381	301	
381	302	
381	303	
381	304	
381	305	
381	306	
381	307	
380	308	
380	309	
381	310	
381	311	
380	312	
380	313	
380	314	
380	315	
382	316	
382	317	
381	318	
381	319	
382	320	
382	321	
381	322	
381	323	
381	324	
382	324	
381	325	
381	326	
381	327	
381	328	
381	329	
381	330	
381	331	
382	332	
381	333	
381	334	
381	335	
381	336	
381	337	
381	338	
381	339	
381	340	
381	341	
381	342	
381	343	
381	344	
382	345	
381	346	
381	347	
381	348	
381	349	
381	350	
381	351	
382	351	
381	352	
381	353	
381	354	
381	355	
382	356	
384	357	
384	358	
384	359	
384	360	
384	361	
383	362	
383	363	
383	371	
383	372	
383	373	
383	374	
385	375	
383	376	
383	377	
383	387	
383	388	
383	389	
383	390	
389	418	
389	419	
389	420	
389	421	
389	422	
391	423	
387	424	
388	425	
389	426	
389	427	
389	428	
389	429	
389	430	
389	431	
388	432	
390	433	
390	434	
390	435	
390	436	
390	437	
390	438	
390	439	
390	440	
390	441	
389	442	
390	443	
390	444	
390	445	
391	446	
391	447	
391	448	
390	449	
389	450	
389	451	
390	452	
390	453	
390	454	
390	455	
390	456	
390	457	
390	458	
390	459	
391	460	
391	461	
391	462	
390	463	
390	464	
391	465	
391	466	
391	467	
390	468	
390	469	
390	470	
390	471	
390	472	
390	473	
390	474	
391	475	
390	476	
391	476	
391	477	
392	478	
391	479	
390	480	
390	481	
390	482	
390	483	
390	484	
390	485	
389	486	
389	487	
389	488	
390	489	
390	490	
390	491	
390	492	
390	493	
389	494	
389	495	
389	496	
391	497	
391	498	
389	499	
389	500	
389	501	
391	502	
389	503	
389	504	
389	505	
389	506	
389	507	
389	508	
390	509	
390	510	
391	510	
390	511	
389	512	
389	513	
388	514	
389	515	
388	516	
389	516	
389	517	
389	518	
389	519	
389	520	
389	521	
389	522	
389	523	
389	524	
389	525	
389	526	
391	527	
392	528	
393	529	
393	530	
393	531	
390	532	
390	533	
391	534	
391	535	
391	536	
392	537	
392	538	
392	539	
392	540	
391	541	
391	542	
391	543	
391	544	
392	544	
391	545	
395	546	
392	547	
393	548	
392	549	
392	550	
393	551	
393	552	
393	553	
393	554	
396	555	
396	556	
395	557	
396	557	
393	558	
394	559	
395	560	
395	561	
395	562	
395	563	
396	563	
395	564	
395	565	
395	566	
395	567	
397	568	
399	569	
399	570	
397	571	
397	572	
397	573	
397	574	
397	575	
397	576	
398	577	
398	578	
398	579	
399	579	
400	580	
400	581	
400	582	
400	583	
399	584	
400	585	
400	586	
400	587	
400	588	
399	589	
399	590	
398	591	
398	592	
402	593	
402	594	
400	595	
400	596	
400	597	
400	598	
399	599	
400	600	
399	601	
400	602	
400	603	
399	604	
400	605	
400	606	
400	607	
400	608	
401	609	
401	610	
402	610	
402	611	
402	612	
401	613	
401	614	
401	615	
401	616	
402	617	
403	618	
402	619	
403	620	
401	621	
402	621	
401	622	
401	623	
401	624	
402	625	
403	626	
403	627	
401	628	
402	629	
401	630	
401	631	
404	632	
404	633	
404	634	
405	635	
403	636	
402	637	
401	638	
402	638	
403	639	
405	640	
403	641	
403	642	
403	643	
403	644	
403	645	
403	646	
403	647	
404	648	
404	649	
403	650	
402	651	
404	651	
403	652	
404	653	
403	654	
403	655	
407	656	
406	657	
406	658	
405	659	
405	660	
406	661	
405	662	
406	663	
405	664	
405	665	
405	666	
406	667	
405	668	
405	669	
404	670	
407	670	
407	671	
405	672	
408	673	
405	674	
406	675	
406	676	
407	677	
406	678	
405	679	
406	680	
405	681	
405	682	
404	683	
403	684	
403	685	
403	686	
403	687	
403	688	
407	689	
403	690	
403	691	
403	692	
403	693	
405	694	
405	695	
405	696	
405	697	
403	698	
405	698	
404	699	
403	700	
403	701	
403	702	
403	703	
403	704	
403	705	
403	706	
402	707	
401	708	
402	709	
404	710	
403	711	
404	712	
404	713	
405	714	
403	715	
403	716	
402	717	
405	718	
405	719	
403	720	
403	721	
403	722	
403	723	
403	724	
402	725	
403	725	
402	726	
405	727	
405	728	
402	729	
402	730	
403	731	
403	732	
403	733	
405	733	
401	734	
403	734	
403	735	
403	736	
403	737	
403	738	
403	739	
405	739	
402	740	
402	741	
401	742	
402	742	
401	743	
401	744	
401	745	
402	746	
401	747	
403	748	
403	749	
404	750	
404	751	
404	752	
404	753	
401	754	
405	755	
403	756	
402	757	
402	758	
401	759	
401	760	
401	761	
401	762	
401	763	
401	764	
401	765	
401	766	
401	767	
401	768	
401	769	
401	770	
401	771	
401	772	
401	773	
403	774	
401	775	
401	776	
401	777	
401	778	
401	779	
400	780	
400	781	
400	782	
400	783	
400	784	
401	785	
401	786	
399	787	
399	788	
400	789	
399	790	
399	791	
399	792	
399	793	
400	794	
399	795	
398	796	
397	797	
397	798	
397	799	
397	800	
397	801	
397	802	
399	803	
399	804	
399	805	
399	806	
399	807	
397	808	
397	809	
397	810	
393	811	
393	812	
393	813	
393	814	
393	815	
393	816	
393	817	
394	818	
395	819	
391	820	
395	821	
395	822	
395	823	
391	824	
394	825	
394	826	
394	827	
394	828	
395	829	
395	830	
395	831	
394	832	
391	833	
391	834	
395	835	
395	836	
394	837	
394	838	
395	839	
391	840	
391	841	
391	842	
391	843	
391	844	
391	845	
391	846	
391	847	
394	848	
394	849	
393	850	
394	851	
394	852	
391	853	
391	854	
394	855	
395	856	
391	857	
391	858	
391	859	
390	860	
393	861	
393	862	
391	863	
391	864	
391	865	
391	866	
391	867	
391	868	
390	869	
393	870	
395	871	
391	872	
391	873	
391	874	
391	875	
391	876	
391	877	
391	878	
391	879	
391	880	
392	881	
392	882	
391	883	
391	884	
391	885	
391	886	
391	887	
391	888	
391	889	
393	890	
393	891	
390	892	
389	893	
390	894	
392	895	
392	896	
389	897	
389	898	
391	899	
391	900	
391	901	
390	902	
389	903	
389	904	
389	905	
389	906	
389	907	
393	908	
391	909	
391	910	
389	911	
399	1007	
401	1009	
399	1017	
399	1018	
401	1019	
399	1021	
411	1084	
413	1086	
413	1087	
