197	493	
197	494	
197	495	
195	496	
197	497	
198	498	
197	499	
197	500	
195	501	
197	502	
198	502	
199	503	
199	504	
199	505	
199	506	
199	507	
199	508	
199	509	
199	510	
200	511	
200	512	
199	513	
198	514	
198	515	
200	515	
200	516	
200	517	
200	518	
200	519	
200	520	
200	521	
200	522	
200	523	
199	524	
199	525	
199	526	
199	527	
202	528	
203	528	
199	529	
203	530	
203	531	
202	532	
202	533	
201	534	
199	535	
200	536	
202	537	
202	538	
203	538	
203	539	
199	540	
201	541	
205	542	
205	543	
205	544	
204	545	
205	546	
205	547	
205	548	
204	549	
206	550	
204	551	
204	552	
204	553	
205	554	
205	555	
205	556	
205	557	
205	558	
205	559	
203	560	
203	561	
203	562	
204	563	
206	563	
206	564	
204	565	
205	566	
204	567	
201	568	
203	569	
203	570	
203	571	
201	572	
201	573	
201	574	
201	575	
199	577	
199	578	
201	581	
203	582	
203	583	
203	584	
202	585	
203	586	
202	587	
202	588	
201	589	
203	590	
202	591	
202	592	
203	592	
202	593	
203	594	
204	595	
203	596	
202	597	
203	597	
202	598	
202	599	
202	600	
202	601	
205	602	
205	603	
204	604	
204	605	
205	606	
197	607	
199	608	
207	609	
205	610	
209	611	
209	612	
209	613	
207	614	
209	615	
209	616	
208	617	
207	618	
207	619	
207	620	
207	621	
205	622	
205	623	
209	624	
205	625	
205	626	
205	627	
205	628	
205	629	
203	630	
206	631	
207	631	
206	632	
206	633	
206	634	
206	635	
206	636	
207	637	
206	638	
205	639	
203	640	
203	641	
203	642	
204	643	
204	644	
204	645	
204	646	
204	647	
206	648	
204	649	
204	650	
204	651	
206	651	
206	652	
205	653	
205	654	
205	655	
205	656	
205	657	
202	658	
202	659	
201	660	
201	661	
202	661	
201	662	
201	663	
201	664	
201	665	
201	666	
203	667	
203	668	
200	669	
200	670	
200	671	
202	671	
201	672	
201	673	
201	674	
200	675	
200	676	
200	677	
201	678	
201	679	
201	680	
201	681	
201	682	
200	683	
199	684	
200	684	
200	685	
200	686	
200	687	
199	688	
200	689	
200	690	
199	691	
199	692	
198	693	
198	694	
199	695	
195	696	
195	697	
195	698	
195	699	
197	700	
197	701	
