389	288	
389	289	
389	290	
389	291	
388	292	
388	293	
391	294	
388	295	
388	296	
388	297	
388	298	
388	299	
388	300	
389	301	
389	302	
390	302	
389	303	
389	304	
388	305	
388	306	
388	307	
389	308	
389	309	
389	310	
388	311	
388	312	
388	313	
388	314	
388	315	
388	316	
387	317	
388	317	
387	318	
387	319	
387	320	
388	321	
388	322	
388	323	
388	324	
388	325	
388	326	
388	327	
388	328	
388	329	
388	330	
387	331	
387	332	
388	333	
388	334	
388	335	
388	336	
387	337	
388	338	
388	339	
388	340	
387	341	
387	342	
387	343	
388	343	
389	344	
389	345	
389	346	
389	347	
389	348	
389	349	
388	350	
388	351	
388	352	
388	353	
388	354	
389	355	
389	356	
389	357	
388	358	
388	359	
389	360	
389	361	
389	362	
389	363	
389	364	
390	365	
389	366	
389	367	
389	368	
390	388	
390	389	
390	390	
390	391	
390	392	
390	393	
390	394	
391	395	
391	396	
391	397	
391	398	
393	399	
391	400	
390	401	
391	402	
392	403	
391	404	
391	405	
391	406	
391	407	
391	408	
391	409	
391	410	
391	411	
391	412	
392	413	
391	414	
391	415	
392	416	
392	417	
392	418	
393	419	
395	419	
393	420	
393	421	
393	422	
393	423	
395	424	
395	425	
395	426	
395	427	
395	428	
395	429	
397	430	
397	431	
397	432	
397	433	
397	434	
397	435	
399	436	
399	437	
399	438	
397	439	
397	440	
397	441	
397	442	
397	443	
397	444	
397	445	
398	446	
399	446	
398	447	
398	448	
398	449	
398	450	
398	451	
398	452	
398	453	
399	454	
397	455	
399	455	
398	456	
398	457	
398	458	
400	459	
399	460	
398	461	
397	462	
397	463	
398	464	
398	465	
398	466	
397	467	
397	468	
398	468	
398	469	
398	470	
397	471	
398	472	
398	473	
398	474	
397	475	
397	476	
397	477	
397	478	
397	479	
397	480	
398	481	
397	482	
398	482	
397	483	
397	484	
397	485	
397	486	
398	487	
397	488	
397	489	
396	490	
397	490	
396	491	
396	492	
396	493	
396	494	
396	495	
396	496	
396	497	
396	498	
396	499	
396	500	
396	501	
395	502	
395	503	
395	504	
395	505	
396	505	
397	506	
397	507	
395	508	
395	509	
395	510	
395	511	
395	512	
396	512	
396	513	
396	514	
396	515	
396	516	
395	517	
395	518	
395	519	
395	520	
395	521	
396	521	
396	522	
395	523	
397	524	
397	525	
397	526	
397	527	
398	528	
399	529	
401	530	
400	531	
399	532	
399	533	
399	534	
400	535	
399	536	
399	537	
399	538	
399	539	
399	540	
398	541	
400	542	
400	543	
399	544	
399	545	
399	546	
399	547	
399	548	
400	549	
400	550	
399	551	
400	552	
400	553	
403	554	
403	555	
401	556	
400	557	
400	558	
401	559	
401	560	
401	561	
403	562	
403	563	
401	564	
402	565	
404	566	
401	567	
401	568	
402	569	
401	570	
403	571	
403	572	
403	573	
403	574	
403	575	
403	576	
403	577	
404	578	
405	579	
405	580	
403	581	
403	582	
407	583	
406	584	
406	585	
406	586	
405	587	
407	588	
406	589	
406	590	
405	591	
406	591	
406	592	
406	593	
406	594	
405	595	
406	596	
407	597	
408	598	
406	599	
406	600	
407	601	
407	602	
407	603	
410	603	
410	604	
407	605	
407	606	
407	607	
408	607	
407	608	
408	609	
408	610	
409	611	
408	612	
408	613	
408	614	
408	615	
409	616	
409	617	
409	618	
409	619	
409	620	
410	621	
410	622	
410	623	
409	624	
410	625	
410	626	
410	627	
411	628	
411	629	
409	630	
410	631	
409	632	
410	633	
409	634	
409	635	
409	636	
410	637	
411	638	
410	639	
410	640	
410	641	
409	642	
410	643	
410	644	
410	645	
411	646	
411	647	
409	648	
411	649	
410	650	
409	651	
413	652	
410	653	
411	654	
412	655	
411	656	
411	657	
411	658	
411	659	
411	660	
411	661	
411	662	
411	663	
411	664	
412	665	
411	666	
412	667	
412	668	
413	669	
413	670	
413	671	
411	672	
412	673	
412	674	
412	675	
411	676	
411	677	
411	678	
412	679	
411	680	
411	681	
411	682	
412	683	
411	684	
411	685	
411	686	
411	687	
411	688	
412	689	
411	690	
411	691	
411	692	
411	693	
411	694	
412	695	
411	696	
412	697	
411	698	
411	699	
410	700	
409	701	
410	702	
409	703	
408	704	
411	705	
411	706	
411	707	
409	708	
409	709	
409	710	
409	711	
409	712	
410	713	
410	714	
410	715	
410	716	
409	717	
409	718	
409	719	
409	720	
410	720	
409	721	
410	722	
409	723	
409	724	
413	725	
413	726	
413	727	
410	728	
412	729	
412	730	
409	731	
409	732	
409	733	
409	734	
409	735	
411	736	
411	737	
411	738	
411	739	
411	740	
407	741	
407	742	
410	743	
412	744	
409	745	
412	745	
408	746	
408	747	
411	748	
411	749	
409	750	
409	751	
409	752	
409	753	
411	754	
411	755	
411	756	
410	757	
411	758	
411	759	
408	760	
408	761	
409	762	
408	763	
411	764	
407	765	
407	766	
407	767	
407	768	
411	769	
410	770	
409	771	
407	772	
407	773	
407	774	
407	775	
407	776	
407	777	
407	778	
407	779	
407	780	
407	781	
407	782	
408	783	
409	784	
409	785	
408	786	
405	787	
405	788	
405	789	
405	790	
405	791	
409	792	
409	793	
404	794	
403	795	
404	795	
403	796	
406	797	
407	798	
407	799	
403	800	
405	801	
405	802	
401	803	
401	804	
403	805	
403	806	
403	807	
401	808	
401	809	
400	810	
403	811	
403	812	
401	813	
401	814	
400	815	
400	816	
399	817	
399	818	
399	819	
399	820	
399	821	
399	822	
399	823	
400	824	
399	825	
400	826	
399	827	
399	828	
399	829	
399	830	
399	831	
399	832	
399	833	
399	834	
399	835	
399	836	
403	837	
403	838	
399	839	
400	839	
399	840	
399	841	
399	842	
399	843	
399	844	
399	845	
399	846	
399	847	
400	848	
401	849	
401	850	
399	851	
399	852	
399	853	
399	854	
399	855	
399	856	
399	857	
398	858	
397	859	
398	859	
398	860	
399	861	
399	862	
398	863	
398	864	
399	865	
398	866	
398	867	
399	867	
399	868	
402	869	
401	870	
402	870	
399	871	
401	871	
399	872	
399	873	
399	874	
400	875	
401	876	
401	877	
399	878	
398	879	
398	880	
399	881	
399	882	
401	883	
400	884	
399	885	
399	886	
398	887	
397	888	
397	889	
397	890	
397	891	
398	892	
401	893	
401	894	
397	895	
397	896	
399	897	
399	898	
397	899	
397	900	
401	901	
401	902	
398	903	
397	904	
397	905	
397	906	
397	907	
399	908	
399	909	
399	910	
399	993	
417	1114	
