389	288	
390	289	
391	290	
391	291	
391	292	
390	293	
389	294	
390	295	
391	296	
391	297	
391	298	
390	299	
390	300	
390	301	
390	302	
390	303	
390	304	
390	305	
391	306	
390	307	
390	308	
389	309	
389	310	
389	311	
389	312	
389	313	
390	314	
390	315	
389	316	
389	317	
389	318	
389	319	
389	320	
389	321	
389	322	
390	323	
391	324	
391	325	
391	326	
390	327	
390	328	
390	329	
390	330	
390	331	
390	332	
390	333	
389	334	
389	335	
389	336	
389	337	
389	338	
389	339	
389	340	
389	341	
389	342	
389	343	
390	344	
389	345	
389	346	
389	347	
389	348	
391	349	
391	350	
390	351	
391	351	
390	352	
390	353	
390	354	
389	355	
389	356	
391	359	
390	360	
390	361	
390	362	
390	363	
390	364	
390	365	
390	366	
390	367	
391	368	
391	369	
391	370	
391	386	
392	387	
393	388	
390	389	
393	390	
393	391	
391	392	
391	393	
391	394	
393	395	
392	396	
391	397	
391	398	
392	399	
392	400	
392	401	
392	402	
393	403	
393	404	
393	405	
393	406	
392	407	
392	408	
393	409	
393	410	
393	411	
393	412	
394	413	
395	414	
393	415	
393	416	
393	417	
393	418	
396	419	
395	420	
396	420	
395	421	
395	422	
399	423	
399	424	
397	425	
397	426	
397	427	
397	428	
399	429	
399	430	
398	431	
398	432	
399	433	
399	434	
399	435	
398	436	
398	437	
400	438	
401	439	
401	440	
401	441	
400	442	
400	443	
400	444	
399	445	
400	446	
400	447	
400	448	
399	449	
400	450	
400	451	
400	452	
400	453	
400	454	
400	455	
400	456	
400	457	
399	458	
399	459	
401	460	
401	461	
401	462	
400	463	
398	464	
398	465	
399	466	
399	467	
399	468	
398	469	
399	469	
399	470	
399	471	
399	472	
399	473	
399	474	
398	475	
399	475	
398	476	
398	477	
398	478	
398	479	
398	480	
398	481	
399	482	
398	483	
398	484	
398	485	
398	486	
398	487	
398	488	
398	489	
398	490	
398	491	
397	492	
398	492	
397	493	
397	494	
397	495	
396	496	
397	497	
398	498	
398	499	
397	500	
397	501	
397	502	
397	503	
397	504	
397	505	
397	506	
397	507	
397	508	
397	509	
395	510	
396	510	
396	511	
396	512	
397	513	
397	514	
397	515	
397	516	
397	517	
397	518	
397	519	
399	520	
397	521	
397	522	
398	523	
397	524	
399	525	
399	526	
399	527	
399	528	
399	529	
399	530	
399	531	
400	532	
401	533	
401	534	
401	535	
400	536	
401	537	
401	538	
401	539	
400	540	
400	541	
400	542	
400	543	
400	544	
401	545	
401	546	
401	547	
403	548	
403	549	
401	550	
401	551	
402	552	
402	553	
403	554	
403	555	
402	556	
402	557	
404	558	
403	559	
404	559	
404	560	
404	561	
404	562	
403	563	
403	564	
404	565	
403	566	
405	567	
404	568	
405	569	
404	570	
403	571	
403	572	
404	572	
406	573	
405	574	
405	575	
405	576	
405	577	
405	578	
405	579	
406	580	
407	581	
407	582	
408	583	
408	584	
407	585	
408	585	
407	586	
407	587	
409	588	
408	589	
408	590	
408	591	
409	591	
408	592	
408	593	
407	594	
407	595	
409	596	
407	597	
408	597	
408	598	
407	599	
411	599	
407	600	
407	601	
408	602	
411	603	
410	604	
410	605	
410	606	
410	607	
408	608	
409	609	
410	610	
412	611	
412	612	
409	613	
409	614	
410	614	
409	615	
409	616	
413	617	
413	618	
413	619	
413	620	
411	621	
410	622	
411	623	
411	624	
412	624	
411	625	
410	626	
410	627	
410	628	
411	629	
414	630	
410	631	
410	632	
410	633	
410	634	
410	635	
412	635	
412	636	
412	637	
412	638	
412	639	
412	640	
411	641	
412	642	
412	643	
413	644	
413	645	
413	646	
413	647	
411	648	
413	649	
411	650	
412	651	
413	651	
412	652	
412	653	
413	654	
413	655	
413	656	
413	657	
413	658	
413	659	
412	660	
413	661	
415	662	
413	663	
414	664	
415	665	
413	666	
414	666	
414	667	
414	668	
413	669	
414	670	
414	671	
415	672	
415	673	
413	674	
414	675	
413	676	
413	677	
413	678	
413	679	
413	680	
412	681	
413	681	
414	681	
414	682	
413	683	
414	684	
414	685	
414	686	
413	687	
412	688	
412	689	
411	690	
411	691	
412	692	
411	693	
413	694	
412	695	
414	696	
412	697	
414	698	
411	699	
414	699	
414	700	
411	701	
411	702	
411	703	
411	704	
411	705	
411	706	
411	707	
411	708	
411	709	
411	710	
411	711	
412	712	
412	713	
411	714	
411	715	
412	716	
412	717	
411	718	
411	719	
411	720	
411	721	
410	722	
411	723	
411	724	
411	725	
411	726	
411	727	
411	728	
409	729	
409	730	
412	731	
412	732	
409	733	
410	734	
410	735	
409	736	
409	737	
410	737	
410	738	
411	739	
411	740	
412	741	
409	742	
409	743	
409	744	
409	745	
410	746	
411	747	
411	748	
410	749	
413	749	
409	750	
409	751	
409	752	
409	753	
409	754	
413	755	
413	756	
409	757	
409	758	
409	759	
409	760	
409	761	
409	762	
409	763	
410	764	
410	765	
409	766	
409	767	
409	768	
409	769	
410	769	
411	770	
407	771	
408	772	
409	773	
409	774	
409	775	
409	776	
409	777	
409	778	
409	779	
408	780	
408	781	
409	782	
409	783	
409	784	
409	785	
409	786	
407	787	
407	788	
407	789	
407	790	
407	791	
408	792	
407	793	
407	794	
407	795	
405	796	
409	797	
409	798	
405	799	
405	800	
405	801	
405	802	
405	803	
405	804	
403	805	
407	805	
403	806	
405	807	
406	807	
405	808	
403	809	
401	810	
401	811	
401	812	
401	813	
401	814	
402	815	
401	816	
401	817	
401	818	
401	819	
401	820	
401	821	
401	822	
403	823	
403	824	
402	825	
401	826	
401	827	
401	828	
401	829	
401	830	
401	831	
401	832	
401	833	
401	834	
401	835	
401	836	
401	837	
405	838	
401	839	
401	840	
400	841	
400	842	
401	843	
401	844	
401	845	
403	846	
403	847	
403	848	
403	849	
401	850	
401	851	
401	852	
400	853	
399	854	
401	855	
401	856	
401	857	
401	858	
403	859	
402	860	
402	861	
401	862	
401	863	
401	864	
401	865	
401	866	
400	867	
400	868	
400	869	
401	870	
403	871	
403	872	
400	873	
399	874	
400	875	
400	876	
400	877	
403	878	
403	879	
403	880	
403	881	
403	882	
400	883	
400	884	
399	885	
399	886	
399	887	
399	888	
403	889	
403	890	
399	891	
399	892	
400	893	
400	894	
399	895	
399	896	
403	897	
402	898	
399	899	
399	900	
399	901	
400	902	
401	903	
400	904	
399	905	
399	906	
403	907	
402	908	
399	909	
399	910	
399	911	
399	912	
407	1017	
407	1018	
407	1019	
413	1027	
411	1029	
413	1051	
419	1079	
421	1082	
421	1083	
421	1084	
419	1091	
419	1092	
