323	59	
394	293	
393	294	
392	295	
392	296	
392	297	
393	298	
395	298	
395	299	
394	300	
394	301	
393	302	
393	303	
392	304	
393	305	
394	306	
393	307	
393	308	
393	309	
394	310	
393	311	
392	312	
392	313	
392	314	
392	315	
392	316	
392	317	
393	318	
393	319	
392	320	
392	321	
392	322	
392	323	
392	324	
392	325	
392	326	
392	327	
392	328	
392	329	
393	330	
393	331	
392	332	
392	333	
392	334	
392	335	
393	336	
392	337	
392	338	
392	339	
392	340	
392	341	
392	342	
392	343	
393	344	
392	345	
393	345	
392	346	
392	347	
392	348	
392	349	
392	350	
392	351	
392	352	
395	353	
392	354	
392	355	
393	363	
394	363	
395	364	
395	365	
393	366	
393	367	
394	368	
394	369	
394	370	
394	371	
393	372	
394	373	
394	374	
394	375	
394	376	
393	377	
393	378	
393	379	
393	380	
394	386	
394	387	
394	388	
393	389	
394	390	
394	391	
394	392	
394	393	
394	394	
395	395	
396	396	
396	397	
395	398	
395	399	
395	400	
396	401	
395	402	
396	403	
396	404	
395	405	
396	405	
396	406	
396	407	
395	408	
395	409	
395	410	
395	411	
395	412	
395	413	
395	414	
396	414	
399	415	
399	416	
397	417	
397	418	
401	419	
401	420	
400	421	
400	422	
400	423	
400	424	
399	425	
400	426	
401	427	
401	428	
402	429	
402	430	
401	431	
402	431	
402	432	
402	433	
403	434	
403	435	
403	436	
403	437	
402	438	
402	439	
402	440	
402	441	
402	442	
402	443	
403	443	
403	444	
402	445	
402	446	
402	447	
402	448	
405	449	
404	450	
403	451	
403	452	
402	453	
402	454	
402	455	
403	456	
402	457	
402	458	
402	459	
402	460	
402	461	
402	462	
402	463	
402	464	
402	465	
402	466	
402	467	
402	468	
402	469	
402	470	
402	471	
402	472	
402	473	
402	474	
402	475	
402	476	
401	477	
401	478	
402	479	
402	480	
402	481	
401	482	
401	483	
401	484	
402	485	
402	486	
401	487	
401	488	
402	488	
401	489	
401	490	
401	491	
400	492	
400	493	
400	494	
400	495	
400	496	
400	497	
399	498	
399	499	
400	500	
400	501	
400	502	
400	503	
400	504	
401	504	
400	505	
400	506	
399	507	
399	508	
399	509	
399	510	
400	510	
400	511	
399	512	
399	513	
400	514	
399	515	
399	516	
399	517	
399	518	
399	519	
399	520	
399	521	
400	522	
402	523	
403	524	
401	525	
401	526	
401	527	
402	528	
403	529	
403	530	
403	531	
403	532	
404	533	
404	534	
404	535	
403	536	
403	537	
404	538	
404	539	
404	540	
403	541	
403	542	
403	543	
403	544	
403	545	
404	546	
404	547	
407	548	
407	549	
406	550	
406	551	
405	552	
406	552	
405	553	
405	554	
405	555	
407	556	
408	557	
405	558	
405	559	
406	559	
405	560	
405	561	
406	562	
406	563	
408	564	
406	565	
406	566	
405	567	
406	568	
406	569	
406	570	
409	571	
407	572	
408	572	
409	572	
407	573	
407	574	
407	575	
407	576	
407	577	
408	578	
407	579	
407	580	
408	581	
409	582	
410	583	
410	584	
410	585	
410	586	
409	587	
409	588	
409	589	
409	590	
409	591	
409	592	
409	593	
412	594	
413	594	
413	595	
411	596	
411	597	
411	598	
411	599	
411	600	
411	601	
411	602	
412	602	
411	603	
411	604	
415	605	
415	606	
415	607	
417	608	
412	609	
413	610	
414	610	
413	611	
413	612	
414	612	
413	613	
414	614	
413	615	
413	616	
413	617	
414	618	
413	619	
413	620	
414	621	
414	622	
413	623	
414	623	
414	624	
414	625	
418	626	
415	627	
414	628	
414	629	
413	630	
414	630	
413	631	
413	632	
413	633	
413	634	
414	635	
416	636	
416	637	
414	638	
416	639	
413	640	
414	640	
413	641	
414	642	
413	643	
413	644	
414	645	
414	646	
413	647	
413	648	
414	649	
413	650	
413	651	
414	652	
415	653	
414	654	
414	655	
415	655	
415	656	
416	657	
416	658	
417	659	
417	660	
417	661	
416	662	
417	662	
416	663	
415	664	
415	665	
416	665	
415	666	
419	667	
419	668	
419	669	
415	670	
416	671	
416	672	
416	673	
416	674	
415	675	
415	676	
415	677	
415	678	
415	679	
415	680	
415	681	
415	682	
416	683	
416	684	
415	685	
416	685	
415	686	
415	687	
415	688	
415	689	
416	690	
416	691	
416	692	
415	693	
415	694	
416	695	
415	696	
415	697	
415	698	
415	699	
414	700	
413	701	
413	702	
414	703	
413	704	
414	704	
416	705	
416	706	
414	707	
413	708	
412	709	
413	710	
413	711	
414	712	
414	713	
414	714	
414	715	
413	716	
413	717	
413	718	
413	719	
414	719	
413	720	
413	721	
413	722	
413	723	
413	724	
413	725	
414	726	
413	727	
413	728	
413	729	
413	730	
413	731	
414	732	
413	733	
413	734	
413	735	
413	736	
412	737	
413	737	
413	738	
413	739	
413	740	
413	741	
413	742	
413	743	
413	744	
413	745	
413	746	
413	747	
413	748	
413	749	
413	750	
413	751	
413	752	
413	753	
413	754	
413	755	
413	756	
413	757	
413	758	
413	759	
413	760	
413	761	
413	762	
413	763	
414	764	
412	765	
411	766	
412	766	
411	767	
411	768	
412	768	
411	769	
411	770	
415	771	
415	772	
414	773	
411	774	
411	775	
411	776	
411	777	
411	778	
410	779	
413	780	
413	781	
411	782	
411	783	
411	784	
411	785	
412	786	
411	787	
409	788	
409	789	
409	790	
409	791	
409	792	
409	793	
409	794	
409	795	
407	796	
413	797	
413	798	
409	799	
410	800	
407	801	
407	802	
407	803	
407	804	
411	804	
405	805	
405	806	
407	807	
407	808	
407	809	
407	810	
405	811	
404	812	
404	813	
407	814	
407	815	
407	816	
407	817	
403	818	
404	819	
405	820	
405	821	
407	822	
407	823	
407	824	
403	825	
404	826	
404	827	
404	828	
407	829	
405	830	
405	831	
405	832	
405	833	
407	834	
405	835	
405	836	
405	837	
405	838	
404	839	
403	840	
403	841	
404	842	
405	843	
407	844	
407	845	
407	846	
407	847	
407	848	
407	849	
407	850	
403	851	
403	852	
405	853	
406	854	
403	855	
403	856	
403	857	
403	858	
403	859	
403	860	
403	861	
403	862	
403	863	
405	864	
405	865	
405	866	
404	867	
403	868	
403	869	
403	870	
403	871	
407	872	
407	873	
403	874	
403	875	
403	876	
403	877	
403	878	
403	879	
404	880	
403	881	
403	882	
403	883	
403	884	
403	885	
403	886	
403	887	
403	888	
403	889	
403	890	
403	891	
403	892	
403	893	
403	894	
407	895	
403	896	
403	897	
403	898	
403	899	
403	900	
403	901	
405	902	
405	903	
405	904	
405	905	
401	906	
405	906	
405	907	
403	908	
405	908	
401	909	
401	910	
401	911	
