406	300	
406	301	
406	302	
407	303	
408	304	
408	305	
408	306	
407	307	
407	308	
407	309	
408	310	
408	311	
409	312	
409	313	
408	314	
408	315	
408	316	
408	317	
408	318	
408	319	
408	320	
408	321	
408	322	
408	323	
408	324	
407	325	
407	326	
408	327	
407	328	
408	328	
407	329	
406	330	
406	331	
407	332	
406	333	
406	334	
406	335	
407	336	
407	337	
407	338	
406	339	
406	340	
406	341	
406	342	
406	343	
406	344	
406	345	
406	346	
406	347	
406	348	
406	349	
406	350	
406	351	
405	352	
406	353	
406	354	
406	355	
406	356	
406	357	
406	358	
406	359	
406	360	
406	361	
406	362	
406	363	
407	364	
407	365	
407	366	
406	367	
406	368	
406	369	
406	370	
408	371	
406	372	
406	373	
406	374	
406	375	
407	376	
408	377	
407	378	
406	379	
407	380	
407	381	
407	382	
408	383	
409	384	
409	385	
407	386	
407	387	
407	388	
407	389	
407	390	
407	391	
407	392	
408	393	
408	394	
408	395	
407	396	
407	397	
407	398	
407	399	
408	400	
408	401	
407	402	
408	403	
407	404	
408	404	
408	405	
407	406	
407	407	
407	408	
413	409	
415	410	
415	411	
415	412	
416	413	
416	414	
415	415	
415	416	
416	417	
416	418	
417	419	
417	420	
417	421	
416	422	
419	423	
419	424	
417	425	
417	426	
419	427	
418	428	
417	429	
417	430	
418	431	
418	432	
418	433	
418	434	
418	435	
418	436	
418	437	
418	438	
418	439	
418	440	
417	441	
417	442	
418	443	
418	444	
418	445	
418	446	
418	447	
419	448	
419	449	
419	450	
419	451	
418	452	
418	453	
417	454	
417	455	
418	455	
418	456	
418	457	
418	458	
417	459	
417	460	
417	461	
418	462	
418	463	
418	464	
418	465	
418	466	
418	467	
417	468	
418	468	
417	469	
417	470	
417	471	
418	472	
418	473	
418	474	
417	475	
417	476	
418	477	
418	478	
418	479	
417	480	
417	481	
418	482	
418	483	
417	484	
418	485	
417	486	
417	487	
416	488	
418	489	
417	490	
416	491	
416	492	
416	493	
416	494	
415	495	
416	496	
417	496	
415	497	
414	498	
415	499	
415	500	
414	501	
415	501	
414	502	
416	503	
417	504	
414	505	
414	506	
414	507	
413	508	
414	508	
414	509	
414	510	
413	511	
413	512	
413	513	
413	514	
414	514	
414	515	
413	516	
413	517	
413	518	
415	519	
413	520	
413	521	
413	522	
417	523	
417	524	
417	525	
416	526	
416	527	
417	528	
417	529	
416	530	
417	530	
419	531	
416	532	
419	533	
419	534	
421	535	
421	536	
419	537	
419	538	
419	539	
420	540	
419	541	
420	541	
419	542	
419	543	
420	544	
419	545	
419	546	
419	547	
419	548	
419	549	
419	550	
421	551	
421	552	
421	553	
421	554	
419	555	
419	556	
419	557	
419	558	
420	559	
420	560	
420	561	
421	561	
420	562	
421	563	
421	564	
420	565	
420	566	
420	567	
422	568	
421	569	
422	569	
421	570	
422	571	
423	572	
421	573	
422	574	
422	575	
421	576	
421	577	
421	578	
421	579	
421	580	
424	581	
424	582	
425	582	
423	583	
423	584	
423	585	
426	586	
425	587	
423	588	
423	589	
423	590	
423	591	
424	592	
427	593	
427	594	
426	595	
425	596	
425	597	
425	598	
425	599	
425	600	
425	601	
425	602	
425	603	
425	604	
426	605	
426	606	
428	607	
429	608	
427	609	
427	610	
428	611	
427	612	
427	613	
427	614	
427	615	
427	616	
427	617	
427	618	
427	619	
427	620	
427	621	
428	622	
429	623	
428	624	
428	625	
428	626	
427	627	
427	628	
428	629	
428	630	
429	630	
428	631	
429	632	
429	633	
428	634	
429	635	
428	636	
429	637	
431	638	
431	639	
431	640	
431	641	
431	642	
431	643	
428	644	
430	645	
427	646	
429	647	
428	648	
428	649	
429	650	
427	651	
429	651	
429	652	
428	653	
427	654	
427	655	
427	656	
427	657	
428	658	
428	659	
428	660	
428	661	
427	662	
427	663	
427	664	
427	665	
428	666	
429	667	
429	668	
429	669	
429	670	
431	670	
432	671	
428	672	
429	673	
429	674	
429	675	
430	676	
429	677	
429	678	
429	679	
429	680	
429	681	
429	682	
431	683	
429	684	
429	685	
429	686	
429	687	
429	688	
429	689	
429	690	
429	691	
429	692	
429	693	
429	694	
429	695	
428	696	
429	697	
429	698	
431	699	
431	700	
430	701	
431	701	
427	702	
427	703	
427	704	
428	704	
429	705	
430	706	
429	707	
427	708	
427	709	
427	710	
431	711	
430	712	
429	713	
428	714	
428	715	
427	716	
428	717	
428	718	
427	719	
427	720	
427	721	
426	722	
426	723	
425	724	
425	725	
426	726	
426	727	
427	728	
428	729	
429	730	
428	731	
427	732	
426	733	
427	734	
427	735	
427	736	
427	737	
428	738	
425	739	
425	740	
425	741	
425	742	
426	743	
427	744	
427	745	
427	746	
427	747	
427	748	
427	749	
425	750	
428	751	
427	752	
425	753	
425	754	
425	755	
425	756	
425	757	
425	758	
425	759	
425	760	
425	761	
426	762	
426	763	
427	764	
427	765	
425	766	
425	767	
425	768	
425	769	
425	770	
426	770	
427	771	
427	772	
425	773	
425	774	
425	775	
427	776	
427	777	
423	778	
423	779	
423	780	
423	781	
423	782	
423	783	
423	784	
423	785	
423	786	
423	787	
423	788	
423	789	
423	790	
423	791	
423	792	
425	793	
425	794	
421	795	
421	796	
421	797	
421	798	
421	799	
421	800	
419	801	
419	802	
419	803	
419	804	
420	805	
419	806	
419	807	
419	808	
421	809	
421	810	
420	811	
419	812	
419	813	
420	813	
419	814	
420	814	
419	815	
419	816	
419	817	
419	818	
419	819	
419	820	
419	821	
419	822	
419	823	
419	824	
419	825	
419	826	
419	827	
419	828	
419	829	
419	830	
419	831	
419	832	
419	833	
419	834	
419	835	
419	836	
419	837	
419	838	
419	839	
423	840	
419	841	
419	842	
419	843	
419	844	
418	845	
423	846	
423	847	
421	848	
421	849	
421	850	
419	851	
419	852	
419	853	
419	854	
417	855	
417	856	
417	857	
419	858	
419	859	
419	860	
419	861	
419	862	
419	863	
420	864	
420	865	
420	866	
419	867	
417	868	
419	869	
419	870	
419	871	
419	872	
419	873	
419	874	
419	875	
419	876	
421	877	
421	878	
419	879	
419	880	
421	881	
421	882	
417	883	
417	884	
417	885	
417	886	
420	887	
418	888	
418	889	
418	890	
419	891	
417	892	
417	893	
417	894	
417	895	
417	896	
417	897	
417	898	
417	899	
417	900	
417	901	
417	902	
418	903	
417	904	
417	905	
417	906	
417	907	
417	908	
417	909	
419	910	
419	911	
419	912	
417	931	
419	932	
417	937	
419	938	
417	939	
417	940	
417	943	
431	1082	
431	1083	
433	1084	
433	1085	
