171	600	
171	601	
171	602	
177	610	
175	612	
177	615	
177	616	
177	617	
177	618	
177	619	
177	620	
177	621	
177	622	
177	623	
177	624	
175	625	
175	626	
175	627	
175	628	
177	630	
176	631	
176	632	
177	633	
177	634	
173	635	
173	636	
177	637	
176	638	
175	639	
176	640	
175	641	
173	642	
176	642	
176	643	
176	644	
175	645	
175	646	
175	647	
175	648	
175	649	
175	650	
173	651	
174	652	
175	652	
175	653	
175	654	
174	655	
172	656	
172	657	
172	658	
172	659	
171	660	
171	661	
171	662	
171	663	
173	664	
173	665	
175	666	
175	667	
171	668	
171	669	
171	670	
171	671	
171	672	
173	673	
173	674	
173	675	
171	676	
171	677	
171	678	
171	679	
171	680	
