197	488	
197	489	
197	490	
199	491	
199	492	
199	493	
201	494	
200	495	
199	496	
201	497	
201	498	
201	499	
202	500	
199	501	
199	502	
199	503	
199	504	
202	505	
203	505	
202	506	
202	507	
199	508	
200	509	
201	510	
201	511	
202	512	
202	513	
202	514	
202	515	
202	516	
202	517	
203	518	
203	519	
203	520	
203	521	
201	522	
205	523	
205	524	
205	525	
205	526	
205	527	
205	528	
205	529	
205	530	
204	531	
204	532	
205	533	
205	534	
205	535	
205	536	
206	537	
207	538	
207	539	
206	540	
205	541	
205	542	
205	543	
205	544	
205	545	
205	546	
209	547	
209	548	
209	549	
205	550	
209	551	
209	552	
209	553	
209	554	
209	555	
209	556	
207	557	
207	558	
209	559	
209	560	
208	561	
208	562	
208	563	
208	564	
209	564	
208	565	
209	566	
207	567	
208	568	
208	569	
206	570	
205	571	
203	572	
205	572	
203	573	
205	574	
203	575	
203	576	
207	576	
207	577	
205	578	
205	579	
205	580	
206	581	
207	582	
207	583	
207	584	
207	585	
206	586	
206	587	
206	588	
207	588	
206	589	
207	590	
206	591	
205	592	
205	593	
205	594	
206	595	
206	596	
205	597	
211	598	
211	599	
211	600	
211	601	
209	602	
209	603	
209	604	
210	605	
210	606	
210	607	
211	607	
209	608	
213	609	
209	610	
209	611	
209	612	
209	613	
213	614	
213	615	
213	616	
209	617	
209	618	
213	619	
213	620	
212	621	
212	622	
212	623	
213	623	
212	624	
213	625	
213	626	
212	627	
213	628	
213	629	
213	630	
211	631	
209	632	
212	633	
212	634	
209	635	
212	635	
211	636	
211	637	
210	638	
210	639	
210	640	
211	641	
208	642	
210	643	
210	644	
210	645	
205	646	
209	647	
210	647	
209	648	
209	649	
207	650	
208	650	
209	651	
209	652	
209	653	
209	654	
209	655	
209	656	
209	657	
209	658	
209	659	
209	660	
209	661	
205	662	
205	663	
206	664	
207	665	
206	666	
207	667	
203	668	
205	669	
205	670	
205	671	
206	672	
206	673	
206	674	
205	675	
205	676	
204	677	
205	678	
205	679	
204	680	
205	681	
202	682	
202	683	
203	684	
203	685	
203	686	
203	687	
202	688	
202	689	
202	690	
202	691	
201	692	
201	693	
202	694	
201	695	
201	696	
201	697	
201	698	
200	699	
199	700	
199	701	
201	702	
201	703	
199	704	
199	705	
199	706	
199	707	
119	767	
119	768	
117	769	
117	770	
119	783	
117	784	
211	1090	
