339	45	
408	303	
408	304	
408	305	
408	306	
408	307	
408	308	
408	309	
408	310	
409	311	
410	312	
410	313	
411	314	
411	315	
409	316	
409	317	
409	318	
409	319	
408	320	
408	321	
409	322	
409	323	
410	324	
410	325	
410	326	
408	327	
408	328	
408	329	
408	330	
408	331	
409	332	
409	333	
409	334	
409	335	
408	336	
408	337	
407	338	
407	339	
408	340	
408	341	
407	342	
407	343	
407	344	
407	345	
408	346	
408	347	
407	348	
407	349	
407	350	
407	351	
407	352	
408	353	
407	354	
407	355	
407	356	
407	357	
407	358	
407	359	
408	360	
407	361	
407	362	
407	363	
408	363	
408	364	
408	365	
409	366	
409	367	
407	368	
407	369	
408	370	
408	371	
409	371	
408	372	
407	373	
407	374	
408	375	
408	376	
408	377	
409	377	
408	378	
408	379	
408	380	
407	381	
407	382	
408	383	
408	384	
408	385	
408	386	
408	387	
408	388	
408	389	
408	390	
408	391	
408	392	
407	393	
409	394	
409	395	
408	396	
407	397	
408	398	
411	399	
411	400	
411	401	
409	402	
409	403	
409	404	
409	405	
409	406	
409	407	
409	408	
414	409	
414	410	
417	413	
418	413	
418	414	
418	415	
417	416	
417	417	
418	418	
418	419	
418	420	
417	421	
418	422	
421	423	
420	424	
419	425	
419	426	
419	427	
419	428	
419	429	
420	430	
421	430	
420	431	
420	432	
419	433	
419	434	
419	435	
419	436	
419	437	
419	438	
419	439	
420	439	
419	440	
419	441	
419	442	
419	443	
419	444	
419	445	
419	446	
419	447	
419	448	
419	449	
419	450	
420	451	
420	452	
420	453	
420	454	
420	455	
420	456	
419	457	
419	458	
418	459	
418	460	
418	461	
418	462	
418	463	
418	464	
420	465	
420	466	
420	467	
420	468	
418	469	
418	470	
418	471	
418	472	
418	473	
421	473	
422	474	
418	475	
418	476	
418	477	
419	478	
418	479	
421	480	
417	481	
418	482	
418	483	
418	484	
418	485	
419	486	
419	487	
418	488	
418	489	
418	490	
417	491	
417	492	
417	493	
417	494	
417	495	
417	496	
417	497	
417	498	
416	499	
416	500	
416	501	
415	502	
416	503	
415	504	
416	504	
415	505	
415	506	
415	507	
415	508	
415	509	
415	510	
415	511	
414	512	
414	513	
414	514	
414	515	
414	516	
414	517	
415	517	
415	518	
415	519	
415	520	
415	521	
413	522	
417	523	
417	524	
417	525	
417	526	
417	527	
418	528	
418	529	
418	530	
417	531	
417	532	
418	533	
420	534	
419	535	
419	536	
419	537	
420	538	
421	539	
421	540	
421	541	
421	542	
422	543	
422	544	
419	545	
419	546	
419	547	
420	548	
421	549	
421	550	
421	551	
421	552	
420	553	
420	554	
420	555	
420	556	
421	557	
422	558	
422	559	
422	560	
423	561	
422	562	
422	563	
421	564	
421	565	
421	566	
421	567	
421	568	
421	569	
421	570	
423	571	
423	572	
423	573	
425	574	
425	575	
425	576	
423	577	
423	578	
423	579	
423	580	
423	581	
424	582	
425	583	
425	584	
425	585	
425	586	
425	587	
425	588	
427	589	
427	590	
427	591	
426	592	
427	592	
426	593	
425	594	
425	595	
425	596	
427	597	
427	598	
426	599	
425	600	
429	601	
427	602	
429	602	
425	603	
426	603	
425	604	
425	605	
427	606	
427	607	
427	608	
429	609	
430	610	
429	611	
429	612	
427	613	
428	614	
430	615	
430	616	
429	617	
428	618	
429	619	
428	620	
428	621	
430	622	
430	623	
429	624	
430	625	
429	626	
428	627	
429	628	
429	629	
430	630	
430	631	
429	632	
429	633	
429	634	
431	635	
431	636	
429	637	
430	638	
429	639	
429	640	
429	641	
429	642	
429	643	
430	644	
430	645	
431	646	
429	647	
430	648	
429	649	
430	650	
430	651	
430	652	
431	653	
431	654	
429	655	
429	656	
429	657	
430	658	
430	659	
430	660	
429	661	
429	662	
429	663	
429	664	
429	665	
429	666	
429	667	
429	668	
429	669	
429	670	
429	671	
429	672	
430	672	
430	673	
429	674	
429	675	
429	676	
433	677	
433	678	
433	679	
431	680	
431	681	
431	682	
431	683	
429	684	
430	685	
430	686	
429	687	
430	688	
430	689	
429	690	
429	691	
429	692	
429	693	
429	694	
429	695	
430	696	
430	697	
430	698	
429	699	
430	700	
430	701	
430	702	
430	703	
431	703	
429	704	
429	705	
429	706	
429	707	
429	708	
429	709	
429	710	
430	711	
430	712	
428	713	
428	714	
428	715	
431	716	
431	717	
429	718	
428	719	
429	720	
431	721	
431	722	
429	723	
429	724	
430	725	
430	726	
428	727	
428	728	
428	729	
427	730	
427	731	
428	731	
429	731	
427	732	
428	733	
428	734	
427	735	
427	736	
427	737	
427	738	
427	739	
427	740	
427	741	
427	742	
427	743	
427	744	
428	745	
429	746	
429	747	
427	748	
429	748	
428	749	
428	750	
428	751	
429	751	
429	752	
426	753	
427	754	
427	755	
427	756	
426	757	
426	758	
426	759	
426	760	
427	761	
427	762	
426	763	
425	764	
426	765	
426	766	
425	767	
425	768	
425	769	
425	770	
425	771	
425	772	
425	773	
425	774	
425	775	
427	776	
425	777	
425	778	
425	779	
425	780	
426	781	
427	782	
423	783	
423	784	
423	785	
423	786	
423	787	
423	788	
425	789	
425	790	
422	791	
425	791	
423	792	
423	793	
423	794	
425	795	
425	796	
423	797	
423	798	
423	799	
423	800	
424	801	
424	802	
421	803	
421	804	
421	805	
421	806	
419	807	
419	808	
419	809	
423	810	
422	811	
422	812	
422	813	
420	814	
420	815	
425	816	
421	817	
421	818	
421	819	
421	820	
421	821	
421	822	
421	823	
421	824	
421	825	
422	826	
421	827	
419	828	
420	829	
421	830	
422	830	
421	831	
422	832	
421	833	
421	834	
420	835	
420	836	
420	837	
419	838	
420	839	
423	840	
423	841	
423	842	
419	843	
420	844	
419	845	
419	846	
423	847	
423	848	
421	849	
421	850	
423	851	
423	852	
419	853	
419	854	
419	855	
419	856	
421	857	
421	858	
419	859	
419	860	
419	861	
419	862	
420	863	
419	864	
419	865	
419	866	
419	867	
419	868	
419	869	
419	870	
419	871	
419	872	
419	873	
419	874	
419	875	
419	876	
419	877	
419	878	
422	878	
419	879	
419	880	
419	881	
419	882	
419	883	
423	884	
423	885	
419	886	
419	887	
419	888	
419	889	
419	890	
419	891	
419	892	
423	893	
419	894	
419	895	
419	896	
419	897	
418	898	
419	898	
419	899	
419	900	
419	901	
421	902	
421	903	
421	904	
419	905	
418	906	
417	907	
421	908	
418	909	
419	910	
421	911	
421	912	
417	925	
417	926	
417	927	
417	928	
417	932	
417	933	
417	934	
421	935	
421	936	
421	937	
421	938	
417	939	
419	940	
419	941	
419	942	
421	943	
421	944	
437	1083	
435	1085	
435	1088	
435	1089	
435	1090	
435	1091	
435	1098	
435	1099	
435	1108	
435	1109	
