410	303	
410	304	
410	305	
410	306	
410	307	
410	308	
410	309	
410	310	
410	311	
410	312	
410	313	
410	314	
410	315	
412	316	
411	317	
412	317	
410	318	
410	319	
411	320	
410	321	
411	321	
410	322	
410	323	
410	324	
410	325	
410	326	
409	327	
409	328	
410	329	
409	330	
410	331	
410	332	
410	333	
410	334	
409	335	
409	336	
409	337	
409	338	
409	339	
409	340	
408	341	
408	342	
409	343	
408	344	
408	345	
410	346	
410	347	
408	348	
408	349	
408	350	
408	351	
408	352	
408	353	
408	354	
408	355	
408	356	
408	357	
408	358	
408	359	
407	360	
408	361	
408	362	
408	363	
408	364	
408	365	
408	366	
408	367	
408	368	
409	368	
409	369	
409	370	
409	371	
409	372	
410	373	
408	374	
408	375	
408	376	
410	377	
410	378	
409	379	
409	380	
408	381	
409	382	
410	383	
410	384	
411	385	
409	386	
409	387	
410	388	
411	389	
410	390	
409	391	
409	392	
410	393	
409	394	
409	395	
410	396	
410	397	
409	398	
410	399	
409	400	
409	401	
410	401	
410	402	
409	403	
410	404	
410	405	
409	406	
409	407	
417	410	
417	411	
417	412	
417	413	
417	414	
417	415	
417	416	
418	417	
418	418	
418	419	
421	420	
421	421	
421	422	
421	423	
421	424	
419	425	
419	426	
419	427	
423	428	
421	429	
421	430	
420	431	
421	432	
421	433	
421	434	
421	435	
422	435	
421	436	
421	437	
421	438	
421	439	
421	440	
422	441	
422	442	
422	443	
421	444	
421	445	
421	446	
421	447	
422	447	
421	448	
421	449	
421	450	
421	451	
422	452	
420	453	
420	454	
420	455	
420	456	
420	457	
420	458	
420	459	
419	460	
419	461	
419	462	
420	463	
420	464	
420	465	
420	466	
420	467	
422	468	
423	469	
423	470	
420	471	
420	472	
420	473	
420	474	
421	475	
420	476	
420	477	
420	478	
419	479	
419	480	
419	481	
419	482	
420	482	
419	483	
419	484	
419	485	
420	485	
420	486	
420	487	
420	488	
421	489	
418	490	
418	491	
418	492	
418	493	
418	494	
418	495	
418	496	
418	497	
418	498	
418	499	
418	500	
417	501	
417	502	
418	503	
417	504	
418	505	
416	506	
416	507	
416	508	
416	509	
417	510	
417	511	
417	512	
417	513	
416	514	
416	515	
417	516	
416	517	
417	518	
416	519	
416	520	
415	521	
415	522	
417	523	
417	524	
417	525	
421	526	
419	527	
418	528	
419	528	
420	529	
420	530	
419	531	
420	532	
420	533	
419	534	
419	535	
419	536	
420	537	
421	538	
421	539	
422	540	
423	541	
423	542	
423	543	
422	544	
423	545	
423	546	
423	547	
422	548	
422	549	
422	550	
422	551	
422	552	
422	553	
422	554	
421	555	
421	556	
421	557	
421	558	
423	559	
422	560	
423	560	
422	561	
422	562	
422	563	
422	564	
425	565	
423	566	
423	567	
423	568	
424	569	
423	570	
423	571	
424	572	
424	573	
423	574	
423	575	
423	576	
423	577	
423	578	
423	579	
424	580	
424	581	
425	582	
427	583	
425	584	
426	585	
425	586	
426	587	
426	588	
427	589	
426	590	
426	591	
429	592	
429	593	
427	594	
427	595	
428	596	
427	597	
427	598	
427	599	
427	600	
427	601	
429	602	
429	603	
429	604	
429	605	
429	606	
429	607	
430	608	
428	609	
428	610	
428	611	
429	612	
430	613	
430	614	
431	615	
431	616	
431	617	
431	618	
431	619	
429	620	
429	621	
429	622	
429	623	
432	624	
432	625	
431	626	
431	627	
429	628	
429	629	
429	630	
430	630	
430	631	
431	632	
431	633	
431	634	
430	635	
433	636	
433	637	
433	638	
433	639	
432	640	
432	641	
432	642	
431	643	
431	644	
430	645	
433	646	
430	647	
431	648	
431	649	
430	650	
433	651	
432	652	
432	653	
431	654	
431	655	
430	656	
430	657	
429	658	
429	659	
429	660	
430	661	
431	662	
431	663	
433	664	
430	665	
431	666	
430	667	
433	668	
434	669	
432	670	
434	670	
431	671	
431	672	
431	673	
431	674	
431	675	
431	676	
432	677	
431	678	
431	679	
431	680	
431	681	
430	682	
431	683	
431	684	
431	685	
431	686	
432	687	
431	688	
431	689	
432	690	
432	691	
433	692	
431	693	
431	694	
433	695	
431	696	
431	697	
431	698	
432	699	
432	700	
431	701	
431	702	
431	703	
433	704	
429	705	
429	706	
430	707	
431	708	
430	709	
430	710	
429	711	
430	712	
429	713	
429	714	
429	715	
430	716	
430	717	
429	718	
429	719	
429	720	
429	721	
429	722	
429	723	
432	724	
429	725	
429	726	
429	727	
429	728	
431	729	
430	730	
429	731	
430	731	
429	732	
429	733	
429	734	
429	735	
429	736	
429	737	
429	738	
429	739	
428	740	
432	740	
428	741	
431	742	
429	743	
430	743	
429	744	
431	744	
428	745	
427	746	
430	747	
430	748	
427	749	
427	750	
427	751	
429	752	
427	753	
427	754	
427	755	
428	756	
427	757	
427	758	
427	759	
427	760	
427	761	
427	762	
428	762	
429	763	
429	764	
428	765	
429	766	
429	767	
429	768	
428	769	
427	770	
427	771	
427	772	
427	773	
426	774	
426	775	
427	776	
425	777	
425	778	
425	779	
427	780	
427	781	
427	782	
428	783	
429	784	
429	785	
429	786	
423	787	
423	788	
423	789	
423	791	
423	792	
423	793	
423	794	
423	795	
423	796	
423	797	
425	798	
425	799	
425	800	
421	801	
421	802	
421	803	
421	804	
421	805	
421	806	
425	807	
425	808	
425	809	
425	810	
423	811	
421	812	
421	813	
422	814	
421	815	
421	816	
421	817	
421	818	
421	819	
422	819	
421	820	
421	821	
421	822	
421	823	
421	824	
422	825	
421	826	
422	827	
422	828	
422	829	
422	830	
422	831	
421	832	
421	833	
421	834	
421	835	
421	836	
421	837	
421	838	
421	839	
421	840	
421	841	
421	842	
421	843	
421	844	
421	845	
421	846	
421	847	
421	848	
421	849	
421	850	
421	851	
421	852	
421	853	
421	854	
422	854	
421	855	
421	856	
421	857	
421	858	
421	859	
421	860	
421	861	
423	862	
423	863	
423	864	
421	865	
421	866	
421	867	
421	868	
422	868	
423	869	
423	870	
422	871	
421	872	
421	873	
421	874	
421	875	
422	875	
423	876	
421	877	
421	878	
422	878	
423	879	
423	880	
423	881	
421	882	
421	883	
420	884	
421	885	
421	886	
421	887	
421	888	
421	889	
421	890	
419	891	
419	892	
420	892	
420	893	
420	894	
423	895	
423	896	
423	897	
423	898	
419	899	
419	900	
419	901	
419	902	
419	903	
419	904	
419	905	
419	906	
419	907	
419	908	
420	909	
421	909	
419	910	
419	911	
419	912	
419	913	
419	927	
419	928	
419	929	
419	935	
419	936	
419	937	
419	938	
419	939	
419	940	
419	941	
423	1003	
425	1023	
437	1091	
437	1092	
437	1093	
