344	57	
414	306	
414	307	
414	308	
414	309	
415	310	
415	311	
416	312	
414	313	
414	314	
414	315	
414	316	
414	317	
414	318	
414	319	
414	320	
414	321	
414	322	
414	323	
415	324	
416	325	
415	326	
414	327	
414	328	
414	329	
414	330	
414	331	
414	332	
414	333	
414	334	
414	335	
414	336	
414	337	
414	338	
414	339	
413	340	
414	340	
414	341	
413	342	
413	343	
414	344	
414	345	
414	346	
413	347	
413	348	
413	349	
412	350	
412	351	
411	352	
412	353	
412	354	
412	355	
413	356	
413	357	
413	358	
413	359	
413	360	
413	361	
412	362	
412	363	
412	364	
412	365	
412	366	
412	367	
412	368	
412	369	
412	370	
412	371	
413	372	
413	373	
413	374	
412	375	
413	375	
412	376	
412	377	
412	378	
412	379	
412	380	
412	381	
412	382	
413	383	
414	384	
412	385	
412	386	
412	387	
412	388	
412	389	
412	390	
411	391	
411	392	
411	393	
412	393	
413	394	
413	395	
414	396	
415	397	
414	398	
413	399	
413	400	
415	401	
414	402	
413	403	
413	404	
413	405	
413	406	
419	407	
421	410	
421	411	
422	412	
422	413	
422	414	
422	415	
422	416	
425	417	
424	418	
423	419	
423	420	
423	421	
423	422	
423	423	
423	424	
424	425	
424	426	
424	427	
424	428	
423	429	
424	430	
424	431	
425	431	
425	432	
425	433	
426	433	
425	434	
425	435	
425	436	
425	437	
424	438	
424	439	
424	440	
426	441	
426	442	
426	443	
425	444	
425	445	
425	446	
424	447	
425	447	
424	448	
424	449	
424	450	
424	451	
425	452	
424	453	
424	454	
425	455	
425	456	
424	457	
424	458	
424	459	
424	460	
424	461	
426	462	
426	463	
425	464	
424	465	
424	466	
424	467	
425	468	
424	469	
425	469	
424	470	
425	471	
424	472	
425	473	
423	474	
424	474	
425	474	
425	475	
425	476	
424	477	
424	478	
423	479	
423	480	
423	481	
424	482	
423	483	
423	484	
424	485	
423	486	
423	487	
423	488	
424	489	
424	490	
423	491	
422	492	
422	493	
422	494	
422	495	
422	496	
422	497	
422	498	
422	499	
422	500	
422	501	
422	502	
422	503	
422	504	
422	505	
422	506	
420	507	
419	508	
420	509	
420	510	
420	511	
420	512	
419	513	
419	514	
420	515	
420	516	
419	517	
419	518	
419	519	
420	520	
420	521	
419	522	
420	522	
419	523	
419	524	
420	525	
420	526	
421	527	
425	528	
425	529	
425	530	
425	531	
424	532	
423	533	
423	534	
425	535	
424	536	
423	537	
424	538	
427	539	
427	540	
426	541	
426	542	
426	543	
425	544	
425	545	
425	546	
426	546	
425	547	
425	548	
429	549	
428	550	
427	551	
427	552	
427	553	
427	554	
426	555	
428	556	
427	557	
428	557	
427	558	
427	559	
426	560	
426	561	
426	562	
426	563	
426	564	
426	565	
425	566	
426	567	
427	568	
428	569	
428	570	
427	571	
427	572	
427	573	
428	574	
428	575	
428	576	
428	577	
428	578	
429	579	
429	580	
429	581	
428	582	
429	583	
429	584	
429	585	
429	586	
430	587	
430	588	
430	589	
430	590	
430	591	
430	592	
430	593	
429	594	
429	595	
430	596	
430	597	
432	598	
431	599	
432	600	
432	601	
431	602	
431	603	
431	604	
431	605	
431	606	
431	607	
433	608	
433	609	
433	610	
434	611	
435	612	
435	613	
434	614	
435	614	
433	615	
437	616	
437	617	
433	618	
433	619	
434	620	
435	621	
435	622	
434	623	
434	624	
434	625	
435	626	
433	627	
433	628	
435	629	
435	630	
434	631	
434	632	
434	633	
436	634	
434	635	
434	636	
435	637	
435	638	
434	639	
434	640	
434	641	
435	642	
436	643	
436	644	
437	645	
434	646	
433	647	
434	648	
433	649	
433	650	
434	651	
437	652	
437	653	
433	654	
433	655	
433	656	
433	657	
433	658	
433	659	
433	660	
434	661	
434	662	
434	663	
434	664	
434	665	
437	666	
435	667	
435	668	
435	669	
437	670	
435	671	
435	672	
435	673	
435	674	
434	675	
437	676	
433	677	
433	678	
434	678	
436	679	
435	680	
436	680	
436	681	
435	682	
435	683	
435	684	
435	685	
435	686	
435	687	
435	688	
435	689	
435	690	
435	691	
435	692	
435	693	
435	694	
434	695	
433	696	
433	697	
439	698	
435	699	
435	700	
437	701	
433	702	
433	703	
437	704	
433	705	
434	706	
433	707	
433	708	
433	709	
435	710	
434	711	
433	712	
435	713	
435	714	
434	715	
433	716	
433	717	
433	718	
433	719	
433	720	
433	721	
433	722	
433	723	
433	724	
433	725	
434	726	
434	727	
434	728	
434	729	
432	730	
432	731	
433	732	
432	733	
431	734	
432	735	
431	736	
431	737	
432	738	
431	739	
431	740	
431	741	
431	742	
431	743	
432	744	
431	745	
431	746	
435	747	
435	748	
431	749	
431	750	
431	751	
431	752	
431	753	
431	754	
431	755	
431	756	
431	757	
431	758	
431	759	
431	760	
431	761	
431	762	
431	763	
433	764	
431	765	
430	766	
431	766	
430	767	
430	768	
429	769	
429	770	
429	771	
430	772	
429	773	
429	774	
429	775	
429	776	
429	777	
429	778	
430	779	
431	780	
429	781	
429	782	
429	783	
429	784	
429	785	
427	786	
427	787	
429	788	
431	789	
427	790	
427	791	
427	792	
427	793	
427	794	
426	795	
425	796	
425	797	
425	798	
425	799	
426	799	
425	800	
425	801	
425	802	
424	803	
425	803	
426	804	
428	805	
427	806	
428	807	
429	808	
425	809	
425	810	
425	811	
425	812	
425	813	
426	814	
425	815	
425	816	
425	817	
425	818	
425	819	
425	820	
425	821	
425	822	
425	823	
425	824	
425	825	
425	826	
424	827	
426	827	
425	828	
425	829	
425	830	
425	831	
429	832	
425	833	
429	834	
429	835	
429	836	
426	837	
425	838	
425	839	
426	840	
425	841	
425	842	
426	843	
427	844	
426	845	
425	846	
425	847	
425	848	
429	848	
425	849	
425	850	
425	851	
425	852	
425	853	
425	854	
427	855	
427	856	
426	857	
425	858	
428	859	
427	860	
427	861	
427	862	
428	863	
428	864	
425	865	
425	866	
425	867	
425	868	
425	869	
425	870	
425	871	
425	872	
425	873	
425	874	
425	875	
425	876	
425	877	
425	878	
425	879	
425	880	
427	881	
427	882	
427	883	
427	884	
425	885	
425	886	
424	887	
423	888	
425	889	
425	890	
426	891	
427	892	
425	893	
425	894	
424	895	
424	896	
425	897	
424	898	
423	899	
423	900	
423	901	
427	902	
423	903	
423	904	
425	905	
423	906	
423	907	
423	908	
423	909	
423	910	
423	911	
423	912	
427	913	
427	914	
423	921	
423	922	
421	923	
421	924	
425	925	
423	931	
423	932	
423	933	
423	934	
425	935	
425	936	
423	937	
423	938	
423	939	
423	940	
425	941	
425	942	
427	1004	
427	1005	
439	1084	
439	1085	
441	1087	
443	1092	
443	1093	
441	1094	
441	1095	
441	1096	
441	1097	
