416	306	
416	307	
416	308	
416	309	
416	310	
416	311	
416	312	
416	313	
416	314	
416	315	
416	316	
416	317	
416	318	
416	319	
416	320	
416	321	
416	322	
416	323	
417	324	
417	325	
416	326	
416	327	
416	328	
416	329	
416	330	
416	331	
416	332	
416	333	
416	334	
416	335	
416	336	
416	337	
416	338	
416	339	
417	340	
416	341	
416	342	
415	343	
416	343	
415	344	
415	345	
417	346	
416	347	
415	348	
414	349	
415	350	
415	351	
415	352	
414	353	
414	354	
414	355	
414	356	
414	357	
414	358	
415	359	
414	360	
414	361	
414	362	
414	363	
414	364	
414	365	
414	366	
414	367	
414	368	
414	369	
414	370	
413	371	
414	372	
414	373	
414	374	
414	375	
413	376	
413	377	
414	378	
414	379	
414	380	
414	381	
414	382	
414	383	
414	384	
414	385	
414	386	
414	387	
414	388	
414	389	
414	390	
414	391	
414	392	
415	393	
415	394	
416	395	
415	396	
415	397	
415	398	
415	399	
415	400	
415	401	
415	402	
417	403	
417	404	
422	407	
423	408	
423	409	
423	410	
423	411	
424	412	
424	413	
424	414	
424	415	
424	416	
424	417	
425	418	
426	419	
425	420	
425	421	
425	422	
426	423	
425	424	
426	424	
426	425	
426	426	
425	427	
426	428	
426	429	
427	430	
427	431	
427	432	
426	433	
426	434	
426	435	
427	436	
427	437	
427	438	
427	439	
428	440	
427	441	
427	442	
427	443	
428	444	
428	445	
427	446	
429	447	
429	448	
427	449	
426	450	
426	451	
427	452	
427	453	
426	454	
427	454	
427	455	
427	456	
427	457	
427	458	
427	459	
427	460	
427	461	
426	462	
427	463	
427	464	
426	465	
426	466	
426	467	
426	468	
427	469	
427	470	
426	471	
426	472	
428	473	
427	474	
426	475	
426	476	
426	477	
426	478	
426	479	
426	480	
426	481	
425	482	
425	483	
425	484	
428	485	
427	486	
426	487	
425	488	
424	489	
424	490	
424	491	
424	492	
425	493	
425	494	
424	495	
424	496	
423	497	
423	498	
424	499	
424	500	
423	501	
424	501	
424	502	
423	503	
424	503	
423	504	
423	505	
423	506	
423	507	
423	508	
423	509	
423	510	
423	511	
422	512	
422	513	
422	514	
422	515	
422	516	
422	517	
422	518	
422	519	
422	520	
421	521	
422	522	
421	523	
421	524	
421	525	
425	526	
425	527	
425	528	
425	529	
426	530	
427	530	
426	531	
427	532	
427	533	
425	534	
425	535	
425	536	
425	537	
425	538	
426	539	
427	540	
427	541	
429	542	
427	543	
427	544	
428	545	
428	546	
428	547	
428	548	
428	549	
429	550	
430	550	
430	551	
431	552	
431	553	
428	554	
428	555	
429	556	
430	556	
430	557	
430	558	
431	558	
429	559	
429	560	
430	561	
428	562	
430	563	
429	564	
429	565	
429	566	
431	567	
431	568	
428	569	
428	570	
428	571	
430	572	
431	573	
430	574	
430	575	
431	576	
429	577	
429	578	
430	579	
430	580	
430	581	
431	581	
431	582	
431	583	
432	584	
431	585	
432	586	
432	587	
431	588	
432	588	
431	589	
431	590	
432	591	
432	592	
432	593	
432	594	
432	595	
432	596	
432	597	
433	598	
433	599	
433	600	
433	601	
433	602	
433	603	
434	604	
433	605	
433	606	
433	607	
433	608	
434	609	
435	610	
435	611	
435	612	
436	613	
436	614	
436	615	
435	616	
435	617	
435	618	
436	618	
436	619	
437	620	
436	621	
435	622	
436	623	
436	624	
435	625	
435	626	
435	627	
435	628	
439	629	
439	630	
439	631	
439	632	
439	633	
435	634	
439	634	
438	635	
437	636	
436	637	
437	637	
437	638	
438	638	
438	639	
438	640	
436	641	
436	642	
436	643	
438	644	
435	645	
435	646	
435	647	
435	648	
438	648	
438	649	
438	650	
439	651	
439	652	
436	653	
437	654	
438	655	
438	656	
435	657	
435	658	
434	659	
433	660	
437	661	
435	662	
435	663	
435	664	
435	665	
436	666	
436	667	
436	668	
436	669	
439	670	
437	671	
437	672	
436	673	
435	674	
436	675	
438	676	
439	677	
439	678	
436	679	
437	680	
437	681	
438	682	
437	683	
437	684	
437	685	
437	686	
437	687	
437	688	
437	689	
437	690	
437	691	
437	692	
437	693	
437	694	
437	695	
437	696	
439	697	
435	698	
435	699	
437	700	
436	701	
435	702	
438	702	
435	703	
435	704	
438	705	
437	706	
437	707	
435	708	
434	709	
434	710	
435	711	
437	712	
436	713	
435	714	
435	715	
435	716	
435	717	
435	718	
435	719	
435	720	
434	721	
433	722	
433	723	
437	724	
437	725	
433	726	
433	727	
433	728	
433	729	
433	730	
433	731	
434	732	
434	733	
434	734	
437	735	
433	736	
433	737	
433	738	
433	739	
433	740	
433	741	
433	742	
435	743	
435	744	
435	745	
434	746	
433	747	
433	748	
433	749	
433	750	
434	751	
437	752	
434	753	
433	754	
433	755	
435	756	
433	757	
431	758	
436	759	
433	760	
436	760	
433	761	
434	762	
433	763	
433	764	
432	765	
431	766	
431	767	
432	768	
433	769	
433	770	
431	771	
431	772	
431	773	
434	774	
431	775	
431	776	
431	777	
434	778	
434	779	
434	780	
431	781	
431	782	
431	783	
431	784	
432	785	
433	785	
429	786	
429	787	
429	788	
429	789	
431	789	
431	790	
429	791	
429	792	
429	793	
429	794	
428	795	
427	796	
427	797	
427	798	
427	799	
427	800	
427	801	
427	802	
429	803	
429	804	
429	805	
427	806	
427	807	
427	808	
428	809	
430	809	
430	810	
428	811	
427	812	
427	813	
427	814	
427	815	
427	816	
427	817	
427	818	
427	819	
427	820	
428	821	
428	822	
428	823	
427	824	
427	825	
427	826	
427	827	
428	828	
430	829	
427	830	
427	831	
428	832	
430	833	
429	834	
429	835	
427	836	
427	837	
427	838	
429	839	
429	840	
430	840	
427	841	
427	842	
427	843	
427	844	
427	845	
427	846	
427	847	
431	848	
427	849	
427	850	
427	851	
427	852	
427	853	
427	854	
429	855	
429	856	
428	857	
427	858	
427	859	
427	860	
427	861	
427	862	
427	863	
427	864	
427	865	
427	866	
427	867	
427	868	
427	869	
427	870	
431	871	
427	872	
430	872	
427	873	
427	874	
427	875	
427	876	
427	877	
427	878	
427	879	
427	880	
429	881	
429	882	
427	883	
427	884	
427	885	
427	886	
426	887	
426	888	
427	889	
427	890	
429	891	
425	892	
429	893	
429	894	
429	895	
427	896	
427	897	
427	898	
425	899	
425	900	
425	901	
425	902	
425	903	
425	904	
426	905	
427	906	
427	907	
426	908	
425	909	
425	910	
427	912	
427	913	
427	914	
425	932	
425	933	
425	934	
425	935	
427	936	
429	937	
425	938	
425	939	
425	940	
427	941	
427	942	
429	943	
425	944	
429	1003	
433	1005	
431	1007	
433	1009	
433	1017	
