418	313	
418	314	
418	315	
419	316	
420	317	
420	318	
420	319	
419	320	
419	321	
419	322	
419	323	
419	324	
419	325	
420	326	
420	327	
419	328	
419	329	
420	330	
420	331	
419	332	
419	333	
419	334	
419	335	
420	335	
420	336	
420	337	
419	338	
420	338	
420	339	
420	340	
420	341	
419	342	
418	343	
418	344	
421	344	
421	345	
418	346	
418	347	
419	348	
419	349	
418	350	
418	351	
418	352	
419	353	
418	354	
418	355	
418	356	
418	357	
418	358	
417	359	
418	360	
418	361	
418	362	
418	363	
418	364	
418	365	
417	366	
417	367	
418	368	
417	369	
417	370	
418	371	
417	372	
417	373	
417	374	
417	375	
418	376	
419	377	
418	378	
417	379	
417	380	
416	381	
417	381	
416	382	
417	382	
416	383	
416	384	
417	385	
417	386	
418	387	
417	388	
417	389	
416	390	
416	391	
416	392	
419	393	
416	394	
416	395	
417	396	
417	397	
417	398	
416	399	
417	400	
418	401	
417	402	
417	403	
417	404	
426	408	
426	409	
426	410	
426	411	
426	412	
426	413	
426	414	
429	414	
427	415	
427	416	
427	417	
428	417	
428	418	
429	419	
428	420	
428	421	
428	422	
430	423	
430	424	
430	425	
430	426	
429	427	
429	428	
429	429	
429	430	
430	431	
430	432	
432	433	
431	434	
430	435	
430	436	
430	437	
430	438	
430	439	
430	440	
430	441	
430	442	
430	443	
430	444	
430	445	
430	446	
431	447	
430	448	
430	449	
430	450	
430	451	
429	452	
430	453	
430	454	
430	455	
430	456	
430	457	
430	458	
429	459	
429	460	
430	460	
430	461	
430	462	
430	463	
430	464	
430	465	
430	466	
430	467	
430	468	
430	469	
430	470	
430	471	
430	472	
429	473	
429	474	
429	475	
429	476	
430	477	
429	478	
429	479	
430	480	
429	481	
430	482	
430	483	
431	484	
428	485	
428	486	
428	487	
428	488	
428	489	
428	490	
428	491	
428	492	
428	493	
428	494	
428	495	
427	496	
427	497	
427	498	
427	499	
427	500	
427	501	
427	502	
427	503	
428	504	
426	505	
426	506	
426	507	
426	508	
425	509	
425	510	
425	511	
425	512	
425	513	
424	514	
424	515	
424	516	
424	517	
424	518	
424	519	
424	520	
425	520	
424	521	
426	521	
424	522	
425	523	
425	524	
425	525	
421	526	
427	527	
427	528	
429	529	
429	530	
429	531	
429	532	
429	533	
429	534	
429	535	
429	536	
429	537	
429	538	
429	539	
429	540	
429	541	
430	541	
429	542	
431	543	
431	544	
429	545	
430	546	
431	547	
431	548	
431	549	
432	550	
432	551	
431	552	
432	553	
435	554	
432	555	
432	556	
431	557	
431	558	
432	559	
432	560	
432	561	
432	562	
431	563	
431	564	
435	565	
432	566	
435	567	
432	568	
432	569	
432	570	
432	571	
435	572	
435	573	
435	574	
435	575	
435	576	
435	577	
435	578	
435	579	
436	580	
433	581	
433	582	
434	583	
437	584	
437	585	
435	586	
435	587	
435	588	
435	589	
437	590	
437	591	
434	592	
434	593	
435	593	
437	593	
437	594	
436	595	
437	596	
437	597	
436	598	
438	599	
439	600	
439	601	
437	602	
437	603	
437	604	
437	605	
437	606	
437	607	
437	608	
437	609	
437	610	
437	611	
437	612	
437	613	
440	614	
441	615	
440	616	
440	617	
440	618	
437	619	
437	620	
439	621	
440	622	
438	623	
438	624	
438	625	
439	626	
439	627	
439	628	
439	629	
439	630	
439	631	
439	632	
439	633	
439	634	
439	635	
440	636	
441	636	
440	637	
440	638	
439	639	
440	640	
439	641	
439	642	
439	643	
440	644	
439	645	
440	645	
439	646	
441	647	
441	648	
441	649	
441	650	
437	651	
437	652	
437	653	
437	654	
437	655	
439	656	
441	657	
441	658	
441	659	
437	660	
437	661	
437	662	
437	663	
437	664	
437	665	
441	666	
437	667	
437	668	
437	669	
437	670	
437	671	
437	672	
438	673	
439	674	
439	675	
439	676	
439	677	
439	678	
438	679	
439	680	
439	681	
439	682	
439	683	
439	684	
439	685	
443	686	
439	687	
439	688	
439	689	
439	690	
439	691	
439	692	
439	693	
440	694	
439	695	
439	696	
441	697	
437	698	
439	699	
439	700	
439	701	
439	702	
437	703	
438	704	
437	705	
437	706	
439	707	
439	708	
439	709	
437	710	
437	711	
437	712	
437	713	
437	714	
437	715	
437	716	
437	717	
438	718	
437	719	
437	720	
437	721	
438	722	
437	723	
437	724	
437	725	
438	726	
438	727	
437	728	
437	729	
437	730	
437	731	
437	732	
437	733	
437	734	
437	735	
437	736	
437	737	
435	738	
435	739	
435	740	
437	741	
437	742	
436	743	
436	744	
436	745	
436	746	
436	747	
437	748	
437	749	
437	750	
437	751	
436	752	
435	753	
435	754	
435	755	
435	756	
435	757	
435	758	
435	759	
435	760	
435	761	
435	762	
435	763	
435	764	
434	765	
435	766	
435	767	
435	768	
435	769	
435	770	
437	771	
439	772	
433	773	
433	774	
437	775	
437	776	
433	777	
433	778	
433	779	
433	780	
433	781	
433	782	
433	783	
433	784	
435	785	
435	786	
435	787	
431	788	
431	789	
431	790	
431	791	
431	792	
432	793	
433	794	
433	795	
433	796	
433	797	
431	798	
431	799	
431	800	
433	801	
433	802	
433	803	
431	804	
432	805	
432	806	
431	807	
431	808	
431	809	
431	810	
430	811	
431	811	
431	812	
431	813	
431	814	
431	815	
431	816	
431	817	
431	818	
432	819	
431	820	
431	821	
430	822	
429	823	
433	824	
433	825	
432	826	
431	827	
429	828	
433	829	
433	830	
431	831	
430	832	
431	832	
433	833	
433	834	
433	835	
433	836	
431	837	
431	838	
431	839	
430	840	
431	840	
433	841	
433	842	
433	843	
429	844	
430	845	
431	845	
431	846	
433	847	
433	848	
430	849	
430	850	
430	851	
429	852	
430	852	
429	853	
429	854	
429	855	
430	855	
429	856	
429	857	
433	858	
432	859	
433	859	
433	860	
432	861	
430	862	
429	863	
429	864	
430	864	
433	865	
431	866	
431	867	
429	868	
431	869	
431	870	
431	871	
431	872	
431	873	
430	874	
430	875	
430	876	
430	877	
429	878	
429	879	
433	880	
433	881	
433	882	
429	883	
429	884	
429	885	
429	886	
429	887	
429	888	
430	889	
431	890	
433	891	
433	892	
429	893	
429	894	
430	895	
430	896	
430	897	
431	898	
431	899	
430	900	
429	901	
429	902	
431	903	
431	904	
431	905	
427	906	
427	907	
431	908	
429	909	
429	910	
427	911	
427	912	
429	913	
429	938	
429	939	
429	940	
429	941	
429	942	
431	967	
431	968	
431	969	
431	970	
433	972	
433	973	
431	974	
433	1015	
435	1017	
437	1027	
437	1037	
