420	312	
420	313	
420	314	
420	315	
421	316	
421	317	
421	318	
420	319	
420	320	
420	321	
421	322	
421	323	
420	324	
420	325	
421	326	
422	326	
421	327	
421	328	
421	329	
421	330	
421	331	
420	332	
420	333	
420	334	
423	335	
421	336	
421	337	
421	338	
421	339	
421	340	
421	341	
421	342	
420	343	
420	344	
420	345	
420	346	
420	347	
420	348	
420	349	
421	350	
422	351	
421	352	
420	353	
420	354	
420	355	
420	356	
420	357	
420	358	
420	359	
419	360	
419	361	
419	362	
419	363	
419	364	
419	365	
420	366	
420	367	
419	368	
419	369	
419	370	
419	371	
420	372	
420	373	
419	374	
419	375	
418	376	
418	377	
418	378	
419	379	
418	380	
418	381	
418	382	
418	383	
418	384	
417	385	
418	386	
418	387	
418	388	
418	389	
418	390	
418	391	
418	392	
418	393	
418	394	
418	395	
418	396	
418	397	
418	398	
418	399	
418	400	
418	401	
418	402	
419	403	
419	404	
418	405	
425	406	
425	407	
426	408	
427	409	
427	410	
428	411	
429	412	
429	413	
430	413	
429	414	
429	415	
430	416	
431	417	
430	418	
429	419	
429	420	
433	421	
432	422	
429	423	
430	423	
430	424	
431	425	
431	426	
431	427	
431	428	
431	429	
431	430	
431	431	
431	432	
432	433	
432	434	
432	435	
432	436	
431	437	
434	438	
433	439	
433	440	
432	441	
432	442	
432	443	
433	443	
431	444	
431	445	
431	446	
431	447	
431	448	
432	449	
432	450	
432	451	
432	452	
432	453	
432	454	
431	455	
431	456	
431	457	
432	458	
432	459	
431	460	
431	461	
431	462	
432	463	
432	464	
431	465	
432	466	
432	467	
432	468	
433	469	
432	470	
432	471	
432	472	
432	473	
432	474	
432	475	
432	476	
431	477	
431	478	
431	479	
431	480	
432	481	
432	482	
431	483	
430	484	
431	485	
430	486	
430	487	
430	488	
430	489	
430	490	
430	491	
430	492	
429	493	
429	494	
429	495	
429	496	
430	497	
428	498	
428	499	
428	500	
428	501	
427	502	
427	503	
428	504	
428	505	
427	506	
428	506	
427	507	
428	508	
428	509	
427	510	
426	511	
426	512	
426	513	
427	513	
426	514	
426	515	
426	516	
425	517	
425	518	
425	519	
426	519	
426	520	
426	521	
425	522	
426	523	
425	524	
425	525	
425	526	
426	527	
426	528	
427	529	
427	530	
427	531	
431	532	
430	533	
429	534	
433	535	
429	536	
433	536	
430	537	
431	538	
431	539	
431	540	
432	541	
432	542	
432	543	
433	544	
431	545	
431	546	
433	547	
434	548	
435	549	
435	550	
434	551	
433	552	
434	553	
435	553	
434	554	
433	555	
433	556	
434	557	
434	558	
434	559	
434	560	
433	561	
434	561	
433	562	
434	563	
434	564	
435	565	
434	566	
434	567	
435	567	
434	568	
434	569	
434	570	
434	571	
434	572	
434	573	
434	574	
435	575	
435	576	
435	577	
436	577	
437	578	
437	579	
436	580	
439	581	
439	582	
436	583	
436	584	
436	585	
436	586	
436	587	
435	588	
438	589	
437	590	
436	591	
439	592	
438	593	
437	594	
437	595	
437	596	
437	597	
438	598	
438	599	
438	600	
437	601	
437	602	
440	603	
439	604	
438	605	
437	606	
438	607	
439	608	
439	609	
439	610	
439	611	
439	612	
439	613	
439	614	
440	615	
440	616	
441	617	
439	618	
439	619	
439	620	
440	621	
441	622	
440	623	
440	624	
439	625	
441	626	
441	627	
441	628	
442	629	
442	630	
441	631	
440	632	
439	633	
440	634	
440	635	
442	636	
441	637	
440	638	
442	639	
442	640	
441	641	
441	642	
440	643	
442	644	
442	645	
439	646	
440	647	
439	648	
439	649	
439	650	
439	651	
439	652	
439	653	
439	654	
439	655	
439	656	
439	657	
441	658	
437	659	
437	660	
439	661	
439	662	
439	663	
439	664	
439	665	
439	666	
439	667	
439	668	
439	669	
439	670	
441	671	
443	672	
439	673	
439	674	
439	675	
441	677	
441	678	
441	679	
443	680	
443	681	
439	682	
439	683	
443	684	
439	685	
439	686	
440	687	
441	688	
441	689	
439	690	
439	691	
441	692	
443	693	
443	694	
439	695	
439	696	
439	697	
439	698	
439	699	
439	700	
443	701	
442	702	
439	703	
438	704	
438	705	
439	706	
439	707	
440	707	
437	708	
439	709	
439	710	
439	711	
439	712	
439	713	
440	714	
439	715	
439	716	
437	717	
437	718	
439	719	
439	720	
441	721	
437	722	
437	723	
441	724	
437	725	
437	726	
440	727	
441	728	
441	729	
437	730	
438	730	
437	731	
437	732	
437	733	
437	734	
437	735	
440	736	
441	736	
437	737	
437	738	
438	739	
439	739	
439	740	
437	741	
437	742	
437	743	
439	744	
437	745	
437	746	
437	747	
437	748	
437	749	
437	750	
437	751	
437	752	
437	753	
437	754	
437	755	
437	756	
438	757	
437	758	
437	759	
437	760	
438	761	
439	762	
439	763	
436	764	
439	765	
438	766	
436	767	
435	768	
435	769	
435	770	
435	771	
435	772	
435	773	
435	774	
435	775	
435	776	
435	777	
435	778	
434	779	
433	780	
433	781	
433	782	
437	783	
439	784	
434	785	
435	786	
433	787	
433	788	
435	789	
435	790	
432	791	
433	792	
433	793	
435	794	
432	795	
431	796	
431	797	
435	798	
432	799	
432	800	
432	801	
432	802	
433	802	
432	803	
433	803	
434	803	
434	804	
433	805	
434	806	
434	807	
434	808	
434	809	
434	810	
433	811	
432	812	
434	812	
431	813	
435	814	
436	815	
435	816	
435	817	
432	818	
431	819	
431	820	
431	821	
431	822	
435	823	
435	824	
431	825	
431	826	
432	827	
431	828	
433	829	
433	830	
432	831	
435	832	
431	833	
431	834	
431	835	
432	836	
433	837	
433	838	
432	839	
432	840	
433	840	
431	841	
432	842	
432	843	
432	844	
432	845	
431	846	
433	847	
433	848	
433	849	
433	850	
431	851	
431	852	
435	853	
435	854	
432	855	
431	856	
431	857	
431	858	
432	859	
433	860	
431	861	
431	862	
431	863	
431	864	
431	865	
431	866	
431	867	
431	868	
431	869	
432	870	
432	871	
432	872	
432	873	
431	874	
431	875	
431	876	
431	877	
431	878	
431	879	
431	880	
431	881	
431	882	
431	883	
433	884	
431	885	
431	886	
431	887	
433	888	
433	889	
433	890	
431	891	
431	892	
431	893	
431	894	
430	895	
429	896	
433	897	
432	898	
431	899	
431	900	
431	901	
433	902	
429	903	
429	904	
433	905	
433	906	
429	907	
433	908	
433	909	
433	910	
429	911	
429	912	
429	913	
429	914	
431	915	
433	938	
433	939	
433	940	
433	941	
431	945	
431	969	
431	970	
431	971	
435	1009	
439	1011	
441	1029	
