423	315	
423	316	
422	317	
422	318	
422	319	
423	320	
424	321	
425	322	
424	323	
423	324	
423	325	
424	326	
424	327	
424	328	
423	329	
423	330	
423	331	
423	332	
424	332	
424	333	
424	334	
424	335	
424	336	
423	337	
423	338	
425	339	
423	340	
423	341	
424	342	
423	343	
423	344	
423	345	
423	346	
423	347	
423	348	
424	349	
424	350	
424	351	
423	352	
423	353	
423	354	
424	355	
423	356	
423	357	
423	358	
424	359	
422	360	
422	361	
423	362	
423	363	
423	364	
422	365	
422	366	
422	367	
422	368	
422	369	
422	370	
422	371	
422	372	
422	373	
422	374	
422	375	
422	376	
421	377	
421	378	
421	379	
421	380	
421	381	
423	382	
423	383	
423	384	
420	385	
423	386	
423	387	
422	388	
421	389	
422	390	
421	391	
421	392	
421	393	
421	394	
421	395	
420	396	
420	397	
420	398	
420	399	
420	400	
421	401	
421	402	
420	403	
420	404	
431	407	
430	408	
430	409	
430	410	
430	411	
431	412	
432	413	
433	413	
432	414	
431	415	
432	416	
432	417	
432	418	
433	419	
433	420	
433	421	
433	422	
432	423	
434	423	
433	424	
433	425	
433	426	
434	426	
434	427	
433	428	
434	428	
433	429	
433	430	
434	431	
434	432	
434	433	
434	434	
434	435	
434	436	
434	437	
434	438	
434	439	
434	440	
434	441	
434	442	
434	443	
435	444	
436	445	
436	446	
436	447	
434	448	
434	449	
434	450	
435	451	
434	452	
434	453	
434	454	
434	455	
434	456	
435	456	
434	457	
434	458	
434	459	
434	460	
434	461	
434	462	
434	463	
434	464	
434	465	
434	466	
434	467	
434	468	
434	469	
434	470	
434	471	
434	472	
434	473	
434	474	
434	475	
434	476	
434	477	
434	478	
434	479	
434	480	
433	481	
433	482	
433	483	
432	484	
432	485	
432	486	
432	487	
432	488	
432	489	
432	490	
432	491	
432	492	
432	493	
434	494	
432	495	
432	496	
432	497	
432	498	
432	499	
431	500	
431	501	
431	502	
431	503	
430	504	
430	505	
430	506	
430	507	
430	508	
430	509	
429	510	
429	511	
429	512	
430	513	
429	514	
428	515	
429	515	
429	516	
428	517	
428	518	
428	519	
428	520	
428	521	
428	522	
429	523	
430	524	
429	525	
429	526	
429	527	
429	528	
429	529	
429	530	
430	531	
431	531	
431	532	
431	533	
431	534	
435	535	
435	536	
433	537	
433	538	
434	539	
434	540	
434	541	
434	542	
434	543	
433	544	
433	545	
433	546	
433	547	
434	547	
433	548	
434	549	
435	549	
435	550	
435	551	
435	552	
436	553	
437	554	
436	555	
435	556	
435	557	
438	558	
437	559	
437	560	
435	561	
436	561	
435	562	
435	563	
439	564	
439	565	
439	566	
438	567	
437	568	
437	569	
438	570	
439	570	
438	571	
438	572	
438	573	
437	574	
437	575	
438	576	
438	577	
438	578	
437	579	
438	580	
440	581	
441	582	
441	583	
440	584	
440	585	
440	586	
439	587	
438	588	
439	589	
439	590	
440	590	
440	591	
442	592	
439	593	
439	594	
439	595	
439	596	
440	597	
441	598	
443	599	
443	600	
442	601	
440	602	
441	603	
443	604	
441	605	
441	606	
443	607	
443	608	
441	609	
443	610	
443	611	
441	612	
441	613	
441	614	
442	615	
444	616	
441	617	
445	618	
445	619	
443	620	
442	621	
441	622	
442	623	
442	624	
443	625	
443	626	
443	627	
444	628	
445	628	
441	629	
441	630	
441	631	
442	632	
443	633	
443	634	
444	635	
443	636	
442	637	
442	638	
443	639	
443	640	
443	641	
443	642	
443	643	
443	644	
443	645	
441	646	
441	647	
441	648	
441	649	
442	650	
442	651	
442	652	
442	653	
441	654	
441	655	
441	656	
441	657	
441	658	
442	659	
440	660	
440	661	
441	662	
439	663	
439	664	
439	665	
449	666	
441	667	
441	668	
441	669	
440	670	
440	671	
443	672	
443	673	
443	674	
440	675	
439	676	
441	677	
441	678	
441	679	
441	680	
441	681	
441	682	
441	683	
441	684	
441	685	
441	686	
443	690	
441	691	
441	692	
441	693	
441	694	
441	695	
441	696	
441	697	
441	698	
441	699	
441	700	
441	701	
440	702	
443	703	
443	704	
441	705	
441	706	
441	707	
441	708	
442	709	
442	710	
443	711	
441	712	
443	713	
443	714	
443	715	
442	716	
440	717	
439	718	
439	719	
440	719	
440	720	
441	721	
441	722	
441	723	
441	724	
442	725	
441	726	
441	727	
440	728	
442	728	
441	729	
440	730	
441	731	
441	732	
440	733	
440	734	
441	735	
441	736	
441	737	
440	738	
439	739	
439	740	
440	741	
439	742	
443	743	
443	744	
442	745	
440	746	
441	747	
441	748	
442	749	
443	750	
439	751	
439	752	
439	753	
439	754	
440	755	
440	756	
439	757	
439	758	
439	759	
439	760	
439	761	
441	762	
441	763	
441	764	
440	765	
440	766	
439	767	
439	768	
438	769	
437	770	
437	771	
437	772	
438	773	
439	773	
439	774	
437	775	
437	776	
437	777	
439	778	
437	779	
437	780	
437	781	
439	782	
435	783	
435	784	
437	785	
436	786	
435	787	
435	788	
435	789	
435	790	
435	791	
434	792	
435	793	
435	794	
436	795	
437	796	
436	797	
436	798	
435	799	
435	800	
435	801	
434	802	
435	803	
435	804	
435	805	
435	806	
435	807	
435	808	
435	809	
435	810	
435	811	
435	812	
435	813	
435	814	
435	815	
435	816	
434	817	
434	818	
435	819	
435	820	
435	821	
435	822	
434	823	
433	824	
435	825	
435	826	
435	827	
435	828	
435	829	
436	830	
436	831	
437	832	
436	833	
435	834	
435	835	
437	836	
437	837	
437	838	
436	839	
435	840	
435	841	
435	842	
435	843	
435	844	
435	845	
435	846	
435	847	
437	848	
438	848	
435	849	
435	850	
434	851	
433	852	
433	853	
433	854	
434	855	
435	856	
437	856	
435	857	
435	858	
434	859	
433	860	
437	861	
437	862	
435	863	
435	864	
434	865	
434	866	
433	867	
433	868	
437	869	
435	870	
437	871	
438	872	
437	873	
437	874	
435	875	
435	876	
437	877	
437	878	
433	879	
433	880	
433	881	
433	882	
435	883	
437	884	
433	885	
433	886	
433	887	
433	888	
433	889	
433	890	
433	891	
433	892	
435	893	
435	894	
433	895	
433	896	
433	897	
433	898	
434	899	
434	900	
433	901	
433	902	
433	903	
433	904	
431	905	
435	906	
435	907	
435	908	
433	909	
433	910	
431	911	
431	912	
435	913	
435	914	
433	951	
433	952	
435	953	
435	954	
433	955	
433	956	
433	957	
435	967	
435	971	
435	972	
443	1049	
