426	322	
426	323	
427	324	
427	325	
429	326	
428	327	
428	328	
428	329	
428	330	
428	331	
428	332	
428	333	
428	334	
428	335	
428	336	
428	337	
428	338	
428	339	
428	340	
428	341	
428	342	
428	343	
428	344	
428	345	
428	346	
428	347	
428	348	
428	349	
428	350	
428	351	
428	352	
428	353	
428	354	
428	355	
428	356	
428	357	
428	358	
427	359	
428	360	
428	361	
428	362	
428	363	
428	364	
428	365	
428	366	
428	367	
428	368	
427	369	
428	370	
428	371	
428	372	
427	373	
427	374	
426	375	
426	376	
426	377	
427	378	
427	379	
426	380	
426	381	
427	382	
428	383	
426	384	
426	385	
426	386	
426	387	
426	388	
426	389	
427	390	
427	391	
426	392	
426	393	
426	394	
426	395	
426	396	
426	397	
426	398	
426	399	
426	400	
426	401	
426	402	
426	403	
426	404	
426	405	
433	407	
435	408	
435	409	
435	410	
435	411	
435	412	
436	413	
437	414	
437	415	
436	416	
439	417	
439	418	
439	419	
437	420	
437	421	
438	422	
438	423	
438	424	
438	425	
437	426	
438	426	
438	427	
438	428	
438	429	
438	430	
438	431	
438	432	
438	433	
438	434	
439	435	
439	436	
438	437	
438	438	
439	439	
439	440	
439	441	
439	442	
439	443	
439	444	
439	445	
440	446	
440	447	
439	448	
439	449	
439	450	
438	451	
438	452	
438	453	
439	454	
439	455	
440	456	
439	457	
439	458	
439	459	
439	460	
439	461	
438	462	
440	463	
439	464	
439	465	
438	466	
439	466	
439	467	
439	468	
440	468	
438	469	
438	470	
438	471	
438	472	
438	473	
438	474	
439	474	
438	475	
438	476	
438	477	
438	478	
438	479	
439	479	
438	480	
437	481	
438	482	
438	483	
437	484	
438	485	
438	486	
437	487	
437	488	
437	489	
437	490	
437	491	
437	492	
438	493	
438	494	
436	495	
436	496	
436	497	
436	498	
436	499	
435	500	
436	501	
436	502	
435	503	
435	504	
435	505	
436	506	
436	507	
435	508	
434	509	
433	510	
433	511	
433	512	
433	513	
433	514	
434	515	
434	516	
434	517	
435	518	
434	519	
433	520	
433	521	
433	522	
434	523	
433	524	
434	524	
434	525	
433	526	
433	527	
435	527	
433	528	
435	529	
435	530	
434	531	
433	532	
434	533	
434	534	
434	535	
437	537	
437	538	
437	539	
441	540	
437	541	
437	542	
439	543	
441	544	
438	545	
438	546	
439	546	
439	547	
439	548	
439	549	
439	550	
439	551	
440	551	
440	552	
440	553	
439	554	
440	554	
440	555	
441	556	
441	557	
440	558	
440	559	
440	560	
440	561	
440	562	
440	563	
441	564	
443	565	
443	566	
442	567	
442	568	
442	569	
443	570	
443	571	
443	572	
443	573	
444	574	
443	575	
444	576	
443	577	
443	578	
443	579	
443	580	
443	581	
444	582	
445	583	
445	584	
445	585	
443	586	
443	587	
443	588	
443	589	
443	590	
445	591	
444	592	
445	592	
443	593	
443	594	
444	595	
446	596	
447	597	
446	598	
446	599	
445	600	
445	601	
445	602	
447	603	
446	604	
446	605	
443	606	
445	607	
445	608	
445	609	
445	610	
445	611	
445	612	
445	613	
445	614	
445	615	
445	616	
445	617	
445	618	
445	621	
445	622	
449	622	
449	623	
447	624	
446	625	
446	626	
447	627	
447	628	
447	629	
447	630	
449	631	
449	632	
449	633	
449	634	
447	635	
447	636	
447	637	
448	638	
447	639	
447	640	
447	641	
449	642	
449	643	
446	644	
446	645	
448	646	
448	647	
447	648	
447	649	
446	650	
447	650	
448	651	
448	652	
448	653	
446	654	
448	655	
448	656	
447	657	
446	658	
446	659	
446	660	
447	660	
447	661	
443	662	
444	663	
444	664	
444	665	
444	666	
444	667	
444	668	
443	669	
444	670	
443	671	
443	672	
444	673	
445	674	
445	675	
443	676	
443	677	
443	678	
443	679	
443	680	
443	681	
444	681	
445	682	
443	683	
443	684	
443	685	
443	686	
443	687	
444	688	
443	689	
443	690	
443	691	
443	692	
443	693	
443	694	
443	695	
443	696	
443	697	
443	698	
443	699	
447	700	
443	701	
445	702	
445	703	
445	704	
443	705	
443	706	
443	707	
445	708	
445	709	
445	710	
445	711	
445	712	
444	713	
443	714	
443	715	
443	716	
443	717	
444	718	
444	719	
444	720	
444	721	
445	722	
444	723	
443	724	
445	725	
445	726	
445	727	
445	728	
444	729	
443	730	
444	731	
445	732	
447	732	
445	733	
443	734	
443	735	
443	736	
443	737	
443	738	
444	739	
445	740	
445	741	
445	742	
443	743	
443	744	
443	745	
443	746	
443	747	
443	748	
443	749	
445	750	
443	751	
443	752	
443	753	
443	754	
443	755	
443	756	
443	757	
443	758	
443	759	
443	760	
444	760	
443	761	
446	762	
445	763	
445	764	
441	765	
441	766	
441	767	
441	768	
443	769	
443	770	
442	771	
441	772	
441	773	
442	774	
441	775	
441	776	
441	777	
441	778	
445	779	
441	780	
441	781	
441	782	
443	783	
443	784	
440	785	
441	786	
440	787	
439	788	
440	789	
439	790	
440	790	
439	791	
439	792	
439	793	
439	794	
439	795	
440	796	
439	797	
439	798	
439	799	
439	800	
439	801	
439	802	
439	803	
440	803	
440	804	
440	805	
440	806	
439	807	
439	808	
439	809	
439	810	
439	811	
439	812	
439	813	
439	814	
439	815	
439	816	
439	817	
439	818	
439	819	
439	820	
439	821	
439	822	
441	823	
441	824	
439	825	
439	826	
439	827	
438	828	
438	829	
439	830	
439	831	
439	832	
439	833	
439	834	
439	835	
439	836	
439	837	
439	838	
439	839	
439	840	
439	841	
439	842	
440	843	
439	844	
439	845	
439	846	
441	847	
440	848	
439	849	
439	850	
439	851	
440	852	
440	853	
440	854	
439	855	
440	856	
439	857	
438	858	
439	859	
439	860	
439	861	
439	862	
439	863	
440	864	
439	865	
439	866	
439	867	
439	868	
439	869	
443	870	
443	871	
442	872	
438	873	
439	874	
441	875	
441	876	
441	877	
441	878	
441	879	
441	880	
439	881	
439	882	
439	883	
439	884	
439	885	
441	886	
437	887	
437	888	
439	889	
439	890	
437	891	
437	892	
437	893	
437	894	
437	895	
439	896	
439	897	
437	898	
437	899	
437	900	
437	901	
438	901	
439	902	
437	903	
437	904	
437	905	
437	906	
437	907	
437	908	
437	909	
435	910	
439	911	
437	912	
437	913	
437	914	
437	915	
439	939	
443	1011	
445	1012	
445	1013	
445	1021	
445	1022	
444	1024	
444	1025	
455	1084	
