203	485	
203	486	
201	487	
202	488	
202	489	
203	490	
203	491	
203	492	
203	493	
203	494	
203	495	
203	496	
203	497	
201	498	
201	499	
201	500	
204	501	
204	502	
204	503	
204	504	
204	505	
204	506	
204	507	
205	508	
205	509	
201	510	
205	511	
202	512	
204	513	
204	514	
205	515	
205	516	
205	517	
206	518	
204	519	
203	520	
204	520	
204	521	
203	522	
206	523	
206	524	
206	525	
207	526	
206	527	
206	528	
206	529	
207	530	
207	531	
207	532	
207	533	
206	534	
206	535	
209	536	
209	537	
207	538	
207	539	
207	540	
208	541	
207	542	
207	543	
211	544	
212	545	
211	546	
211	547	
211	548	
210	549	
209	550	
209	551	
210	552	
211	553	
209	554	
209	555	
209	556	
209	557	
211	558	
211	559	
212	560	
211	561	
210	562	
210	563	
210	564	
209	565	
209	566	
210	567	
210	568	
210	569	
209	570	
209	571	
208	572	
207	573	
207	574	
207	575	
205	576	
206	577	
205	578	
205	579	
206	579	
205	580	
205	581	
206	582	
209	583	
209	584	
208	585	
208	586	
209	587	
209	588	
209	589	
205	590	
209	591	
209	592	
211	593	
215	594	
215	595	
215	596	
214	597	
212	598	
214	599	
214	600	
214	601	
214	602	
214	603	
214	604	
213	605	
216	606	
213	607	
215	608	
215	609	
215	610	
213	611	
213	612	
214	613	
214	614	
217	615	
211	616	
214	617	
214	618	
214	619	
215	620	
216	621	
216	622	
213	623	
213	624	
213	625	
214	625	
214	626	
215	627	
213	628	
213	629	
214	630	
213	631	
215	632	
215	633	
213	634	
211	635	
213	636	
213	637	
212	638	
212	639	
212	640	
212	641	
212	642	
212	643	
213	644	
213	645	
213	646	
213	647	
212	648	
213	648	
210	649	
210	650	
210	651	
212	652	
212	653	
210	654	
210	655	
210	656	
207	657	
207	658	
209	659	
211	659	
209	660	
210	661	
210	662	
210	663	
208	664	
211	664	
207	665	
211	666	
208	667	
208	668	
207	669	
207	670	
208	671	
208	672	
208	673	
207	674	
207	675	
207	676	
207	677	
206	678	
207	678	
207	679	
207	680	
208	680	
206	681	
207	682	
207	683	
203	684	
204	685	
203	686	
205	687	
205	688	
205	689	
205	690	
205	691	
204	692	
204	693	
204	694	
201	695	
203	696	
202	697	
203	698	
203	699	
203	700	
201	701	
201	702	
199	703	
203	703	
199	704	
201	705	
201	706	
201	707	
199	708	
199	709	
199	710	
199	711	
199	712	
117	728	
119	729	
119	730	
119	731	
211	1065	
