428	324	
428	325	
428	326	
429	327	
428	328	
428	329	
431	330	
432	331	
431	332	
429	333	
429	334	
430	334	
430	335	
430	336	
430	337	
430	338	
430	339	
430	340	
430	341	
430	342	
430	343	
430	344	
430	345	
430	346	
429	347	
430	348	
430	349	
430	350	
430	351	
430	352	
429	353	
430	354	
430	355	
430	356	
430	357	
429	358	
429	359	
429	360	
430	360	
431	361	
431	362	
431	363	
431	364	
431	365	
430	366	
431	366	
430	367	
429	368	
429	369	
429	370	
430	371	
429	372	
428	373	
428	374	
428	375	
428	376	
428	377	
428	378	
428	379	
428	380	
428	381	
428	382	
428	383	
428	384	
428	385	
428	386	
428	387	
428	388	
429	389	
427	390	
427	391	
428	392	
429	393	
429	394	
428	395	
428	396	
428	397	
427	398	
427	399	
429	400	
429	401	
428	402	
429	402	
426	403	
426	404	
427	405	
436	409	
438	410	
439	412	
439	413	
439	414	
439	415	
439	416	
440	416	
441	417	
438	418	
438	419	
438	420	
438	421	
438	422	
439	423	
440	423	
440	424	
440	425	
439	426	
439	427	
440	428	
439	429	
439	430	
439	431	
439	432	
439	433	
440	433	
440	434	
441	435	
441	436	
440	437	
439	438	
441	439	
441	440	
441	441	
441	442	
440	443	
440	444	
440	445	
440	446	
440	447	
440	448	
440	449	
440	450	
440	451	
440	452	
440	453	
440	454	
440	455	
440	456	
440	457	
440	458	
440	459	
441	460	
441	461	
440	462	
440	463	
440	464	
440	465	
440	466	
440	467	
441	468	
440	469	
440	470	
440	471	
439	472	
440	472	
439	473	
440	473	
440	474	
440	475	
440	476	
439	477	
439	478	
439	479	
440	480	
440	481	
440	482	
439	483	
441	484	
441	485	
441	486	
438	487	
438	488	
438	489	
438	490	
439	491	
438	492	
438	493	
438	494	
438	495	
437	496	
437	497	
437	498	
437	499	
437	500	
437	501	
436	502	
436	503	
436	504	
436	505	
436	506	
435	507	
435	508	
435	509	
435	510	
435	511	
435	512	
435	513	
434	514	
434	515	
434	516	
433	517	
434	517	
436	518	
433	519	
434	520	
433	521	
434	522	
434	523	
434	524	
434	525	
437	526	
433	527	
433	528	
433	529	
433	530	
435	531	
436	532	
435	533	
435	534	
435	535	
435	536	
435	537	
441	539	
441	540	
441	541	
441	542	
439	543	
439	544	
439	545	
439	546	
439	547	
439	548	
440	549	
440	550	
440	551	
441	552	
440	553	
443	554	
443	555	
440	556	
441	557	
441	558	
441	559	
441	560	
442	561	
443	561	
443	562	
441	563	
441	564	
441	565	
441	566	
441	567	
442	568	
442	569	
443	570	
444	570	
444	571	
443	572	
443	573	
445	574	
445	575	
444	576	
443	577	
444	578	
443	579	
443	580	
443	581	
443	582	
444	582	
444	583	
447	584	
446	585	
446	586	
445	587	
445	588	
445	589	
445	590	
445	591	
445	592	
445	593	
445	594	
446	594	
446	595	
446	596	
448	597	
449	598	
445	599	
445	600	
445	601	
445	602	
445	603	
445	604	
445	605	
449	606	
449	607	
448	608	
446	609	
446	610	
445	611	
445	612	
445	615	
451	616	
445	617	
445	618	
445	619	
445	621	
446	622	
447	623	
447	624	
449	624	
447	625	
447	626	
447	627	
447	628	
447	629	
450	629	
450	630	
450	631	
450	632	
447	633	
447	634	
447	635	
447	636	
447	637	
447	638	
449	639	
449	640	
448	641	
448	642	
448	643	
448	644	
449	645	
448	646	
448	647	
447	648	
447	649	
447	650	
447	651	
447	652	
447	653	
447	654	
448	654	
448	655	
447	656	
447	657	
446	658	
446	659	
450	660	
446	661	
445	662	
446	662	
446	663	
446	664	
444	665	
444	666	
444	667	
447	667	
448	668	
447	669	
447	670	
447	671	
444	672	
447	672	
448	673	
445	674	
445	675	
445	676	
445	677	
445	678	
445	679	
445	680	
443	681	
443	682	
447	683	
447	684	
445	685	
445	686	
445	687	
444	688	
447	689	
447	690	
447	691	
447	692	
445	693	
445	694	
445	695	
445	696	
445	697	
445	698	
445	699	
446	700	
447	701	
443	702	
445	703	
445	704	
445	705	
449	706	
445	707	
445	708	
445	709	
445	710	
445	711	
445	712	
445	713	
447	714	
445	715	
445	716	
445	717	
445	718	
445	719	
446	720	
447	721	
447	722	
445	723	
445	724	
445	725	
445	726	
448	727	
449	728	
445	729	
445	730	
445	731	
445	732	
445	733	
445	734	
445	735	
445	736	
445	737	
445	738	
449	739	
449	740	
445	741	
445	742	
445	743	
445	744	
445	745	
446	746	
449	747	
449	748	
445	749	
445	750	
445	751	
446	752	
446	753	
446	754	
445	755	
445	756	
443	757	
445	757	
443	758	
447	759	
443	760	
443	761	
444	762	
445	763	
447	764	
443	765	
443	766	
444	767	
445	768	
443	769	
443	770	
443	771	
443	772	
443	773	
442	774	
443	774	
442	775	
445	776	
445	777	
441	778	
441	779	
441	780	
441	781	
441	782	
441	783	
441	784	
442	785	
442	786	
443	787	
441	788	
441	789	
441	790	
441	791	
441	792	
441	793	
441	794	
441	795	
441	796	
441	797	
441	798	
442	799	
441	800	
441	801	
441	802	
442	802	
441	803	
442	804	
440	805	
440	806	
441	807	
444	808	
440	809	
443	810	
443	811	
439	812	
440	813	
441	814	
440	815	
439	816	
439	817	
440	818	
439	819	
439	820	
439	821	
440	822	
444	823	
443	824	
440	825	
439	826	
439	827	
440	828	
441	829	
441	830	
441	831	
443	832	
440	833	
441	834	
441	835	
441	836	
441	837	
443	838	
443	839	
443	840	
441	841	
441	842	
442	843	
441	844	
441	845	
441	846	
443	847	
443	848	
439	849	
440	850	
441	851	
441	852	
441	853	
442	854	
443	855	
443	856	
440	857	
440	858	
443	859	
443	860	
440	861	
439	862	
439	863	
439	864	
442	865	
443	865	
441	866	
441	867	
441	868	
439	869	
439	870	
439	871	
439	872	
439	873	
439	874	
439	875	
439	876	
439	877	
443	878	
443	879	
441	880	
443	880	
443	881	
439	882	
439	883	
439	884	
439	885	
439	886	
443	887	
443	888	
439	889	
439	890	
441	891	
440	892	
439	893	
439	894	
437	895	
437	896	
442	897	
440	898	
439	899	
440	899	
441	900	
441	901	
441	902	
441	903	
439	904	
439	905	
439	906	
439	907	
441	908	
441	909	
441	910	
437	911	
437	912	
437	913	
443	965	
445	1013	
445	1014	
445	1015	
445	1016	
445	1021	
447	1023	
445	1025	
459	1084	
457	1085	
