356	77	
430	327	
431	328	
431	329	
430	330	
430	331	
430	332	
430	333	
431	334	
431	335	
430	336	
431	336	
430	337	
430	338	
430	339	
430	340	
430	341	
430	342	
430	343	
430	344	
430	345	
430	346	
430	347	
431	348	
431	349	
431	350	
430	351	
430	352	
430	353	
430	354	
430	355	
430	356	
430	357	
430	358	
431	359	
430	360	
430	361	
430	362	
430	363	
430	364	
430	365	
430	366	
429	367	
430	368	
430	369	
430	370	
430	371	
430	372	
430	373	
431	374	
431	375	
431	376	
429	377	
429	378	
428	379	
429	379	
429	380	
429	381	
429	382	
428	383	
428	384	
429	385	
429	386	
430	386	
429	387	
428	388	
428	389	
428	390	
428	391	
428	392	
430	393	
429	394	
428	395	
428	396	
428	397	
428	398	
428	399	
428	400	
428	401	
428	402	
428	403	
429	404	
428	405	
436	409	
436	410	
437	411	
438	412	
438	413	
438	414	
438	415	
438	416	
438	417	
438	418	
438	419	
439	419	
439	420	
439	421	
441	422	
439	423	
440	423	
439	424	
439	425	
440	426	
440	427	
440	428	
440	429	
440	430	
440	431	
440	432	
439	433	
440	434	
440	435	
441	436	
441	437	
441	438	
440	439	
440	440	
440	441	
440	442	
442	443	
440	444	
440	445	
440	446	
441	447	
441	448	
442	449	
443	450	
443	451	
443	452	
442	453	
441	454	
442	454	
442	455	
441	456	
442	456	
441	457	
441	458	
441	459	
441	460	
441	461	
441	462	
441	463	
441	464	
440	465	
441	466	
441	467	
442	468	
442	469	
442	470	
440	471	
440	472	
440	473	
440	474	
441	475	
441	476	
441	477	
441	478	
440	479	
440	480	
440	481	
440	482	
440	483	
439	484	
439	485	
439	486	
439	487	
441	488	
442	489	
440	490	
439	491	
439	492	
440	493	
438	494	
438	495	
438	496	
438	497	
438	498	
438	499	
438	500	
438	501	
439	502	
436	503	
438	504	
436	505	
436	506	
435	507	
436	508	
436	509	
435	510	
435	511	
435	512	
435	513	
435	514	
436	514	
435	515	
435	516	
435	517	
434	518	
434	519	
433	520	
434	521	
434	522	
434	523	
434	524	
434	525	
434	526	
435	527	
435	528	
435	529	
435	530	
435	531	
435	532	
436	533	
437	533	
439	534	
439	535	
435	536	
439	537	
441	539	
441	540	
441	541	
439	542	
439	543	
439	544	
439	545	
439	546	
440	547	
443	548	
443	549	
441	550	
441	551	
441	552	
442	553	
442	554	
442	555	
443	556	
441	557	
441	558	
441	559	
441	560	
441	561	
443	562	
444	563	
445	564	
443	565	
442	566	
443	567	
444	568	
445	568	
443	569	
443	570	
443	571	
444	572	
444	573	
444	574	
445	575	
445	576	
446	577	
447	578	
446	579	
446	580	
445	581	
445	582	
445	583	
444	584	
445	584	
445	585	
445	586	
445	587	
445	588	
445	589	
445	590	
446	591	
446	592	
445	593	
445	594	
445	595	
445	596	
445	597	
445	598	
445	599	
446	600	
445	601	
446	602	
446	603	
449	604	
449	605	
447	606	
448	606	
447	607	
447	608	
445	609	
445	610	
445	611	
445	612	
447	613	
447	614	
445	616	
445	617	
445	618	
445	619	
449	620	
449	621	
447	622	
447	623	
447	624	
449	625	
449	626	
449	627	
449	628	
451	629	
451	630	
447	631	
447	632	
448	632	
448	633	
450	634	
451	634	
449	635	
447	636	
451	637	
451	638	
451	639	
452	640	
450	641	
449	642	
449	643	
448	644	
447	645	
447	646	
447	647	
447	648	
450	649	
447	650	
448	650	
448	651	
447	652	
447	653	
451	653	
448	654	
449	655	
449	656	
449	657	
447	658	
447	659	
448	660	
446	661	
445	662	
445	663	
445	664	
446	665	
446	666	
447	666	
446	667	
446	668	
445	669	
445	670	
445	671	
446	672	
447	673	
447	674	
444	675	
444	676	
446	677	
445	678	
445	679	
444	680	
445	681	
445	682	
445	683	
445	684	
445	685	
447	686	
447	687	
445	688	
445	689	
445	690	
445	691	
447	692	
445	693	
445	694	
446	695	
445	696	
445	697	
445	698	
445	699	
445	700	
445	701	
445	702	
445	703	
446	704	
445	705	
445	706	
445	707	
445	708	
445	709	
445	710	
449	711	
450	712	
445	713	
445	714	
445	715	
445	716	
445	717	
446	718	
446	719	
449	720	
446	721	
445	722	
445	723	
445	724	
445	725	
445	726	
447	727	
447	728	
449	729	
445	730	
445	731	
445	732	
445	733	
447	734	
447	735	
445	736	
447	737	
448	738	
448	739	
447	740	
446	741	
447	741	
446	742	
445	743	
449	744	
445	745	
445	746	
445	747	
445	748	
445	749	
445	750	
445	751	
445	752	
445	753	
445	754	
446	755	
447	756	
444	757	
445	758	
445	759	
447	760	
445	761	
445	762	
443	763	
443	764	
447	765	
447	766	
443	767	
443	768	
443	769	
443	770	
443	771	
447	772	
446	773	
443	774	
443	775	
443	776	
443	777	
443	778	
443	779	
443	780	
441	781	
441	782	
445	783	
445	784	
441	785	
441	786	
441	787	
442	788	
443	789	
444	790	
444	791	
443	792	
443	793	
444	794	
444	795	
444	796	
444	797	
444	798	
444	799	
441	800	
442	800	
444	800	
441	801	
441	802	
441	803	
441	804	
441	805	
441	806	
441	807	
441	808	
441	809	
441	810	
441	811	
441	812	
441	813	
441	814	
441	815	
441	816	
441	817	
443	817	
441	818	
443	819	
441	820	
441	821	
441	822	
442	823	
442	824	
442	825	
442	826	
441	827	
441	828	
441	829	
442	830	
441	831	
441	832	
441	833	
441	834	
441	835	
441	836	
441	837	
441	838	
441	839	
441	840	
441	841	
440	842	
441	843	
441	844	
441	845	
441	846	
444	847	
445	848	
441	849	
441	850	
441	851	
441	852	
441	853	
441	854	
441	855	
441	856	
441	857	
441	858	
441	859	
443	860	
443	861	
443	862	
441	863	
441	864	
441	865	
441	866	
440	867	
444	868	
444	869	
442	870	
442	871	
442	872	
441	873	
441	874	
441	875	
443	876	
443	877	
440	878	
440	879	
439	880	
439	881	
439	882	
443	883	
443	884	
441	885	
441	886	
441	887	
441	888	
439	889	
439	890	
439	891	
439	892	
439	893	
439	894	
439	895	
441	896	
441	897	
441	898	
441	899	
439	900	
439	901	
439	902	
439	903	
439	904	
439	905	
439	906	
437	907	
437	908	
439	909	
439	910	
439	911	
441	912	
441	913	
441	914	
441	969	
449	1019	
449	1025	
457	1083	
457	1084	
457	1085	
