430	326	
430	327	
430	328	
430	329	
430	330	
430	331	
430	332	
430	333	
430	334	
430	335	
431	336	
431	337	
430	338	
431	338	
431	339	
432	340	
432	341	
431	342	
431	343	
432	344	
433	345	
432	346	
432	347	
432	348	
432	349	
432	350	
433	351	
433	352	
430	353	
431	353	
431	354	
431	355	
431	356	
431	357	
431	358	
430	359	
433	360	
432	361	
433	361	
431	362	
430	363	
431	364	
432	365	
431	366	
431	367	
431	368	
430	369	
431	370	
431	371	
432	371	
431	372	
430	373	
430	374	
430	375	
430	376	
432	377	
431	378	
430	379	
430	380	
430	381	
430	382	
432	383	
431	384	
430	385	
430	386	
430	387	
430	388	
429	389	
429	390	
431	391	
431	392	
430	393	
430	394	
430	395	
429	396	
429	397	
430	398	
430	399	
431	400	
431	401	
431	402	
429	403	
429	404	
429	405	
438	408	
437	409	
438	410	
439	411	
438	412	
437	413	
438	413	
438	414	
439	415	
439	416	
440	417	
440	418	
440	419	
440	420	
441	421	
441	422	
441	423	
441	424	
443	425	
440	426	
440	427	
441	428	
442	429	
441	430	
441	431	
441	432	
441	433	
442	434	
442	435	
442	436	
442	437	
442	438	
442	439	
442	440	
442	441	
442	442	
442	443	
442	444	
442	445	
442	446	
442	447	
442	448	
441	449	
441	450	
442	451	
442	452	
442	453	
442	454	
442	455	
441	456	
441	457	
441	458	
442	459	
442	460	
442	461	
442	462	
442	463	
441	464	
441	465	
442	466	
442	467	
442	468	
441	469	
441	470	
441	471	
441	472	
442	473	
442	474	
442	475	
442	476	
441	477	
441	478	
440	479	
440	480	
440	481	
440	482	
440	483	
440	484	
441	484	
441	485	
441	486	
440	487	
440	488	
440	489	
440	490	
440	491	
440	492	
441	493	
441	494	
441	495	
441	496	
441	497	
440	498	
441	498	
440	499	
439	500	
438	501	
438	502	
438	503	
438	504	
439	505	
438	506	
438	507	
439	507	
439	508	
439	509	
438	510	
436	511	
436	512	
436	513	
436	514	
436	515	
436	516	
436	517	
436	518	
435	519	
435	520	
436	521	
436	522	
436	523	
435	524	
435	525	
435	526	
436	527	
436	528	
436	529	
436	530	
436	531	
437	532	
438	533	
439	534	
439	535	
437	536	
437	537	
437	538	
443	542	
443	543	
441	544	
441	545	
443	546	
441	547	
441	548	
441	549	
442	550	
443	551	
444	552	
445	552	
442	553	
442	554	
442	555	
443	555	
443	556	
443	557	
443	558	
443	559	
443	560	
444	560	
444	561	
443	562	
443	563	
443	564	
443	565	
444	566	
443	567	
443	568	
443	569	
447	570	
447	571	
447	572	
447	573	
445	574	
445	575	
446	576	
445	577	
446	578	
446	579	
446	580	
446	581	
445	582	
445	583	
447	584	
446	585	
446	586	
445	587	
445	588	
447	589	
448	590	
447	591	
447	592	
447	593	
447	594	
447	595	
447	596	
447	597	
447	598	
447	599	
447	600	
447	601	
447	602	
447	603	
447	604	
447	605	
447	606	
447	607	
447	608	
449	610	
447	611	
447	612	
447	613	
447	614	
447	615	
447	616	
447	617	
447	618	
447	619	
447	620	
447	621	
447	622	
447	623	
448	624	
448	625	
448	626	
448	627	
449	628	
449	629	
451	630	
449	631	
449	632	
449	633	
449	634	
449	635	
449	636	
449	637	
449	638	
449	639	
449	640	
449	641	
449	642	
450	643	
452	644	
453	645	
449	646	
449	647	
449	648	
449	649	
448	650	
450	651	
449	652	
449	653	
449	654	
450	655	
448	656	
448	657	
451	658	
448	659	
448	660	
448	661	
449	662	
449	663	
447	664	
447	665	
446	666	
447	666	
447	667	
446	668	
446	669	
447	670	
446	671	
446	672	
446	673	
447	674	
446	675	
446	676	
446	677	
446	678	
447	679	
448	680	
445	681	
445	682	
445	683	
445	684	
445	685	
445	686	
448	687	
448	688	
448	689	
445	690	
445	691	
445	692	
446	693	
449	694	
445	695	
445	696	
445	697	
445	698	
445	699	
449	700	
445	701	
445	702	
445	703	
445	704	
445	705	
447	706	
447	707	
447	708	
446	709	
445	710	
446	711	
447	712	
447	713	
448	714	
448	715	
447	716	
447	717	
447	718	
447	719	
447	720	
447	721	
450	722	
449	723	
449	724	
447	725	
447	726	
447	727	
447	728	
447	729	
447	730	
447	731	
445	732	
447	733	
447	734	
446	735	
450	736	
447	737	
447	738	
447	739	
447	740	
446	741	
446	742	
447	743	
447	744	
446	745	
445	746	
448	747	
447	748	
446	749	
446	750	
445	751	
445	752	
446	752	
445	753	
445	754	
445	755	
445	756	
445	757	
445	758	
445	759	
447	760	
445	761	
445	762	
445	763	
445	764	
447	765	
447	766	
447	767	
445	768	
445	769	
444	770	
445	770	
443	771	
444	771	
443	772	
443	773	
443	774	
443	775	
443	776	
444	777	
445	778	
443	779	
443	780	
443	781	
444	782	
445	783	
445	784	
445	785	
445	786	
445	787	
443	788	
443	789	
443	790	
442	791	
443	792	
443	793	
442	794	
442	795	
442	796	
441	797	
445	798	
442	799	
442	800	
442	801	
443	802	
443	803	
443	804	
443	805	
443	806	
443	807	
443	808	
443	809	
443	810	
443	811	
443	812	
442	813	
441	814	
442	814	
441	815	
441	816	
441	817	
442	818	
442	819	
442	820	
442	821	
442	822	
442	823	
443	824	
443	825	
443	826	
443	827	
442	828	
443	828	
443	829	
443	830	
443	831	
441	832	
442	832	
441	833	
441	834	
442	835	
442	836	
442	837	
441	838	
441	839	
441	840	
442	841	
444	842	
445	843	
445	844	
441	845	
441	846	
441	847	
445	848	
445	849	
441	850	
445	850	
442	851	
443	852	
443	853	
443	854	
443	855	
443	856	
442	857	
445	858	
442	859	
444	859	
442	860	
442	861	
441	862	
442	863	
442	864	
442	865	
443	866	
443	867	
443	868	
443	869	
443	870	
443	871	
443	872	
441	873	
441	874	
441	875	
441	876	
441	877	
441	878	
441	879	
441	880	
441	881	
441	882	
441	883	
441	884	
441	885	
441	886	
441	887	
441	888	
443	889	
443	890	
440	891	
441	892	
445	893	
445	894	
441	895	
441	896	
441	897	
441	898	
443	899	
443	900	
443	901	
441	902	
439	903	
439	904	
439	905	
439	906	
439	907	
439	908	
439	909	
439	910	
443	911	
443	912	
443	913	
443	914	
439	915	
449	1020	
449	1021	
447	1022	
447	1023	
447	1024	
447	1025	
447	1026	
447	1029	
447	1030	
453	1043	
459	1079	
