434	334	
434	335	
434	336	
434	337	
436	338	
437	339	
435	340	
434	341	
434	342	
434	343	
434	344	
435	345	
435	346	
436	347	
435	348	
437	349	
434	350	
434	351	
435	352	
435	353	
435	354	
435	355	
434	356	
435	357	
437	358	
437	359	
436	360	
436	361	
435	362	
435	363	
436	364	
435	365	
435	366	
435	367	
436	368	
436	369	
435	370	
434	371	
434	372	
435	373	
435	374	
434	375	
434	376	
434	377	
434	378	
434	379	
434	380	
434	381	
434	382	
434	383	
434	384	
434	385	
434	386	
434	387	
434	388	
434	389	
434	390	
434	391	
434	392	
434	393	
434	394	
434	395	
434	396	
434	397	
435	398	
435	399	
433	400	
433	401	
433	402	
434	403	
433	404	
433	405	
433	406	
442	408	
442	409	
443	410	
444	411	
443	412	
441	413	
442	414	
443	415	
444	416	
444	417	
444	418	
445	419	
444	420	
445	420	
446	420	
447	421	
447	422	
446	423	
444	424	
444	425	
444	426	
444	427	
445	428	
445	429	
445	430	
446	431	
446	432	
446	433	
446	434	
446	435	
448	436	
448	437	
447	438	
445	439	
445	440	
445	441	
445	442	
446	443	
446	444	
446	445	
446	446	
446	447	
446	448	
447	448	
446	449	
446	450	
446	451	
445	452	
446	453	
447	454	
445	455	
445	456	
445	457	
445	458	
446	459	
446	460	
446	461	
445	462	
445	463	
446	463	
446	464	
446	465	
446	466	
445	467	
446	467	
445	468	
446	468	
446	469	
446	470	
446	471	
445	472	
445	473	
445	474	
445	475	
445	476	
445	477	
446	477	
444	478	
444	479	
444	480	
445	481	
445	482	
445	483	
444	484	
444	485	
444	486	
444	487	
444	488	
444	489	
444	490	
444	491	
443	492	
443	493	
443	494	
443	495	
443	496	
443	497	
443	498	
443	499	
442	500	
442	501	
442	502	
442	503	
443	504	
443	505	
443	506	
441	507	
441	508	
440	509	
441	510	
441	511	
439	512	
439	513	
439	514	
440	515	
440	516	
440	517	
440	518	
439	519	
438	520	
441	521	
441	522	
441	523	
440	524	
440	525	
440	526	
440	527	
440	528	
440	529	
440	530	
440	531	
440	532	
440	533	
440	534	
440	535	
440	536	
440	537	
440	538	
440	539	
441	540	
441	541	
441	542	
445	548	
445	549	
445	550	
445	551	
445	552	
445	553	
446	554	
446	555	
446	556	
446	557	
446	558	
446	559	
449	560	
449	561	
449	562	
447	563	
449	563	
447	564	
447	565	
447	566	
447	567	
447	568	
447	569	
448	570	
448	571	
448	572	
449	573	
449	574	
450	575	
448	576	
448	577	
448	578	
448	579	
448	580	
448	581	
451	582	
450	583	
449	584	
449	585	
449	586	
450	587	
450	588	
449	589	
449	590	
450	591	
451	592	
450	593	
449	594	
450	595	
450	596	
451	597	
451	598	
451	599	
453	600	
453	601	
452	604	
449	605	
449	606	
449	607	
451	608	
451	609	
451	610	
450	611	
450	612	
449	613	
449	614	
449	615	
449	616	
451	617	
451	618	
450	619	
449	620	
452	621	
453	622	
453	623	
453	624	
451	625	
451	626	
451	627	
451	628	
451	629	
451	630	
451	631	
455	632	
453	633	
453	634	
452	635	
454	636	
452	637	
454	637	
453	638	
452	639	
451	640	
451	641	
452	642	
453	643	
453	644	
455	645	
455	646	
454	647	
452	648	
452	649	
453	650	
452	651	
451	652	
455	653	
455	654	
455	655	
452	656	
451	657	
452	657	
451	658	
451	659	
451	660	
451	661	
453	662	
452	663	
452	664	
451	665	
452	665	
451	666	
452	667	
452	668	
451	669	
449	670	
449	671	
450	672	
450	673	
450	674	
449	675	
449	676	
449	677	
453	678	
451	679	
451	680	
451	681	
451	682	
448	683	
449	684	
449	685	
449	686	
449	687	
449	688	
449	689	
450	689	
449	690	
449	691	
451	692	
451	693	
449	694	
449	695	
449	696	
449	697	
449	698	
450	699	
450	700	
449	701	
449	702	
449	703	
449	704	
449	705	
449	706	
449	707	
449	708	
449	709	
453	710	
449	711	
449	712	
449	713	
449	714	
449	715	
450	716	
450	717	
451	718	
451	719	
451	720	
451	721	
451	722	
451	723	
453	724	
449	725	
449	726	
452	727	
451	728	
451	729	
451	730	
449	731	
450	731	
449	732	
449	733	
450	734	
449	735	
449	736	
449	737	
449	738	
449	739	
451	740	
452	740	
453	741	
452	742	
451	743	
451	744	
451	745	
451	746	
449	747	
449	748	
449	749	
449	750	
449	751	
453	752	
449	753	
449	754	
449	755	
449	756	
449	757	
449	758	
449	759	
449	760	
449	761	
449	762	
449	763	
449	764	
447	765	
447	766	
451	767	
451	768	
447	769	
447	770	
449	771	
449	772	
449	773	
447	774	
447	775	
447	776	
447	777	
447	778	
446	779	
449	780	
446	781	
446	782	
446	783	
445	784	
445	785	
445	786	
448	787	
448	788	
449	788	
448	789	
446	790	
446	791	
445	792	
450	793	
450	794	
451	795	
446	796	
449	797	
449	798	
446	799	
447	800	
447	801	
447	802	
445	803	
445	804	
446	805	
446	806	
446	807	
445	808	
449	809	
449	810	
448	811	
446	812	
446	813	
446	814	
446	815	
445	816	
445	817	
445	818	
445	819	
445	820	
448	821	
448	822	
449	823	
449	824	
449	825	
449	826	
448	827	
445	828	
445	829	
445	830	
447	831	
446	832	
445	833	
445	834	
445	835	
445	836	
449	837	
450	838	
449	839	
449	840	
449	841	
449	842	
449	843	
449	844	
445	845	
445	846	
447	847	
447	848	
445	849	
445	850	
445	851	
445	852	
445	853	
445	854	
445	855	
445	856	
445	857	
445	858	
445	859	
445	860	
445	861	
449	862	
449	863	
445	864	
445	865	
445	866	
445	867	
445	868	
445	869	
445	870	
445	871	
445	872	
447	873	
445	874	
445	875	
445	876	
445	877	
445	878	
445	879	
445	880	
445	881	
449	882	
446	883	
447	884	
445	885	
445	886	
445	887	
445	888	
447	889	
447	890	
445	891	
445	892	
445	893	
447	894	
443	895	
443	896	
443	897	
443	898	
443	899	
443	900	
443	901	
443	902	
443	903	
443	904	
443	905	
443	906	
441	907	
441	908	
443	909	
443	910	
443	911	
443	912	
447	913	
447	914	
445	915	
445	916	
445	917	
453	1023	
453	1024	
453	1025	
451	1029	
451	1033	
