435	336	
436	337	
436	338	
436	339	
437	340	
438	341	
435	342	
435	343	
435	344	
435	345	
436	346	
436	347	
435	348	
435	349	
435	350	
437	351	
435	352	
435	353	
435	354	
436	355	
435	356	
436	356	
435	357	
436	358	
436	359	
435	360	
435	361	
435	362	
435	363	
435	364	
435	365	
435	366	
436	367	
436	368	
436	369	
435	370	
435	371	
436	372	
436	373	
436	374	
436	375	
435	376	
434	377	
437	378	
435	379	
434	380	
434	381	
434	382	
436	383	
435	384	
435	385	
435	386	
435	387	
434	388	
434	389	
434	390	
434	391	
434	392	
434	393	
434	394	
434	395	
434	396	
435	397	
436	397	
436	398	
436	399	
434	400	
433	401	
434	402	
434	403	
434	404	
434	405	
434	406	
441	408	
441	409	
442	410	
443	411	
442	412	
442	413	
442	414	
444	415	
443	416	
444	416	
445	417	
445	418	
446	419	
447	420	
447	421	
444	422	
444	423	
444	424	
447	425	
446	426	
445	427	
445	428	
446	429	
446	430	
446	431	
446	432	
445	433	
446	434	
446	435	
447	436	
446	437	
446	438	
446	439	
446	440	
446	441	
446	442	
446	443	
446	444	
446	445	
446	446	
446	447	
446	448	
446	449	
446	450	
446	451	
446	452	
446	453	
447	454	
449	455	
446	456	
445	457	
445	458	
445	459	
445	460	
446	461	
446	462	
446	463	
446	464	
445	465	
445	466	
446	467	
446	468	
446	469	
446	470	
446	471	
446	472	
446	473	
446	474	
445	475	
445	476	
445	477	
445	478	
446	479	
446	480	
445	481	
445	482	
446	483	
445	484	
444	485	
444	486	
444	487	
444	488	
444	489	
444	490	
444	491	
443	492	
443	493	
443	494	
444	495	
444	496	
445	496	
445	497	
442	498	
442	499	
443	500	
443	501	
443	502	
442	503	
442	504	
442	505	
441	506	
442	507	
442	508	
441	509	
441	510	
439	511	
439	512	
440	513	
440	514	
441	515	
440	516	
440	517	
439	518	
440	518	
440	519	
439	520	
441	521	
440	522	
440	523	
440	524	
440	525	
440	526	
439	527	
440	528	
441	529	
440	530	
440	531	
440	532	
440	533	
440	534	
440	535	
440	536	
443	537	
443	538	
442	539	
441	540	
442	541	
443	542	
443	543	
445	544	
445	545	
445	548	
447	549	
449	550	
445	551	
446	552	
446	553	
446	554	
447	555	
447	556	
446	557	
449	558	
449	559	
449	560	
449	561	
448	562	
448	563	
449	563	
447	564	
447	565	
447	566	
447	567	
447	568	
448	569	
448	570	
448	571	
448	572	
449	573	
449	574	
449	575	
449	576	
449	577	
449	578	
450	579	
449	580	
449	581	
449	582	
449	583	
449	584	
449	585	
450	585	
450	586	
449	587	
449	588	
453	589	
454	590	
453	591	
451	592	
449	593	
449	594	
449	595	
450	596	
450	597	
450	598	
449	599	
449	600	
449	601	
453	603	
449	604	
449	605	
449	606	
451	607	
451	608	
450	609	
449	610	
449	611	
451	612	
451	613	
450	614	
451	615	
452	616	
452	617	
451	618	
451	619	
451	620	
452	621	
452	622	
451	623	
451	624	
451	625	
451	626	
453	627	
453	628	
451	629	
451	630	
451	631	
454	632	
455	633	
455	634	
453	635	
453	636	
455	637	
455	638	
455	639	
453	640	
452	641	
451	642	
455	643	
455	644	
453	645	
454	645	
453	646	
453	647	
452	648	
455	649	
451	650	
452	650	
452	651	
453	652	
453	653	
455	654	
453	655	
453	656	
454	657	
455	658	
454	659	
453	660	
452	661	
451	662	
455	663	
451	664	
451	665	
452	666	
451	667	
451	668	
452	668	
452	669	
452	670	
452	671	
453	672	
453	673	
449	674	
449	675	
449	676	
449	677	
449	678	
450	678	
450	679	
449	680	
449	681	
449	682	
449	683	
449	684	
449	685	
449	686	
449	687	
449	688	
449	689	
450	690	
450	691	
450	692	
450	693	
449	694	
449	695	
449	696	
449	697	
450	698	
450	699	
451	700	
449	701	
449	702	
449	703	
449	704	
450	705	
450	706	
449	707	
449	708	
449	709	
452	710	
453	711	
451	713	
451	714	
451	715	
451	716	
453	717	
453	718	
451	719	
449	720	
450	721	
453	722	
453	723	
451	724	
450	725	
449	726	
450	727	
451	728	
451	729	
451	730	
449	731	
449	732	
453	733	
453	734	
449	735	
449	736	
450	736	
450	737	
451	738	
451	739	
451	740	
451	741	
451	742	
451	743	
451	744	
449	745	
449	746	
449	747	
449	748	
449	749	
449	750	
449	751	
449	752	
451	753	
451	754	
449	755	
449	756	
449	757	
449	758	
449	759	
449	760	
449	761	
451	762	
451	763	
451	764	
449	765	
449	766	
447	767	
447	768	
448	769	
449	770	
448	771	
447	772	
447	773	
447	774	
447	775	
447	776	
447	777	
447	778	
447	779	
447	780	
447	781	
447	782	
447	783	
447	784	
447	785	
447	786	
447	787	
447	788	
447	789	
447	790	
447	791	
448	792	
448	793	
449	794	
447	795	
447	796	
447	797	
448	798	
447	799	
448	800	
448	801	
448	802	
448	803	
447	804	
447	805	
447	806	
446	807	
449	808	
446	809	
446	810	
446	811	
445	812	
449	813	
449	814	
446	815	
445	816	
445	817	
445	818	
446	819	
447	820	
446	821	
445	822	
449	823	
449	824	
448	825	
447	826	
447	827	
447	828	
447	829	
447	830	
447	831	
449	832	
446	833	
445	834	
446	834	
449	835	
449	836	
449	837	
449	838	
449	839	
449	840	
447	841	
447	842	
447	843	
445	844	
445	845	
449	846	
449	847	
446	848	
445	849	
445	850	
446	851	
449	852	
445	853	
446	853	
446	854	
447	855	
447	856	
446	857	
446	858	
447	858	
448	859	
445	860	
445	861	
445	862	
445	863	
445	864	
445	865	
445	866	
445	867	
449	868	
447	869	
447	870	
448	871	
445	872	
445	873	
445	874	
445	875	
445	876	
445	877	
445	878	
446	879	
447	879	
447	880	
447	881	
445	882	
445	883	
445	884	
445	885	
445	886	
445	887	
445	888	
445	889	
445	890	
447	891	
447	892	
445	893	
445	894	
447	895	
443	896	
443	897	
443	898	
443	899	
443	900	
443	901	
443	902	
443	903	
443	904	
443	905	
444	906	
444	907	
443	908	
443	909	
443	910	
443	911	
443	912	
445	913	
445	914	
443	915	
443	916	
