438	338	
436	339	
436	340	
436	341	
436	342	
436	343	
436	344	
436	345	
436	346	
436	347	
436	348	
436	349	
436	350	
436	351	
436	352	
436	353	
437	354	
438	355	
436	356	
437	356	
436	357	
436	358	
436	359	
436	360	
436	361	
436	362	
436	363	
436	364	
437	365	
436	366	
437	367	
437	368	
437	369	
437	370	
436	371	
437	372	
436	373	
438	374	
436	375	
437	376	
437	377	
438	377	
438	378	
437	379	
436	380	
436	381	
436	382	
436	383	
436	384	
436	385	
436	386	
436	387	
436	388	
436	389	
436	390	
436	391	
436	392	
436	393	
436	394	
436	395	
436	396	
435	397	
436	398	
436	399	
436	400	
435	401	
435	402	
435	403	
437	404	
437	405	
434	406	
435	407	
443	409	
443	410	
442	411	
445	412	
445	413	
444	414	
444	415	
444	416	
444	417	
444	418	
447	419	
446	420	
445	421	
445	422	
447	423	
447	424	
446	425	
446	426	
446	427	
446	428	
446	429	
446	430	
447	431	
447	432	
446	433	
449	434	
447	435	
447	436	
447	437	
447	438	
448	439	
448	440	
448	441	
447	442	
449	443	
449	444	
448	445	
447	446	
447	447	
447	448	
446	449	
447	450	
448	451	
448	452	
448	453	
448	454	
447	455	
448	455	
447	456	
447	457	
447	458	
448	458	
448	459	
448	460	
447	461	
447	462	
447	463	
448	464	
448	465	
448	466	
448	467	
448	468	
446	469	
446	470	
448	471	
447	472	
448	473	
446	474	
446	475	
446	476	
446	477	
446	478	
446	479	
446	480	
446	481	
446	482	
447	483	
446	484	
446	485	
446	486	
446	487	
445	488	
446	489	
446	490	
447	491	
447	492	
445	493	
446	493	
445	494	
445	495	
445	496	
445	497	
444	498	
444	499	
444	500	
444	501	
444	502	
443	503	
444	504	
444	505	
443	506	
444	506	
443	507	
443	508	
443	509	
442	510	
442	511	
442	512	
441	513	
441	514	
441	515	
443	516	
443	517	
443	518	
440	519	
440	520	
440	521	
441	522	
443	523	
443	524	
443	525	
441	526	
441	527	
441	528	
441	529	
441	530	
441	531	
441	532	
441	533	
441	534	
442	535	
443	536	
443	537	
441	538	
441	539	
441	540	
442	541	
443	542	
443	543	
446	544	
447	548	
447	549	
447	550	
447	551	
447	552	
447	553	
447	554	
447	555	
449	556	
449	557	
449	558	
448	559	
449	560	
450	561	
450	562	
449	563	
449	564	
449	565	
448	566	
449	567	
449	568	
449	569	
449	570	
453	570	
449	571	
450	572	
450	573	
450	574	
450	575	
449	576	
449	577	
450	578	
450	579	
450	580	
450	581	
450	582	
450	583	
451	584	
451	585	
452	586	
451	587	
452	588	
452	589	
452	590	
452	591	
451	592	
451	593	
451	594	
451	595	
451	596	
453	597	
453	598	
453	599	
453	600	
451	601	
451	602	
449	603	
449	604	
449	605	
451	606	
451	607	
450	608	
451	609	
453	610	
451	611	
451	612	
453	613	
453	614	
453	615	
451	616	
451	617	
452	618	
452	619	
453	620	
453	621	
453	622	
453	623	
451	624	
452	624	
451	625	
453	626	
455	627	
455	628	
455	629	
454	630	
454	631	
453	632	
453	633	
454	634	
453	635	
453	636	
453	637	
455	638	
453	639	
453	640	
453	641	
453	642	
453	643	
454	644	
453	645	
453	646	
453	647	
453	648	
453	649	
453	650	
453	651	
455	652	
455	653	
457	654	
453	655	
453	656	
453	657	
453	658	
453	659	
453	660	
453	661	
453	662	
453	663	
453	664	
454	665	
452	666	
453	667	
453	668	
453	669	
451	670	
451	671	
451	672	
452	673	
452	674	
452	675	
451	676	
451	677	
452	677	
451	678	
451	679	
451	680	
451	681	
452	682	
450	683	
450	684	
450	685	
450	686	
452	686	
450	687	
452	687	
450	688	
451	689	
451	690	
452	691	
453	692	
453	693	
453	694	
451	695	
451	696	
452	697	
453	698	
451	699	
450	700	
449	701	
453	702	
453	703	
453	704	
451	705	
452	705	
453	705	
453	706	
453	707	
453	708	
453	709	
455	710	
451	711	
451	712	
451	713	
451	714	
451	715	
451	716	
451	717	
451	718	
451	719	
451	720	
451	721	
451	722	
451	723	
451	724	
451	725	
455	726	
455	727	
453	728	
451	729	
451	730	
451	731	
451	732	
451	733	
451	734	
451	735	
451	736	
451	737	
451	738	
451	739	
451	740	
451	741	
451	742	
451	743	
452	743	
455	744	
452	745	
450	746	
450	747	
453	748	
453	749	
450	750	
451	751	
451	752	
452	753	
449	754	
451	755	
451	756	
453	757	
453	758	
451	759	
451	760	
451	761	
449	762	
453	763	
453	764	
449	765	
449	766	
449	767	
449	768	
449	769	
449	770	
449	771	
449	772	
448	773	
448	774	
450	775	
450	776	
449	777	
448	778	
449	779	
451	780	
447	781	
447	782	
447	783	
447	784	
447	785	
447	786	
447	787	
449	788	
449	789	
449	790	
449	791	
447	792	
448	793	
448	794	
447	795	
447	796	
447	797	
447	798	
447	799	
447	800	
447	801	
447	802	
451	803	
448	804	
448	805	
447	806	
447	807	
447	808	
447	809	
447	810	
447	811	
448	812	
447	813	
447	814	
447	815	
447	816	
447	817	
447	818	
447	819	
447	820	
447	821	
447	822	
447	823	
447	824	
448	825	
447	826	
447	827	
447	828	
448	829	
449	830	
448	831	
447	832	
451	833	
451	834	
451	835	
447	836	
448	837	
448	838	
447	839	
447	840	
447	841	
447	842	
447	843	
447	844	
447	845	
447	846	
447	847	
449	848	
447	849	
447	850	
447	851	
447	852	
447	853	
447	854	
447	855	
447	856	
447	857	
447	858	
447	859	
447	860	
447	861	
447	862	
449	863	
449	864	
447	865	
447	866	
447	867	
447	868	
447	869	
448	870	
449	871	
448	872	
447	873	
447	874	
447	875	
447	876	
447	877	
447	878	
447	879	
446	880	
446	881	
446	882	
446	883	
445	884	
445	885	
445	886	
449	887	
449	888	
447	889	
447	890	
445	891	
445	892	
445	893	
445	894	
445	895	
445	896	
445	897	
445	898	
445	899	
445	900	
447	901	
445	902	
445	903	
445	904	
445	905	
447	906	
444	907	
446	908	
445	909	
447	910	
447	911	
447	912	
445	913	
445	914	
453	1030	
453	1031	
