370	67	
442	350	
441	351	
443	352	
444	353	
442	354	
442	355	
442	356	
442	357	
443	358	
443	359	
442	360	
442	361	
442	362	
441	363	
442	364	
441	365	
442	366	
442	367	
442	368	
442	369	
442	370	
442	371	
441	372	
441	373	
441	374	
442	375	
443	376	
441	377	
441	378	
441	379	
442	380	
442	381	
442	382	
442	383	
441	384	
441	385	
442	386	
442	387	
442	388	
442	389	
442	390	
441	391	
442	392	
442	393	
442	394	
442	395	
441	396	
441	397	
441	398	
441	399	
441	400	
441	401	
441	402	
440	403	
440	404	
441	405	
441	406	
442	407	
441	408	
441	409	
448	412	
448	413	
448	414	
451	415	
451	416	
449	417	
449	418	
450	418	
450	419	
450	420	
450	421	
451	422	
451	423	
451	424	
450	425	
451	426	
452	427	
452	428	
451	429	
451	430	
451	431	
451	432	
451	433	
451	434	
451	435	
452	436	
452	437	
452	438	
452	439	
452	440	
452	441	
452	442	
452	443	
452	444	
452	445	
453	446	
453	447	
452	448	
452	449	
452	450	
452	451	
452	452	
452	453	
452	454	
452	455	
452	456	
452	457	
452	458	
452	459	
452	460	
452	461	
452	462	
452	463	
452	464	
454	465	
452	466	
452	467	
452	468	
452	469	
451	470	
451	471	
452	472	
452	473	
452	474	
452	475	
452	476	
451	477	
452	478	
451	479	
451	480	
451	481	
452	481	
452	482	
451	483	
451	484	
452	485	
451	486	
451	487	
450	488	
450	489	
450	490	
450	491	
450	492	
450	493	
450	494	
449	495	
449	496	
449	497	
450	498	
450	499	
450	500	
449	501	
450	501	
450	502	
449	503	
449	504	
449	505	
447	506	
447	507	
449	508	
447	509	
447	510	
447	511	
449	512	
446	513	
446	514	
446	515	
446	516	
446	517	
445	518	
445	519	
444	520	
445	521	
445	522	
445	523	
445	524	
445	525	
445	526	
445	527	
445	528	
447	529	
448	530	
447	531	
447	532	
447	533	
447	534	
447	535	
449	536	
446	537	
446	538	
447	539	
447	540	
447	541	
447	542	
448	543	
449	544	
450	545	
450	546	
451	547	
450	548	
448	549	
448	550	
449	551	
449	552	
449	553	
451	554	
451	561	
451	562	
453	563	
453	564	
453	565	
453	566	
453	567	
453	568	
453	569	
453	570	
453	571	
453	572	
454	573	
456	574	
455	575	
455	576	
456	577	
457	578	
457	579	
456	580	
457	581	
457	582	
457	583	
457	584	
455	585	
455	586	
456	587	
457	587	
457	588	
457	589	
455	590	
455	591	
457	592	
457	593	
455	594	
455	595	
455	596	
455	597	
454	598	
457	599	
457	600	
453	601	
453	602	
454	603	
455	604	
455	605	
455	606	
455	607	
455	608	
455	609	
457	610	
457	611	
455	612	
461	620	
459	634	
457	637	
457	638	
459	639	
459	640	
457	641	
457	642	
457	643	
457	644	
457	645	
457	646	
457	647	
457	648	
457	649	
457	650	
458	651	
457	652	
458	652	
457	653	
458	654	
457	655	
457	656	
459	657	
459	658	
459	659	
457	660	
457	661	
457	662	
457	663	
457	664	
457	665	
457	666	
457	667	
456	668	
457	668	
456	669	
456	670	
455	671	
456	672	
455	673	
455	674	
455	675	
455	676	
456	677	
458	677	
458	678	
459	679	
459	680	
455	681	
455	682	
455	683	
455	684	
455	685	
456	686	
454	687	
454	688	
454	689	
457	690	
457	691	
457	692	
456	693	
455	694	
455	695	
456	696	
455	697	
456	697	
455	698	
456	699	
456	700	
456	701	
457	701	
455	702	
455	703	
455	704	
455	705	
455	706	
455	707	
455	708	
455	709	
455	710	
456	710	
456	711	
456	712	
455	713	
455	714	
455	715	
455	716	
455	717	
455	718	
455	719	
455	720	
455	721	
455	722	
455	723	
455	724	
459	725	
459	726	
457	727	
457	728	
457	729	
455	730	
455	731	
454	732	
455	732	
455	733	
455	734	
459	734	
455	735	
455	736	
455	737	
455	738	
457	738	
455	739	
455	740	
454	741	
455	742	
455	743	
455	744	
455	745	
455	746	
455	747	
455	748	
455	749	
455	750	
455	751	
455	752	
456	753	
457	754	
454	755	
455	756	
455	757	
457	758	
455	759	
455	760	
455	761	
455	762	
453	763	
453	764	
454	765	
455	765	
455	766	
454	767	
453	768	
453	769	
453	770	
456	771	
455	772	
454	773	
453	774	
453	775	
453	776	
456	777	
455	778	
452	779	
452	780	
453	780	
454	781	
455	782	
453	783	
452	784	
452	785	
453	786	
453	787	
453	788	
452	789	
453	789	
453	790	
453	791	
454	791	
453	792	
453	793	
456	794	
454	795	
454	796	
453	797	
453	798	
453	799	
455	800	
455	801	
455	802	
454	803	
454	804	
454	805	
455	806	
455	807	
451	808	
451	809	
451	810	
451	811	
453	812	
453	813	
453	814	
453	815	
454	816	
454	817	
454	818	
455	819	
451	820	
455	820	
451	821	
452	822	
455	823	
455	824	
452	825	
453	826	
453	827	
453	828	
453	829	
455	830	
455	831	
455	832	
451	833	
451	834	
453	835	
453	836	
454	837	
454	838	
454	839	
454	840	
451	841	
451	842	
452	842	
455	842	
454	843	
454	844	
453	845	
453	846	
453	847	
454	848	
451	849	
451	850	
455	851	
453	852	
453	853	
451	854	
452	855	
455	856	
451	857	
451	858	
453	859	
453	860	
451	861	
451	862	
451	863	
451	864	
452	865	
453	866	
451	867	
451	868	
451	869	
451	870	
451	871	
451	872	
451	873	
451	874	
451	875	
451	876	
451	877	
453	878	
452	879	
453	879	
452	880	
451	881	
451	882	
453	883	
453	884	
453	885	
453	886	
451	887	
451	888	
453	889	
453	890	
449	891	
449	892	
452	893	
451	894	
451	895	
451	896	
449	897	
449	898	
449	899	
449	900	
449	901	
449	902	
449	903	
449	904	
450	905	
451	906	
449	907	
449	908	
449	909	
449	910	
453	911	
453	912	
453	913	
449	914	
449	915	
449	916	
463	1031	
459	1033	
463	1043	
461	1044	
461	1045	
465	1054	
