378	78	
378	80	
450	370	
450	371	
450	372	
450	373	
452	374	
451	375	
450	376	
450	377	
450	378	
450	379	
450	380	
450	381	
450	382	
450	383	
451	384	
452	385	
451	386	
450	387	
450	388	
451	389	
450	390	
450	391	
450	392	
450	393	
450	394	
450	395	
450	396	
450	397	
450	398	
450	399	
450	400	
450	401	
450	402	
450	403	
450	404	
450	405	
450	406	
450	407	
450	408	
450	409	
450	410	
449	411	
449	412	
458	417	
459	418	
456	419	
459	420	
459	421	
459	422	
458	423	
458	424	
458	425	
459	426	
460	427	
459	428	
459	429	
460	430	
460	431	
459	432	
459	433	
459	434	
460	435	
460	436	
460	437	
460	438	
462	439	
462	440	
459	441	
459	442	
460	443	
460	444	
460	445	
460	446	
460	447	
460	448	
460	449	
460	450	
460	451	
460	452	
460	453	
460	454	
463	455	
463	456	
460	457	
460	458	
460	459	
460	460	
460	461	
460	462	
460	463	
460	464	
461	465	
461	466	
461	467	
460	468	
460	469	
460	470	
459	471	
460	472	
460	473	
462	474	
461	475	
462	475	
461	476	
460	477	
460	478	
460	479	
459	480	
459	481	
459	482	
459	483	
460	484	
460	485	
460	486	
460	487	
459	488	
459	489	
459	490	
458	491	
459	491	
458	492	
458	493	
458	494	
458	495	
457	496	
457	497	
457	498	
460	499	
460	500	
459	501	
456	502	
456	503	
457	504	
457	505	
457	506	
457	507	
457	508	
457	509	
457	510	
454	511	
455	512	
456	512	
457	513	
453	514	
453	515	
455	516	
454	517	
454	518	
453	519	
453	520	
454	521	
453	522	
453	523	
453	524	
454	525	
455	526	
455	527	
454	528	
455	529	
455	530	
455	531	
455	532	
455	533	
455	534	
455	535	
455	536	
456	537	
456	538	
456	539	
456	540	
456	541	
456	542	
456	543	
456	544	
456	545	
456	546	
456	547	
456	548	
456	549	
456	550	
457	551	
457	552	
457	553	
457	554	
457	555	
457	556	
458	556	
457	557	
458	557	
458	558	
457	559	
457	560	
457	561	
457	562	
457	563	
457	564	
458	565	
458	566	
458	567	
458	568	
459	569	
459	570	
459	571	
463	572	
461	573	
461	574	
460	575	
459	576	
460	577	
460	578	
459	579	
459	580	
459	581	
459	582	
459	583	
459	584	
459	585	
460	586	
459	587	
459	588	
459	589	
460	589	
460	590	
460	591	
460	592	
461	593	
461	594	
462	595	
462	596	
462	597	
462	598	
462	599	
461	600	
461	601	
461	602	
461	603	
462	604	
463	605	
460	606	
463	607	
463	608	
461	609	
462	610	
463	611	
462	612	
463	613	
463	614	
461	615	
462	616	
462	617	
462	618	
461	619	
463	620	
462	621	
461	622	
461	623	
461	624	
462	625	
461	626	
461	627	
462	628	
462	629	
461	630	
461	631	
461	632	
461	633	
461	634	
461	635	
461	636	
461	637	
461	638	
463	639	
463	640	
461	641	
461	642	
461	643	
461	644	
463	648	
463	649	
463	650	
463	651	
463	652	
463	653	
463	654	
463	655	
463	656	
465	657	
465	658	
465	659	
465	660	
465	661	
467	662	
463	663	
463	664	
463	665	
463	666	
463	667	
465	668	
463	669	
463	670	
463	671	
463	672	
465	672	
463	673	
463	674	
463	675	
467	676	
467	677	
465	679	
461	680	
461	681	
461	682	
461	683	
461	684	
461	685	
465	686	
465	687	
466	688	
461	689	
461	690	
461	691	
461	692	
461	693	
461	694	
463	695	
465	696	
461	697	
461	698	
461	699	
464	700	
465	701	
465	702	
465	703	
465	704	
465	705	
465	706	
463	707	
463	708	
465	709	
465	710	
462	711	
463	712	
463	713	
463	714	
463	715	
463	716	
461	717	
461	718	
461	719	
461	720	
463	721	
463	722	
463	723	
463	724	
461	725	
461	726	
462	727	
463	728	
463	729	
463	730	
463	731	
462	732	
461	733	
465	733	
461	734	
465	735	
465	736	
463	737	
463	738	
465	739	
461	740	
461	741	
461	742	
461	743	
461	744	
463	745	
464	746	
465	747	
465	748	
465	749	
463	750	
462	751	
461	752	
461	753	
461	754	
462	755	
462	756	
461	757	
462	758	
461	759	
461	760	
461	761	
461	762	
461	763	
461	764	
461	765	
461	766	
463	767	
464	768	
464	769	
462	770	
461	771	
462	772	
462	773	
461	774	
461	775	
461	776	
461	777	
463	778	
461	779	
461	780	
462	781	
463	782	
463	783	
461	784	
461	785	
461	786	
461	787	
461	788	
462	789	
462	790	
461	791	
462	791	
461	792	
461	793	
461	794	
461	795	
462	796	
461	797	
462	797	
461	798	
461	799	
461	800	
461	801	
463	802	
461	803	
461	804	
460	805	
459	806	
460	807	
461	808	
461	809	
461	810	
462	811	
463	812	
462	813	
461	814	
461	815	
461	816	
461	817	
461	818	
463	818	
460	819	
461	819	
461	820	
463	820	
463	821	
463	822	
463	823	
463	824	
461	825	
460	826	
460	827	
461	828	
461	829	
461	830	
461	831	
461	832	
461	833	
461	834	
461	835	
461	836	
463	837	
463	838	
461	839	
461	840	
461	841	
461	842	
461	843	
461	844	
461	845	
461	846	
461	847	
461	848	
462	849	
462	850	
460	851	
460	852	
463	853	
463	854	
461	855	
461	856	
463	857	
463	858	
459	859	
463	859	
459	860	
459	861	
459	862	
459	863	
459	864	
459	865	
459	866	
459	867	
461	868	
461	869	
460	870	
459	871	
459	872	
459	873	
459	874	
463	875	
463	876	
461	877	
461	878	
459	879	
459	880	
459	881	
463	882	
462	883	
459	884	
460	884	
459	885	
459	886	
459	887	
459	888	
457	889	
457	890	
457	891	
461	892	
457	893	
457	894	
457	895	
457	896	
457	897	
457	898	
457	899	
457	900	
457	901	
459	902	
457	903	
457	904	
459	905	
459	906	
461	907	
461	908	
459	909	
459	910	
467	997	
467	998	
473	1005	
473	1074	
