453	375	
452	378	
452	379	
451	380	
451	381	
451	382	
452	383	
452	384	
452	385	
453	386	
452	387	
451	388	
451	389	
452	390	
452	391	
452	392	
452	393	
452	394	
451	395	
451	396	
452	396	
451	397	
452	398	
452	399	
452	400	
452	401	
451	402	
452	403	
452	404	
451	405	
452	405	
451	406	
451	407	
451	408	
451	409	
453	410	
453	411	
453	412	
461	423	
460	424	
460	425	
460	426	
460	427	
461	428	
462	429	
462	430	
460	431	
460	432	
462	433	
461	434	
461	435	
461	436	
462	436	
462	437	
462	438	
462	439	
461	440	
462	441	
462	442	
462	443	
462	444	
462	445	
462	446	
462	447	
462	448	
462	449	
462	450	
462	451	
462	452	
462	453	
462	454	
463	455	
463	456	
463	457	
462	458	
461	459	
461	460	
462	461	
462	462	
462	463	
462	464	
462	465	
462	466	
462	467	
462	468	
462	469	
462	470	
463	470	
461	471	
461	472	
461	473	
461	474	
461	475	
462	476	
461	477	
461	478	
463	479	
462	480	
462	481	
462	482	
460	483	
460	484	
460	485	
460	486	
460	487	
460	488	
460	489	
461	490	
461	491	
460	492	
460	493	
459	494	
459	495	
460	496	
460	497	
461	498	
458	499	
460	500	
458	501	
460	501	
458	502	
457	503	
457	504	
457	505	
457	506	
457	507	
459	508	
456	509	
458	510	
457	511	
457	512	
455	513	
456	513	
455	514	
455	515	
454	516	
454	517	
454	518	
453	519	
454	520	
453	521	
453	522	
454	523	
455	524	
457	525	
457	526	
456	527	
455	528	
457	529	
457	530	
455	531	
455	532	
459	533	
459	534	
458	535	
457	536	
457	537	
457	538	
458	539	
459	540	
458	541	
458	542	
458	543	
460	544	
460	545	
458	546	
458	547	
458	548	
458	549	
458	550	
458	551	
461	552	
461	553	
461	554	
457	555	
458	556	
461	557	
463	558	
461	559	
461	560	
459	561	
459	562	
459	563	
461	564	
459	565	
459	566	
459	567	
460	568	
461	569	
461	570	
461	571	
461	572	
461	573	
462	573	
462	574	
461	575	
461	576	
460	577	
460	578	
460	579	
461	580	
462	581	
462	582	
462	583	
461	584	
461	585	
461	586	
462	587	
462	588	
462	589	
461	590	
462	591	
462	592	
462	593	
462	594	
462	595	
462	596	
462	597	
462	598	
462	599	
461	600	
462	601	
464	602	
465	602	
465	603	
464	604	
464	605	
464	606	
464	607	
464	608	
463	609	
463	610	
463	611	
465	612	
465	613	
465	614	
465	615	
464	616	
463	617	
463	618	
463	619	
463	620	
463	621	
464	622	
464	623	
464	624	
463	625	
463	626	
463	627	
463	628	
464	629	
464	630	
462	631	
462	632	
462	633	
462	634	
461	635	
461	636	
462	636	
461	637	
462	638	
462	639	
463	640	
463	641	
465	644	
463	648	
463	649	
463	650	
465	651	
465	653	
467	654	
467	655	
467	656	
467	657	
467	661	
467	662	
465	663	
463	664	
464	665	
465	666	
465	667	
465	668	
465	669	
465	670	
465	671	
463	672	
467	674	
467	675	
463	676	
463	677	
463	678	
463	679	
463	680	
463	681	
463	682	
463	683	
463	684	
463	685	
467	686	
463	687	
465	688	
465	689	
465	690	
465	691	
463	692	
465	692	
463	693	
463	694	
463	695	
464	696	
463	697	
463	698	
463	699	
463	700	
463	701	
465	702	
463	703	
463	704	
463	705	
463	706	
463	707	
463	708	
464	709	
463	710	
464	710	
463	711	
463	712	
463	713	
464	713	
463	714	
464	714	
463	715	
463	716	
463	717	
467	718	
467	719	
464	720	
467	721	
467	722	
463	723	
463	724	
463	725	
463	726	
463	727	
467	728	
463	729	
463	730	
463	731	
463	732	
463	733	
463	734	
463	735	
464	736	
463	737	
467	738	
463	739	
463	740	
463	741	
463	742	
467	743	
467	744	
465	745	
463	746	
463	747	
463	748	
463	749	
463	750	
465	751	
465	752	
465	753	
464	754	
464	755	
463	756	
463	757	
463	758	
463	759	
463	760	
463	761	
464	761	
463	762	
463	763	
463	764	
463	765	
463	766	
463	767	
463	768	
463	769	
463	770	
463	771	
463	772	
463	773	
465	774	
465	775	
463	776	
463	777	
464	778	
463	779	
463	780	
465	781	
465	782	
463	783	
463	784	
462	785	
462	786	
463	787	
463	788	
463	789	
464	790	
463	791	
464	792	
465	793	
465	794	
463	795	
463	796	
462	797	
462	798	
462	799	
462	800	
462	801	
462	802	
463	803	
463	804	
462	805	
461	806	
465	807	
465	808	
462	809	
461	810	
461	811	
461	812	
462	813	
465	814	
463	815	
464	815	
464	816	
463	817	
463	818	
461	819	
462	820	
463	821	
463	822	
464	823	
465	824	
465	825	
465	826	
464	827	
463	828	
463	829	
463	830	
465	831	
465	832	
465	833	
463	834	
465	834	
462	835	
461	836	
465	837	
465	838	
461	839	
461	840	
462	841	
464	842	
465	843	
462	844	
462	845	
462	846	
462	847	
461	848	
462	848	
464	848	
461	849	
465	849	
465	850	
465	851	
463	852	
463	853	
463	854	
461	855	
462	855	
461	856	
465	857	
461	858	
461	859	
461	860	
461	861	
461	862	
465	863	
465	864	
463	865	
462	866	
465	867	
461	868	
461	869	
461	870	
461	871	
461	872	
461	873	
465	874	
461	875	
464	876	
463	877	
463	878	
460	879	
459	880	
463	881	
463	882	
459	884	
463	884	
463	885	
459	886	
459	887	
459	888	
459	889	
459	890	
459	891	
459	892	
459	893	
459	894	
459	895	
457	896	
459	897	
459	898	
461	899	
461	900	
459	901	
459	902	
459	903	
458	904	
461	905	
461	906	
461	907	
461	908	
461	909	
461	910	
471	1001	
471	1002	
471	1003	
469	1005	
471	1036	
471	1038	
