456	383	
456	384	
455	385	
458	386	
458	387	
457	388	
455	390	
456	391	
456	392	
456	393	
456	394	
457	395	
456	396	
456	397	
455	398	
456	399	
456	400	
456	401	
456	402	
456	403	
456	404	
456	405	
456	406	
456	407	
456	408	
456	409	
456	410	
456	411	
456	412	
456	413	
456	414	
456	415	
456	416	
463	423	
463	424	
463	425	
464	426	
463	427	
463	428	
463	429	
464	430	
464	431	
464	432	
464	433	
464	434	
464	435	
464	436	
467	437	
467	438	
467	439	
467	440	
466	441	
466	442	
466	443	
466	444	
465	445	
465	446	
465	447	
465	448	
465	449	
465	450	
466	451	
466	452	
465	453	
465	454	
466	455	
466	456	
467	457	
467	458	
466	459	
466	460	
467	461	
466	462	
466	463	
465	464	
465	465	
465	466	
465	467	
465	468	
465	469	
465	470	
465	471	
465	472	
465	473	
465	474	
466	474	
465	475	
465	476	
465	477	
465	478	
465	479	
466	479	
465	480	
465	481	
464	482	
464	483	
464	484	
464	485	
464	486	
464	487	
464	488	
464	489	
464	490	
464	491	
464	492	
463	493	
463	494	
464	495	
465	496	
463	497	
463	498	
462	499	
462	500	
462	501	
462	502	
462	503	
462	504	
461	505	
461	506	
461	507	
462	507	
461	508	
461	509	
459	511	
461	512	
458	513	
458	514	
458	515	
459	516	
459	517	
459	518	
458	519	
458	520	
458	521	
458	522	
458	523	
457	524	
457	525	
458	525	
459	526	
459	527	
459	528	
461	529	
461	530	
461	531	
459	532	
459	533	
459	534	
459	535	
460	536	
461	537	
461	538	
461	539	
462	540	
461	541	
461	542	
461	543	
461	544	
462	545	
463	546	
463	547	
463	548	
462	549	
463	549	
463	550	
463	551	
463	552	
464	553	
465	554	
465	555	
464	556	
464	557	
463	558	
464	559	
464	560	
464	561	
464	562	
464	563	
463	564	
463	565	
463	566	
464	567	
467	568	
464	569	
464	570	
464	571	
464	572	
465	573	
465	574	
464	575	
464	576	
464	577	
464	578	
464	579	
463	580	
463	581	
464	582	
464	583	
464	584	
464	585	
465	586	
465	587	
465	588	
465	589	
465	590	
465	591	
466	592	
469	593	
469	594	
465	595	
466	596	
466	597	
466	598	
467	599	
467	600	
468	601	
469	602	
469	603	
467	604	
467	605	
468	606	
467	607	
467	608	
467	609	
467	610	
467	611	
465	612	
466	613	
467	614	
467	615	
467	616	
471	617	
466	618	
467	619	
467	620	
468	620	
468	621	
468	622	
468	623	
468	624	
469	625	
469	626	
468	627	
467	628	
469	629	
469	630	
469	631	
470	632	
469	633	
468	634	
467	635	
466	636	
466	637	
466	638	
467	639	
467	640	
467	641	
465	642	
466	643	
466	644	
465	645	
465	646	
467	647	
467	648	
465	649	
465	650	
467	651	
467	652	
467	653	
465	675	
465	676	
465	677	
465	678	
465	679	
467	680	
467	681	
467	684	
465	688	
465	689	
469	690	
465	691	
465	692	
465	693	
466	693	
469	693	
469	694	
469	695	
469	696	
469	697	
467	698	
467	699	
467	700	
467	701	
467	702	
467	703	
466	704	
467	705	
467	706	
467	707	
467	708	
467	709	
467	710	
467	711	
467	712	
467	713	
467	714	
467	715	
467	716	
467	717	
470	718	
469	719	
467	720	
467	721	
467	722	
467	723	
467	724	
467	725	
467	726	
467	727	
467	728	
467	729	
467	730	
467	731	
467	732	
467	733	
467	734	
468	735	
467	736	
470	737	
469	738	
469	739	
468	740	
468	741	
467	742	
467	743	
467	744	
467	745	
468	745	
467	746	
467	747	
467	748	
467	749	
467	750	
467	751	
467	752	
467	753	
467	754	
467	755	
467	756	
469	757	
469	758	
467	759	
467	760	
467	761	
467	762	
467	763	
468	764	
467	765	
467	766	
467	767	
467	768	
467	769	
467	770	
467	771	
467	772	
471	773	
470	774	
466	775	
465	776	
467	777	
467	778	
468	779	
468	780	
468	781	
468	782	
467	783	
465	784	
467	785	
467	786	
467	787	
466	788	
467	788	
466	789	
467	790	
467	791	
466	792	
467	793	
468	794	
468	795	
467	796	
468	797	
468	798	
467	799	
467	800	
467	801	
468	802	
465	803	
465	804	
465	805	
466	806	
465	807	
466	808	
467	809	
467	810	
465	811	
465	812	
465	813	
465	814	
465	815	
466	816	
466	817	
466	818	
467	819	
467	820	
465	821	
465	822	
465	823	
466	824	
465	825	
465	826	
465	827	
465	828	
465	829	
465	830	
465	831	
465	832	
465	833	
465	834	
465	835	
465	836	
465	837	
465	838	
467	839	
466	840	
465	841	
465	842	
465	843	
465	844	
465	845	
465	846	
465	847	
465	848	
469	849	
465	850	
465	851	
465	852	
465	853	
466	853	
469	854	
465	855	
465	856	
465	857	
467	858	
467	859	
467	860	
465	861	
465	862	
465	863	
467	864	
465	865	
465	866	
467	867	
467	868	
465	869	
465	870	
465	871	
465	872	
467	873	
467	874	
465	875	
465	876	
465	877	
465	878	
464	879	
463	880	
463	881	
463	882	
467	883	
467	884	
463	885	
463	886	
463	887	
463	888	
463	889	
463	890	
463	891	
463	892	
465	893	
465	894	
463	895	
463	896	
463	897	
463	898	
465	899	
465	900	
463	901	
463	902	
463	903	
465	904	
461	905	
461	906	
465	907	
465	908	
463	911	
475	1001	
473	1002	
473	1003	
473	1004	
474	1007	
477	1009	
477	1010	
475	1013	
475	1038	
475	1040	
475	1041	
477	1057	
477	1058	
477	1059	
