388	33	
384	69	
456	383	
456	384	
456	385	
456	386	
456	387	
455	388	
456	389	
456	390	
456	391	
456	392	
456	393	
456	394	
456	395	
456	396	
456	397	
456	398	
456	399	
456	400	
456	401	
456	402	
456	403	
458	403	
456	404	
456	405	
456	406	
456	407	
456	408	
456	409	
456	410	
456	411	
456	412	
456	413	
456	414	
456	415	
456	416	
462	423	
463	424	
464	425	
464	426	
465	427	
465	428	
464	429	
464	430	
464	431	
464	432	
465	433	
465	434	
465	435	
465	436	
465	437	
465	438	
465	439	
465	440	
465	441	
466	442	
466	443	
466	444	
466	445	
466	446	
466	447	
466	448	
466	449	
466	450	
467	451	
467	452	
467	453	
466	454	
466	455	
466	456	
466	457	
466	458	
466	459	
466	460	
466	461	
466	462	
466	463	
466	464	
466	465	
466	466	
466	467	
466	468	
466	469	
466	470	
466	471	
466	472	
466	473	
466	474	
466	475	
465	476	
465	477	
465	478	
465	479	
466	480	
466	481	
466	482	
465	483	
465	484	
465	485	
465	486	
465	487	
464	488	
464	489	
464	490	
464	491	
464	492	
464	493	
465	494	
464	495	
464	496	
464	497	
465	498	
465	499	
462	500	
463	501	
464	502	
463	503	
464	503	
462	504	
462	505	
461	506	
461	507	
461	508	
459	509	
460	509	
459	510	
461	511	
461	512	
459	513	
459	514	
458	515	
458	516	
458	517	
458	518	
458	519	
458	520	
458	521	
457	522	
457	523	
458	524	
461	525	
461	526	
459	527	
459	528	
459	529	
459	530	
461	531	
461	532	
461	533	
461	534	
461	535	
461	536	
462	537	
462	538	
462	539	
462	540	
463	541	
463	542	
463	543	
464	544	
464	545	
465	546	
465	547	
464	548	
464	549	
464	550	
464	551	
464	552	
464	553	
464	554	
464	555	
464	556	
464	557	
464	558	
464	559	
464	560	
465	561	
465	562	
464	563	
464	564	
464	565	
465	566	
464	567	
464	568	
465	569	
465	570	
464	571	
464	572	
464	573	
465	574	
465	575	
467	576	
467	577	
467	578	
465	579	
466	580	
466	581	
466	582	
467	583	
467	584	
467	585	
467	586	
467	587	
467	588	
468	588	
467	589	
467	590	
466	591	
467	591	
467	592	
468	593	
468	594	
467	595	
467	596	
467	597	
469	598	
469	599	
468	600	
470	600	
468	601	
468	602	
468	603	
469	604	
470	605	
469	606	
470	607	
469	608	
468	609	
468	610	
468	611	
468	612	
468	613	
468	614	
468	615	
468	616	
468	617	
468	618	
467	619	
467	620	
467	621	
467	622	
467	623	
467	624	
468	624	
468	625	
468	626	
468	627	
467	628	
467	629	
467	630	
467	631	
467	632	
467	633	
466	634	
465	635	
466	636	
466	637	
466	638	
465	639	
466	639	
466	640	
466	641	
466	642	
467	643	
467	644	
466	645	
466	646	
467	647	
467	648	
467	649	
465	650	
465	651	
465	652	
465	653	
465	672	
465	673	
467	674	
466	675	
469	676	
465	677	
465	678	
465	679	
467	680	
465	681	
465	682	
465	683	
469	684	
467	691	
469	692	
469	693	
469	694	
467	695	
467	696	
467	697	
471	698	
467	699	
467	700	
467	701	
467	702	
467	703	
467	704	
467	705	
467	706	
467	707	
467	708	
467	709	
467	710	
467	711	
467	712	
467	713	
467	714	
467	715	
467	716	
467	717	
468	718	
469	719	
469	720	
467	721	
468	721	
467	722	
468	723	
469	724	
469	725	
467	726	
468	727	
469	728	
468	729	
467	730	
468	730	
468	731	
467	732	
467	733	
467	734	
469	735	
469	736	
467	737	
466	738	
467	739	
467	740	
467	741	
469	742	
468	743	
467	744	
467	745	
467	746	
467	747	
467	748	
467	749	
467	750	
468	751	
468	752	
468	753	
471	754	
468	755	
467	756	
467	757	
469	758	
469	759	
469	760	
467	761	
467	762	
467	763	
467	764	
467	765	
467	766	
467	767	
467	768	
467	769	
468	770	
470	771	
471	772	
467	773	
466	774	
467	774	
467	775	
467	776	
467	777	
467	778	
467	779	
467	780	
467	781	
467	782	
467	783	
467	784	
467	785	
471	786	
470	787	
467	788	
467	789	
467	790	
468	791	
469	792	
467	793	
467	794	
467	795	
467	796	
467	797	
467	798	
467	799	
467	800	
467	801	
467	802	
467	803	
467	804	
467	805	
469	805	
466	806	
466	807	
467	808	
467	809	
467	810	
467	811	
467	812	
467	813	
467	814	
469	815	
469	816	
469	817	
466	818	
465	819	
465	820	
466	820	
469	821	
468	822	
470	822	
467	823	
467	824	
469	825	
469	826	
467	827	
467	828	
465	829	
465	830	
469	831	
469	832	
467	833	
467	834	
466	835	
465	836	
469	837	
469	838	
469	839	
469	840	
469	841	
469	842	
466	843	
465	844	
465	845	
465	846	
465	847	
467	848	
469	849	
469	850	
465	851	
465	852	
467	853	
467	854	
467	855	
469	856	
467	857	
467	858	
467	859	
467	860	
465	861	
465	862	
465	863	
465	864	
465	865	
465	866	
465	867	
465	868	
465	869	
465	870	
465	871	
465	872	
467	873	
467	874	
467	875	
467	876	
467	877	
465	878	
464	879	
464	880	
464	881	
467	882	
463	883	
463	884	
467	885	
467	886	
467	889	
467	890	
467	891	
467	892	
463	893	
463	894	
463	895	
463	896	
463	897	
463	898	
463	899	
465	900	
465	901	
465	902	
463	903	
463	904	
463	905	
463	906	
465	907	
465	908	
465	909	
473	1001	
475	1003	
479	1009	
479	1010	
475	1031	
483	1102	
