458	387	
458	389	
458	390	
459	391	
460	391	
458	392	
458	393	
458	394	
459	395	
458	396	
458	397	
458	398	
458	399	
458	400	
459	401	
459	402	
458	403	
459	404	
458	405	
458	406	
458	407	
457	408	
457	409	
458	410	
459	411	
460	412	
460	413	
459	414	
458	415	
457	416	
457	417	
457	418	
466	428	
467	429	
466	430	
466	431	
466	432	
468	433	
467	434	
468	434	
466	435	
466	436	
468	437	
468	438	
468	439	
467	440	
467	441	
467	442	
467	443	
468	444	
468	445	
468	446	
468	447	
468	448	
468	449	
467	450	
467	451	
468	452	
468	453	
468	454	
468	455	
468	456	
468	457	
468	458	
468	459	
468	460	
468	461	
468	462	
468	463	
468	464	
468	465	
469	465	
469	466	
469	467	
469	468	
467	469	
467	470	
468	471	
468	472	
468	473	
468	474	
467	475	
467	476	
467	477	
466	478	
466	479	
466	480	
466	481	
466	482	
466	483	
466	484	
466	485	
466	486	
466	487	
466	488	
466	489	
466	490	
466	491	
468	492	
467	493	
467	494	
467	495	
467	496	
465	497	
465	498	
464	499	
464	500	
464	501	
465	502	
465	503	
463	504	
462	505	
462	506	
462	507	
461	508	
461	509	
461	510	
463	511	
463	512	
459	513	
460	514	
459	515	
461	516	
462	517	
461	518	
460	519	
460	520	
460	521	
460	522	
461	523	
461	524	
462	525	
460	526	
460	527	
460	528	
460	529	
463	530	
463	531	
461	532	
461	533	
461	534	
463	536	
463	537	
463	538	
463	539	
463	540	
464	541	
464	542	
467	543	
467	544	
465	545	
465	546	
465	547	
467	548	
467	549	
465	550	
465	551	
466	552	
465	553	
465	554	
465	555	
465	556	
466	557	
466	558	
465	559	
466	559	
466	560	
466	561	
466	562	
465	563	
465	564	
466	565	
465	566	
465	567	
465	568	
466	569	
467	570	
466	571	
466	572	
466	573	
466	574	
467	574	
467	575	
467	576	
467	577	
467	578	
467	579	
467	580	
467	581	
467	582	
468	583	
467	584	
467	585	
469	586	
469	587	
469	588	
471	588	
470	589	
470	590	
470	591	
470	592	
467	593	
468	594	
471	595	
470	596	
470	597	
470	598	
470	599	
468	600	
471	601	
471	602	
470	603	
470	604	
470	605	
470	606	
469	607	
469	608	
469	609	
469	610	
469	611	
469	612	
469	613	
470	614	
469	615	
469	616	
469	617	
471	618	
470	619	
470	620	
470	621	
470	622	
471	623	
469	624	
470	624	
468	625	
469	626	
469	627	
469	628	
469	629	
469	630	
468	631	
468	632	
470	633	
469	634	
469	635	
469	636	
468	637	
468	638	
470	639	
468	640	
468	641	
467	642	
467	643	
467	644	
467	645	
467	646	
467	647	
467	648	
466	649	
467	650	
467	651	
468	651	
467	652	
467	653	
469	654	
469	655	
469	656	
469	657	
465	667	
465	668	
467	670	
467	671	
469	672	
469	673	
469	674	
466	675	
465	676	
467	677	
467	678	
467	679	
467	680	
467	681	
467	682	
467	683	
467	684	
467	685	
467	686	
467	687	
467	688	
467	689	
467	690	
467	693	
467	694	
467	695	
469	696	
467	697	
467	698	
471	699	
471	700	
471	701	
469	702	
469	703	
469	704	
468	705	
468	706	
469	707	
469	708	
469	709	
469	710	
469	711	
469	712	
470	713	
469	714	
470	714	
469	715	
469	716	
469	717	
469	718	
469	719	
469	720	
469	721	
470	721	
470	722	
469	723	
469	724	
469	725	
469	726	
471	727	
471	728	
469	729	
469	730	
469	731	
469	732	
469	733	
469	734	
469	735	
469	736	
469	737	
469	738	
471	739	
471	740	
469	741	
469	742	
469	743	
470	744	
469	745	
470	746	
471	746	
471	747	
471	748	
470	749	
469	750	
469	751	
469	752	
469	753	
471	754	
469	755	
469	756	
469	757	
470	758	
469	759	
469	760	
469	761	
469	762	
469	763	
469	764	
469	765	
469	766	
469	767	
469	768	
469	769	
469	770	
469	771	
469	772	
469	773	
469	774	
469	775	
469	776	
469	777	
470	778	
469	779	
468	780	
469	781	
469	782	
469	783	
469	784	
469	785	
469	786	
470	787	
470	788	
471	788	
471	789	
471	790	
470	791	
468	792	
468	793	
469	794	
469	795	
469	796	
469	797	
469	798	
468	799	
469	800	
471	801	
471	802	
468	803	
467	804	
467	805	
467	806	
471	807	
471	808	
471	809	
467	810	
467	811	
467	812	
467	813	
468	814	
471	815	
470	816	
469	817	
468	818	
467	819	
467	820	
471	821	
469	822	
469	823	
469	824	
467	825	
467	826	
467	827	
467	828	
467	829	
467	830	
468	831	
469	832	
469	833	
469	834	
469	835	
471	836	
467	837	
467	838	
468	839	
467	840	
467	841	
468	842	
467	843	
467	844	
467	845	
467	846	
467	847	
471	848	
471	849	
471	850	
467	851	
467	852	
467	853	
467	854	
467	855	
467	856	
468	857	
469	858	
469	859	
469	860	
469	861	
467	862	
467	863	
467	864	
469	865	
471	866	
469	867	
467	868	
467	869	
467	870	
467	871	
467	872	
467	873	
467	874	
465	875	
469	875	
465	876	
465	877	
465	878	
469	879	
469	880	
465	881	
465	882	
465	883	
465	884	
469	885	
467	886	
467	887	
467	888	
465	889	
465	890	
465	891	
465	892	
467	892	
467	893	
467	894	
463	895	
463	896	
465	897	
467	897	
465	898	
465	899	
465	900	
465	901	
466	901	
467	902	
465	903	
465	904	
467	905	
463	906	
463	907	
467	908	
477	999	
479	1001	
479	1005	
481	1011	
479	1015	
480	1015	
477	1037	
477	1038	
477	1039	
477	1040	
477	1041	
477	1042	
483	1071	
483	1072	
483	1079	
483	1080	
483	1084	
483	1085	
483	1086	
485	1089	
487	1090	
487	1091	
