388	61	
388	62	
388	66	
388	67	
388	68	
388	69	
388	70	
458	391	
460	394	
459	395	
460	396	
460	397	
460	398	
460	399	
459	400	
459	401	
461	402	
462	403	
460	404	
459	405	
459	406	
460	407	
459	408	
459	409	
460	410	
460	411	
460	412	
459	413	
460	413	
459	414	
459	415	
458	416	
458	417	
458	418	
468	429	
468	430	
468	431	
469	432	
469	433	
468	434	
467	435	
467	436	
468	437	
468	438	
468	439	
468	440	
468	441	
468	442	
468	443	
468	444	
468	445	
469	445	
471	446	
470	447	
470	448	
469	449	
470	450	
471	451	
471	452	
468	453	
470	454	
470	455	
470	456	
471	457	
468	458	
471	458	
471	459	
471	460	
471	461	
471	462	
470	463	
470	464	
470	465	
470	466	
469	467	
470	467	
469	468	
469	469	
471	470	
468	471	
469	472	
469	473	
469	474	
469	475	
469	476	
469	477	
469	478	
470	478	
470	479	
471	479	
468	480	
468	481	
468	482	
468	483	
468	484	
468	485	
468	486	
467	487	
468	487	
467	488	
468	488	
467	489	
467	490	
467	491	
468	492	
466	493	
466	494	
466	495	
466	496	
467	497	
467	498	
466	499	
465	500	
465	501	
466	501	
467	502	
467	503	
463	504	
463	505	
465	506	
465	507	
465	508	
465	509	
461	510	
461	511	
461	512	
461	513	
462	514	
462	515	
462	516	
462	517	
462	518	
462	519	
460	520	
462	520	
462	521	
462	522	
462	523	
463	524	
462	525	
461	526	
462	527	
462	528	
462	529	
462	530	
461	531	
462	532	
463	533	
463	534	
463	535	
463	536	
464	536	
467	537	
467	538	
467	539	
464	540	
467	541	
467	542	
465	543	
465	544	
465	545	
469	546	
469	547	
469	548	
467	549	
467	550	
466	551	
467	551	
466	552	
467	553	
468	554	
468	555	
468	556	
467	557	
467	558	
468	559	
467	560	
467	561	
468	562	
468	563	
469	564	
468	565	
469	565	
468	566	
468	567	
469	567	
469	568	
469	569	
467	570	
467	571	
468	572	
468	573	
468	574	
468	575	
468	576	
468	577	
469	578	
470	579	
470	580	
469	581	
469	582	
470	583	
470	584	
470	585	
469	586	
470	586	
470	587	
470	588	
470	589	
470	590	
470	591	
470	592	
471	593	
471	594	
471	595	
470	596	
470	597	
470	598	
471	599	
471	600	
471	601	
471	602	
471	603	
471	604	
471	605	
471	606	
471	607	
471	608	
471	609	
471	610	
471	611	
471	612	
471	613	
471	614	
471	615	
472	616	
471	617	
471	618	
471	619	
472	620	
472	621	
472	622	
471	623	
474	624	
473	625	
470	626	
470	627	
470	628	
470	629	
470	630	
470	631	
470	632	
470	633	
472	634	
471	635	
470	636	
469	637	
470	638	
471	638	
468	639	
468	640	
473	641	
470	642	
471	642	
468	643	
467	644	
468	644	
468	645	
468	646	
468	647	
467	648	
467	649	
467	650	
467	651	
467	652	
467	653	
466	654	
467	655	
468	656	
468	657	
470	658	
471	658	
466	659	
470	659	
467	660	
467	661	
468	662	
468	663	
469	664	
471	665	
467	666	
467	667	
467	668	
467	669	
469	670	
467	671	
467	672	
467	673	
467	674	
467	675	
467	676	
467	677	
467	678	
467	679	
467	680	
467	681	
467	682	
467	683	
467	684	
467	685	
467	686	
467	687	
467	688	
467	689	
467	690	
467	691	
469	692	
469	693	
469	694	
469	695	
469	696	
469	697	
469	698	
469	699	
469	700	
469	701	
469	702	
469	703	
473	704	
470	705	
469	706	
470	706	
471	706	
469	707	
469	708	
469	709	
469	710	
469	711	
469	712	
470	713	
470	714	
471	714	
471	715	
471	716	
470	717	
469	718	
469	719	
470	720	
471	721	
471	722	
469	723	
469	724	
473	725	
469	726	
469	727	
469	728	
473	729	
473	730	
469	731	
469	732	
473	733	
473	734	
471	735	
471	736	
471	737	
473	738	
469	739	
471	740	
471	741	
472	742	
472	743	
473	743	
474	744	
469	745	
469	746	
469	747	
472	748	
472	749	
471	750	
472	751	
472	752	
472	753	
472	754	
473	755	
469	756	
470	757	
471	758	
472	759	
473	760	
473	761	
473	762	
473	763	
471	764	
470	765	
471	765	
469	766	
473	767	
473	768	
469	769	
469	770	
472	771	
472	772	
472	773	
469	774	
469	775	
470	776	
469	777	
469	778	
469	779	
469	780	
469	781	
469	782	
471	783	
471	784	
471	785	
471	786	
470	787	
470	788	
469	789	
470	789	
469	790	
469	791	
470	792	
470	793	
470	794	
471	795	
471	796	
471	797	
469	798	
470	799	
470	800	
469	801	
469	802	
469	803	
469	804	
469	805	
470	806	
471	807	
472	808	
469	809	
469	810	
469	811	
469	812	
469	813	
469	814	
469	815	
469	816	
469	817	
469	818	
469	819	
469	820	
468	821	
469	822	
469	823	
469	824	
469	825	
469	826	
468	827	
468	828	
469	829	
469	830	
469	831	
473	832	
471	833	
471	834	
469	835	
469	836	
473	837	
473	838	
469	839	
469	840	
469	841	
469	842	
473	843	
473	844	
469	845	
469	846	
469	847	
469	848	
469	849	
469	850	
469	851	
468	852	
469	853	
470	854	
470	855	
469	856	
470	856	
471	857	
471	858	
471	859	
469	860	
470	860	
467	861	
469	862	
469	863	
469	864	
469	865	
468	866	
467	867	
471	868	
470	869	
469	870	
469	871	
467	872	
467	873	
467	874	
467	875	
467	876	
469	877	
469	878	
469	879	
469	880	
469	881	
467	882	
469	883	
469	884	
467	885	
465	886	
469	887	
469	888	
469	889	
466	890	
467	891	
465	892	
465	893	
465	894	
469	895	
469	896	
466	897	
466	898	
465	899	
465	900	
465	901	
465	902	
465	903	
465	904	
465	905	
465	906	
465	907	
465	908	
465	909	
465	910	
482	1007	
479	1013	
479	1014	
479	1015	
479	1016	
477	1031	
481	1038	
479	1039	
481	1039	
481	1053	
483	1055	
485	1057	
483	1058	
483	1059	
485	1063	
485	1067	
485	1068	
483	1070	
483	1071	
489	1078	
489	1079	
485	1080	
485	1081	
485	1082	
485	1083	
485	1084	
485	1085	
485	1086	
