392	44	
388	77	
462	396	
462	397	
461	398	
461	399	
461	400	
463	401	
460	402	
463	403	
460	404	
460	405	
460	406	
460	407	
460	408	
462	409	
462	410	
462	411	
461	412	
460	413	
460	414	
460	415	
460	416	
460	417	
460	418	
460	419	
460	420	
469	430	
468	431	
468	432	
468	433	
468	434	
468	435	
469	436	
470	437	
470	438	
470	439	
471	440	
471	441	
470	442	
471	442	
470	443	
469	444	
470	444	
470	445	
470	446	
470	447	
470	448	
470	449	
470	450	
470	451	
471	452	
470	453	
473	454	
470	455	
470	456	
470	457	
470	458	
470	459	
470	460	
470	461	
470	462	
470	463	
470	464	
471	465	
471	466	
470	467	
470	468	
470	469	
473	469	
473	470	
470	471	
470	472	
470	473	
471	473	
471	474	
470	475	
470	476	
470	477	
470	478	
469	479	
469	480	
470	481	
469	482	
469	483	
469	484	
471	485	
471	486	
471	487	
468	488	
468	489	
468	490	
468	491	
468	492	
468	493	
468	494	
468	495	
469	496	
467	497	
468	498	
469	499	
469	500	
467	501	
467	502	
466	503	
465	504	
465	505	
464	506	
463	507	
464	507	
464	508	
461	509	
461	510	
461	511	
462	512	
463	513	
463	514	
462	515	
462	516	
462	517	
462	518	
462	519	
462	520	
462	521	
465	522	
464	523	
465	523	
463	524	
462	525	
462	526	
464	527	
464	528	
464	529	
464	530	
464	531	
464	532	
464	533	
464	534	
464	535	
463	536	
465	537	
465	538	
466	539	
466	540	
466	541	
466	542	
466	543	
467	544	
468	545	
468	546	
467	547	
467	548	
467	549	
469	550	
470	551	
470	552	
468	553	
468	554	
471	555	
470	556	
470	557	
470	558	
470	559	
470	560	
470	561	
470	562	
470	563	
470	564	
471	564	
470	565	
470	566	
470	567	
470	568	
469	569	
471	570	
471	571	
471	572	
471	573	
470	574	
470	575	
470	576	
471	577	
471	578	
471	579	
471	580	
471	581	
471	582	
472	583	
472	584	
472	585	
471	586	
471	587	
472	588	
472	589	
472	590	
472	591	
472	592	
472	593	
472	594	
472	595	
472	596	
473	597	
474	598	
473	599	
471	600	
473	601	
473	602	
473	603	
474	604	
473	605	
474	606	
472	607	
471	608	
475	609	
474	610	
474	611	
472	612	
472	613	
472	614	
473	615	
473	616	
473	617	
473	618	
473	619	
473	620	
473	621	
473	622	
473	623	
474	624	
472	625	
473	626	
474	627	
475	628	
471	629	
471	630	
471	631	
471	632	
472	633	
474	634	
473	635	
473	636	
471	637	
474	638	
472	639	
471	640	
472	640	
471	641	
470	642	
469	643	
469	644	
469	645	
469	646	
469	647	
469	648	
470	649	
471	650	
470	651	
470	652	
469	653	
469	654	
470	655	
470	656	
468	657	
468	658	
467	659	
467	660	
468	661	
468	662	
472	663	
472	664	
468	665	
471	665	
467	666	
469	667	
469	668	
468	669	
467	670	
469	671	
469	672	
469	673	
469	674	
469	675	
469	676	
469	677	
469	678	
469	679	
469	680	
469	681	
469	682	
469	683	
469	684	
469	685	
469	686	
469	687	
473	688	
469	689	
469	690	
469	691	
469	692	
469	693	
473	694	
473	695	
469	696	
469	697	
469	698	
469	699	
471	701	
471	702	
471	703	
471	704	
471	705	
475	706	
473	707	
473	708	
471	709	
475	710	
473	711	
473	712	
471	713	
471	714	
472	715	
473	716	
472	717	
471	718	
471	719	
471	720	
471	721	
471	722	
471	723	
471	724	
471	725	
471	726	
471	727	
471	728	
471	729	
471	730	
471	731	
473	732	
472	733	
471	734	
471	735	
471	736	
471	737	
471	738	
471	739	
471	740	
471	741	
471	742	
471	743	
477	744	
471	745	
471	746	
471	747	
471	748	
471	749	
473	750	
473	751	
473	752	
472	753	
472	754	
471	755	
471	756	
471	757	
474	758	
474	759	
472	760	
473	761	
474	762	
472	763	
471	764	
471	765	
471	766	
472	767	
471	768	
471	769	
471	770	
471	771	
471	772	
471	773	
471	774	
471	775	
471	776	
472	777	
471	778	
471	779	
471	780	
471	781	
474	782	
474	783	
472	784	
471	785	
471	786	
471	787	
471	788	
475	789	
475	790	
475	791	
471	792	
471	793	
471	794	
471	795	
471	796	
471	797	
471	798	
471	799	
475	800	
473	801	
473	802	
471	803	
471	804	
471	805	
471	806	
471	807	
471	808	
471	809	
471	810	
471	811	
471	812	
471	813	
471	814	
471	815	
471	816	
471	817	
471	818	
471	819	
473	819	
471	820	
471	821	
471	822	
471	823	
471	824	
471	825	
475	826	
471	827	
473	828	
474	829	
474	830	
473	831	
473	832	
470	833	
470	834	
471	835	
471	836	
471	837	
471	838	
471	839	
469	840	
473	840	
473	841	
473	842	
475	843	
475	844	
469	845	
469	846	
469	847	
471	847	
471	848	
471	849	
472	850	
469	851	
469	852	
473	853	
473	854	
473	855	
470	856	
469	857	
469	858	
469	859	
469	860	
473	860	
469	861	
469	862	
469	863	
470	864	
471	865	
471	866	
471	867	
471	868	
471	869	
469	870	
469	871	
469	872	
469	873	
469	874	
469	875	
469	876	
469	877	
469	878	
470	878	
473	879	
473	880	
469	881	
467	882	
467	883	
467	884	
469	885	
471	886	
467	887	
467	888	
467	889	
467	890	
467	891	
467	892	
467	893	
467	894	
467	895	
467	896	
467	897	
467	898	
467	899	
467	900	
467	901	
467	902	
467	903	
467	904	
469	905	
469	906	
467	907	
467	908	
467	909	
467	910	
479	1003	
479	1004	
479	1005	
479	1006	
479	1007	
481	1009	
481	1010	
481	1043	
481	1044	
481	1045	
483	1049	
483	1050	
483	1051	
483	1054	
483	1055	
483	1058	
483	1059	
485	1066	
485	1067	
485	1068	
485	1069	
489	1070	
489	1071	
489	1081	
491	1083	
491	1086	
491	1087	
491	1088	
491	1102	
489	1103	
