462	405	
463	406	
464	407	
463	408	
464	408	
464	409	
464	410	
463	411	
464	411	
464	412	
464	413	
464	414	
464	415	
464	416	
464	417	
463	418	
463	419	
463	420	
464	421	
464	422	
464	423	
472	440	
472	441	
472	442	
472	443	
473	444	
474	445	
473	446	
474	447	
475	447	
473	448	
473	449	
473	450	
473	451	
474	452	
475	453	
475	454	
475	455	
473	456	
473	457	
473	458	
473	459	
473	460	
474	461	
474	462	
473	463	
473	464	
473	465	
474	466	
474	467	
474	468	
474	469	
474	470	
473	471	
473	472	
473	473	
473	474	
473	475	
472	476	
472	477	
472	478	
473	479	
473	480	
474	480	
474	481	
474	482	
472	483	
472	484	
472	485	
471	486	
471	487	
471	488	
471	489	
471	490	
471	491	
471	492	
471	493	
471	494	
471	495	
470	497	
471	497	
470	498	
467	505	
467	506	
465	507	
465	508	
464	509	
465	510	
466	511	
466	512	
465	513	
465	514	
465	515	
465	516	
465	517	
465	518	
466	519	
465	520	
465	521	
465	522	
465	523	
465	524	
465	525	
467	526	
467	527	
468	527	
467	528	
468	528	
467	529	
467	530	
467	531	
466	532	
467	533	
467	534	
467	535	
467	536	
467	537	
467	538	
467	539	
467	540	
469	541	
469	542	
469	543	
469	544	
470	545	
470	546	
470	547	
470	548	
470	549	
471	550	
473	550	
471	551	
471	552	
471	553	
471	554	
471	555	
471	556	
471	557	
474	558	
472	559	
472	560	
475	561	
475	562	
475	563	
475	564	
474	565	
474	566	
474	567	
475	568	
475	569	
474	570	
473	571	
473	572	
473	573	
474	574	
475	575	
474	576	
474	577	
474	578	
474	579	
475	580	
475	581	
475	582	
475	583	
476	584	
474	585	
474	586	
475	587	
475	588	
476	589	
477	590	
478	591	
477	592	
477	593	
476	594	
476	595	
475	596	
475	597	
475	598	
475	599	
475	600	
475	601	
476	601	
476	602	
478	603	
478	604	
478	605	
476	606	
478	606	
475	607	
475	608	
475	609	
475	610	
475	611	
475	612	
476	613	
475	614	
475	615	
475	616	
475	617	
475	618	
477	619	
477	620	
475	621	
475	622	
475	623	
477	624	
475	625	
475	626	
475	627	
475	628	
476	629	
477	630	
474	631	
473	632	
474	632	
473	633	
473	634	
474	635	
474	636	
474	637	
474	638	
473	639	
473	640	
473	641	
474	641	
474	642	
473	643	
474	644	
473	645	
471	646	
471	647	
471	648	
471	649	
471	650	
471	651	
471	652	
471	653	
471	654	
471	655	
471	656	
471	657	
471	658	
471	659	
471	660	
471	661	
473	662	
473	663	
473	664	
471	665	
472	665	
471	666	
471	667	
475	668	
471	669	
471	670	
471	671	
471	672	
471	673	
471	674	
471	675	
471	676	
471	677	
471	678	
474	679	
474	680	
474	681	
474	682	
471	683	
473	684	
471	685	
471	686	
471	687	
471	688	
471	689	
473	690	
471	691	
471	692	
471	693	
471	694	
471	695	
471	696	
471	697	
471	698	
471	699	
473	700	
473	701	
472	702	
475	703	
475	704	
473	705	
473	706	
473	707	
473	708	
473	709	
473	710	
473	711	
473	712	
473	713	
474	714	
473	715	
473	716	
475	717	
475	718	
473	719	
473	720	
473	721	
473	722	
477	722	
473	723	
473	724	
473	725	
477	726	
477	727	
477	728	
475	729	
475	730	
477	731	
473	732	
477	733	
475	734	
474	735	
474	736	
475	737	
475	738	
475	739	
475	740	
475	741	
477	742	
477	743	
478	744	
479	745	
475	746	
475	747	
475	748	
475	749	
475	750	
476	751	
477	752	
476	753	
476	754	
476	755	
476	756	
475	757	
475	758	
476	759	
478	760	
478	761	
477	762	
477	763	
476	764	
477	765	
475	766	
475	767	
481	768	
473	769	
473	770	
476	771	
476	772	
473	773	
476	773	
473	774	
473	775	
474	776	
474	777	
474	778	
474	779	
474	780	
476	781	
474	782	
474	783	
473	784	
473	785	
474	786	
474	787	
477	788	
478	789	
478	790	
477	791	
473	792	
474	793	
475	794	
475	795	
475	796	
474	797	
474	798	
475	799	
476	800	
476	801	
473	802	
473	803	
474	803	
475	804	
477	805	
476	806	
474	807	
475	807	
473	808	
477	809	
477	810	
473	811	
473	812	
473	813	
474	814	
473	815	
473	816	
473	817	
473	818	
473	819	
473	820	
473	821	
473	822	
476	823	
475	824	
474	825	
473	826	
473	827	
474	828	
474	829	
477	830	
476	831	
473	832	
476	833	
473	834	
473	835	
473	836	
475	837	
475	838	
473	839	
473	840	
475	841	
475	842	
475	843	
475	844	
473	845	
473	846	
473	847	
473	848	
473	849	
473	850	
475	851	
475	852	
473	853	
473	854	
473	855	
473	856	
473	857	
472	858	
472	859	
472	860	
473	861	
473	862	
475	863	
475	864	
471	865	
471	866	
473	867	
473	868	
471	869	
471	870	
474	871	
475	872	
475	873	
471	874	
471	875	
473	876	
473	877	
473	878	
471	879	
471	880	
471	881	
471	882	
471	883	
471	884	
471	885	
471	886	
471	887	
473	888	
473	889	
469	890	
472	891	
471	892	
473	893	
473	894	
473	895	
473	896	
471	897	
471	898	
469	899	
469	900	
469	901	
469	902	
471	903	
469	904	
469	905	
469	906	
471	907	
471	908	
485	1015	
487	1056	
487	1057	
487	1058	
487	1059	
489	1060	
489	1061	
