398	57	
398	63	
398	64	
398	65	
398	71	
398	72	
398	73	
398	74	
396	81	
396	82	
396	83	
396	84	
396	85	
466	419	
466	420	
468	421	
468	422	
468	424	
467	425	
467	426	
468	427	
468	428	
476	449	
476	450	
477	451	
477	452	
476	453	
476	454	
476	455	
476	456	
476	457	
476	458	
477	459	
477	460	
476	461	
477	462	
478	463	
478	464	
479	465	
479	466	
475	467	
475	468	
476	469	
476	470	
476	471	
476	472	
475	473	
476	474	
477	475	
477	476	
477	477	
476	478	
475	479	
475	480	
475	481	
475	482	
476	483	
476	484	
475	485	
475	486	
473	487	
473	488	
475	489	
475	490	
475	491	
468	502	
469	503	
469	504	
467	505	
467	506	
467	507	
469	508	
467	509	
471	510	
471	511	
471	512	
469	513	
470	514	
471	515	
470	516	
470	517	
470	518	
470	519	
470	520	
470	521	
470	522	
470	523	
470	524	
470	525	
470	526	
470	527	
473	528	
471	529	
471	530	
471	531	
471	532	
471	533	
471	534	
473	535	
473	536	
472	537	
471	538	
471	539	
471	540	
473	541	
473	542	
471	543	
472	544	
473	545	
473	546	
473	547	
477	548	
473	549	
474	550	
475	551	
475	552	
475	553	
475	554	
475	555	
475	556	
475	557	
475	558	
475	559	
479	560	
477	561	
477	562	
477	563	
477	564	
477	565	
477	566	
477	567	
477	568	
477	569	
479	570	
477	571	
478	572	
478	573	
478	574	
478	575	
478	576	
478	577	
478	578	
478	579	
478	580	
478	581	
479	582	
481	583	
481	584	
478	585	
479	586	
479	587	
481	588	
479	589	
483	590	
480	591	
480	592	
480	593	
480	594	
480	595	
479	596	
479	597	
479	598	
479	599	
479	600	
479	601	
479	602	
479	603	
480	604	
479	605	
479	606	
479	607	
479	608	
480	609	
481	610	
479	611	
479	612	
481	613	
481	614	
481	615	
479	616	
479	617	
479	618	
479	619	
479	620	
479	621	
481	622	
481	623	
479	624	
479	625	
477	626	
477	627	
477	628	
477	629	
479	631	
479	632	
479	633	
479	634	
479	635	
475	639	
475	640	
475	641	
479	642	
475	643	
476	644	
475	645	
475	646	
475	647	
475	648	
475	649	
475	650	
475	651	
476	652	
477	653	
478	654	
475	655	
475	656	
475	657	
475	658	
475	659	
477	659	
474	660	
475	661	
475	662	
475	663	
475	664	
475	665	
476	666	
473	667	
473	668	
475	669	
477	670	
475	671	
475	672	
475	673	
475	674	
475	675	
477	676	
475	677	
473	678	
478	679	
477	680	
475	681	
475	682	
475	683	
475	684	
475	685	
475	686	
475	687	
477	688	
475	689	
479	690	
479	691	
475	692	
475	693	
474	694	
475	695	
477	696	
478	697	
475	698	
475	699	
475	700	
475	701	
475	702	
475	703	
479	704	
477	705	
475	706	
475	707	
475	708	
475	709	
479	710	
477	711	
477	712	
477	713	
477	714	
477	715	
477	716	
477	717	
477	718	
477	719	
479	720	
477	721	
477	722	
477	723	
479	724	
477	725	
477	726	
477	727	
477	728	
477	729	
477	730	
477	731	
477	732	
477	733	
477	734	
479	735	
479	736	
479	737	
480	738	
479	739	
479	740	
479	741	
479	742	
479	743	
480	744	
480	745	
479	746	
479	747	
480	748	
482	749	
482	750	
480	751	
480	752	
480	753	
480	754	
480	755	
480	756	
481	757	
481	758	
481	759	
480	760	
481	761	
481	762	
480	763	
480	764	
483	765	
479	766	
483	766	
479	767	
479	768	
479	769	
479	770	
479	771	
481	772	
481	773	
479	774	
480	774	
479	775	
479	776	
479	777	
478	778	
482	779	
479	780	
479	781	
479	782	
479	783	
479	784	
479	785	
479	786	
479	787	
479	788	
479	789	
479	790	
480	791	
480	792	
480	793	
480	794	
478	795	
478	796	
477	797	
477	798	
478	799	
479	800	
479	801	
481	802	
481	803	
478	804	
477	805	
477	806	
477	807	
477	808	
481	809	
481	810	
481	811	
478	812	
481	813	
477	814	
477	815	
477	816	
477	817	
477	818	
477	819	
477	820	
477	821	
477	822	
477	823	
477	824	
477	825	
477	826	
481	827	
481	828	
481	829	
479	830	
477	831	
477	832	
477	833	
481	834	
476	835	
477	836	
477	837	
477	838	
477	839	
479	840	
479	841	
479	842	
477	843	
477	844	
479	845	
477	846	
477	847	
477	848	
475	849	
475	850	
479	850	
477	851	
479	851	
479	852	
479	853	
479	854	
479	855	
479	856	
475	857	
475	858	
477	859	
479	860	
479	861	
479	862	
479	863	
479	864	
475	865	
475	866	
475	867	
479	868	
477	869	
477	870	
477	871	
477	872	
477	873	
475	874	
475	875	
475	876	
475	877	
475	878	
475	879	
475	880	
475	881	
475	882	
477	884	
473	885	
473	886	
473	887	
473	888	
475	889	
475	890	
475	891	
475	892	
473	893	
473	894	
473	895	
473	896	
477	897	
475	898	
473	899	
473	900	
473	901	
473	902	
475	905	
491	1038	
491	1039	
491	1040	
489	1041	
495	1062	
495	1063	
491	1064	
491	1065	
493	1072	
495	1073	
