402	39	
402	40	
402	41	
398	83	
468	426	
468	427	
477	453	
477	454	
477	455	
479	456	
480	457	
480	458	
477	459	
477	460	
478	460	
477	461	
477	462	
478	463	
478	464	
477	465	
477	466	
477	467	
478	468	
478	469	
478	470	
477	471	
477	472	
478	473	
479	474	
477	478	
477	479	
477	480	
477	481	
477	482	
477	483	
476	484	
476	485	
475	486	
469	503	
470	504	
471	505	
471	506	
469	507	
469	508	
469	509	
471	510	
473	513	
473	514	
471	515	
471	516	
471	517	
471	518	
472	519	
472	520	
472	521	
471	522	
472	523	
472	524	
472	525	
471	526	
472	527	
473	528	
473	529	
473	530	
474	530	
473	531	
474	531	
474	532	
474	533	
474	534	
474	535	
474	536	
474	537	
474	538	
473	539	
473	540	
473	541	
473	542	
473	543	
475	543	
473	544	
473	545	
473	546	
476	547	
475	548	
475	549	
475	550	
477	551	
477	552	
476	553	
476	554	
479	555	
478	556	
478	557	
478	558	
478	559	
478	560	
477	561	
477	562	
479	563	
479	564	
477	565	
481	566	
477	567	
478	568	
479	569	
479	570	
479	571	
481	572	
479	573	
479	574	
480	575	
480	576	
479	577	
479	578	
479	579	
479	580	
479	581	
479	582	
479	583	
479	584	
479	585	
479	586	
479	587	
480	588	
480	589	
479	590	
483	591	
483	592	
484	592	
483	593	
479	594	
479	595	
483	596	
480	597	
479	598	
483	599	
483	600	
481	601	
483	603	
483	604	
483	605	
481	606	
481	607	
479	608	
481	609	
481	610	
479	611	
479	612	
479	613	
481	614	
481	615	
479	616	
479	617	
480	619	
479	620	
481	620	
479	621	
479	622	
481	624	
479	625	
479	626	
481	628	
481	629	
477	630	
477	633	
477	634	
477	635	
477	636	
477	637	
479	638	
479	639	
479	640	
479	641	
479	642	
479	643	
479	644	
479	645	
479	646	
477	647	
476	648	
477	649	
477	650	
477	651	
477	652	
477	653	
479	654	
476	655	
479	655	
475	656	
475	657	
476	657	
476	658	
475	659	
475	660	
475	661	
475	662	
475	663	
475	664	
475	665	
477	666	
477	667	
475	669	
475	670	
475	671	
481	672	
477	673	
477	674	
475	675	
475	676	
475	677	
475	678	
475	679	
475	680	
475	681	
475	682	
477	683	
477	684	
475	685	
475	686	
475	687	
475	688	
475	689	
479	690	
475	691	
475	692	
477	693	
477	694	
479	695	
479	696	
475	697	
475	698	
475	699	
479	700	
478	701	
477	702	
477	703	
476	704	
477	705	
477	706	
477	707	
477	708	
477	709	
477	710	
477	711	
477	712	
477	713	
479	714	
479	715	
479	716	
481	717	
481	718	
479	719	
477	720	
479	720	
479	721	
481	722	
481	723	
481	724	
479	725	
479	726	
479	727	
482	728	
479	729	
479	730	
479	731	
479	732	
480	733	
483	734	
480	735	
480	736	
480	737	
479	738	
480	739	
483	740	
483	741	
481	742	
481	743	
482	744	
482	745	
482	746	
481	747	
482	748	
482	749	
482	750	
481	751	
481	752	
485	752	
481	753	
482	754	
482	755	
481	756	
485	757	
484	758	
482	759	
484	759	
483	760	
483	761	
484	762	
484	763	
482	764	
482	765	
481	766	
482	766	
480	767	
479	768	
480	769	
481	770	
481	771	
481	772	
481	773	
481	774	
480	775	
481	775	
480	776	
481	777	
481	778	
481	779	
482	779	
481	780	
482	780	
482	781	
482	782	
482	783	
482	784	
482	785	
482	786	
483	786	
483	787	
480	788	
481	789	
481	790	
483	791	
483	792	
483	793	
483	794	
485	795	
481	796	
479	797	
479	798	
479	799	
481	800	
483	801	
483	802	
483	803	
481	804	
481	805	
479	806	
479	807	
479	808	
479	809	
479	810	
479	811	
479	812	
483	813	
483	814	
481	815	
481	816	
479	817	
479	818	
479	819	
477	820	
477	821	
477	822	
479	823	
479	824	
479	825	
479	826	
481	827	
481	828	
479	829	
478	830	
477	831	
483	832	
479	833	
479	834	
479	835	
479	836	
479	837	
477	838	
477	839	
477	840	
477	841	
477	842	
481	843	
481	844	
479	845	
479	846	
481	847	
481	848	
477	849	
477	850	
479	851	
479	852	
477	853	
477	854	
477	855	
477	856	
477	857	
477	858	
477	859	
477	860	
481	861	
481	862	
477	863	
477	864	
481	865	
481	866	
477	867	
477	868	
479	869	
479	870	
479	871	
477	872	
477	873	
477	874	
479	875	
479	876	
481	877	
481	878	
477	879	
477	880	
477	881	
477	882	
479	883	
479	884	
475	885	
475	886	
477	887	
477	888	
477	889	
475	890	
479	891	
479	892	
475	893	
475	894	
477	895	
477	896	
477	897	
473	901	
473	902	
477	903	
489	1039	
491	1053	
495	1061	
493	1062	
493	1063	
495	1070	
495	1071	
