400	80	
400	81	
400	82	
400	83	
400	84	
478	459	
478	460	
478	462	
478	463	
479	464	
479	465	
479	467	
479	468	
479	469	
479	470	
478	471	
478	472	
478	473	
478	479	
478	480	
478	481	
471	501	
471	502	
469	503	
469	504	
470	505	
471	506	
470	507	
469	508	
469	509	
470	510	
470	511	
469	512	
471	513	
471	514	
471	515	
471	516	
473	517	
473	518	
472	519	
473	520	
474	521	
475	522	
474	523	
474	524	
474	525	
474	526	
474	527	
474	528	
474	529	
474	530	
474	531	
474	532	
474	533	
476	534	
475	535	
476	535	
475	536	
474	537	
475	537	
474	538	
474	539	
475	540	
476	541	
477	542	
475	543	
475	544	
475	545	
477	546	
477	547	
477	548	
477	549	
479	550	
479	551	
479	552	
479	553	
479	554	
478	555	
477	556	
478	557	
478	558	
478	559	
479	560	
479	561	
480	562	
479	563	
479	564	
479	565	
480	566	
479	567	
479	568	
479	569	
480	570	
479	571	
479	572	
479	573	
480	574	
480	575	
481	575	
483	576	
483	577	
482	578	
482	579	
481	580	
481	581	
482	582	
481	583	
481	584	
481	585	
481	586	
481	587	
481	588	
481	589	
483	590	
483	591	
485	592	
481	593	
481	594	
481	595	
483	596	
483	597	
481	598	
481	599	
481	601	
482	601	
481	602	
481	603	
481	604	
483	605	
483	606	
483	607	
481	608	
483	609	
483	610	
481	611	
481	612	
481	613	
481	614	
483	615	
483	616	
483	617	
481	618	
480	619	
481	620	
482	620	
479	621	
479	622	
479	623	
481	632	
479	633	
479	634	
479	635	
479	636	
478	637	
477	638	
479	639	
479	640	
479	641	
479	642	
478	643	
477	644	
481	645	
481	646	
481	647	
477	648	
477	649	
477	650	
477	651	
477	652	
477	653	
477	654	
477	655	
477	656	
477	657	
477	658	
477	659	
479	660	
479	661	
479	662	
477	663	
477	664	
477	665	
479	666	
479	667	
477	669	
477	670	
475	671	
477	671	
479	672	
477	673	
477	674	
477	675	
481	676	
477	677	
479	678	
479	679	
477	680	
481	684	
483	686	
477	687	
481	688	
477	689	
477	690	
477	691	
477	692	
477	693	
477	694	
477	695	
477	696	
477	697	
477	698	
481	699	
481	700	
477	701	
477	702	
477	703	
479	704	
481	705	
481	706	
479	707	
479	708	
477	709	
477	710	
481	711	
481	712	
481	713	
479	714	
479	715	
479	716	
479	717	
479	718	
479	719	
479	720	
479	721	
481	722	
480	723	
479	724	
480	724	
479	725	
479	726	
480	727	
483	728	
483	729	
483	730	
481	731	
481	732	
481	733	
481	734	
481	735	
481	736	
481	737	
481	738	
481	739	
482	740	
482	741	
483	742	
484	743	
484	744	
484	745	
484	746	
484	747	
484	748	
484	749	
483	750	
483	751	
483	752	
487	752	
484	753	
483	754	
484	754	
483	755	
483	756	
483	757	
483	758	
484	758	
485	759	
485	760	
484	761	
484	762	
484	763	
484	764	
484	765	
483	766	
481	767	
481	768	
481	769	
482	770	
482	771	
483	772	
483	773	
483	774	
483	775	
483	776	
484	777	
484	778	
484	779	
484	780	
484	781	
485	782	
483	783	
483	784	
483	785	
483	786	
483	787	
483	788	
483	789	
483	790	
484	791	
484	792	
481	793	
481	794	
481	795	
481	796	
481	797	
481	798	
481	799	
481	800	
481	801	
481	802	
485	803	
485	804	
479	805	
479	806	
484	807	
484	808	
481	809	
481	810	
483	811	
483	812	
482	813	
481	814	
479	815	
479	816	
483	817	
483	818	
483	819	
479	820	
481	821	
481	822	
479	823	
479	824	
479	825	
483	826	
481	827	
481	828	
479	829	
479	830	
479	831	
481	832	
481	833	
481	834	
481	835	
481	836	
479	837	
479	838	
479	839	
479	840	
479	841	
481	843	
479	844	
479	845	
479	846	
479	847	
477	848	
477	849	
477	850	
481	851	
481	852	
477	853	
479	854	
479	855	
479	856	
479	857	
479	858	
481	859	
481	860	
479	861	
479	862	
479	863	
479	864	
481	865	
481	866	
481	867	
481	868	
477	869	
477	870	
481	871	
481	872	
479	873	
477	874	
477	875	
477	876	
479	877	
479	878	
477	879	
477	880	
477	881	
477	882	
479	883	
479	884	
476	885	
477	886	
477	887	
477	888	
477	889	
479	890	
479	891	
479	892	
477	893	
475	894	
479	895	
479	896	
475	897	
475	898	
475	899	
476	900	
479	901	
479	902	
477	903	
477	904	
475	905	
475	906	
493	1045	
493	1046	
493	1051	
499	1072	
499	1073	
497	1074	
497	1075	
