408	51	
406	65	
406	66	
406	67	
406	79	
473	497	
473	498	
474	498	
475	499	
475	500	
475	501	
473	502	
473	503	
473	504	
474	505	
473	506	
474	507	
474	508	
474	509	
477	510	
477	511	
475	512	
474	513	
474	514	
475	515	
476	516	
475	517	
475	518	
477	522	
479	523	
479	524	
479	525	
481	526	
479	527	
479	528	
480	529	
481	530	
480	531	
480	532	
480	533	
478	534	
478	535	
478	536	
479	537	
479	538	
481	538	
482	539	
479	540	
480	541	
479	542	
479	543	
479	544	
479	545	
479	546	
479	547	
479	548	
479	549	
479	550	
479	551	
479	552	
479	553	
479	554	
483	561	
483	562	
483	565	
483	566	
483	567	
483	568	
483	569	
484	570	
483	571	
484	572	
483	573	
483	574	
485	575	
485	576	
484	577	
483	578	
483	579	
485	580	
485	581	
485	582	
485	588	
487	589	
487	590	
483	591	
485	592	
483	593	
483	594	
487	595	
485	597	
485	598	
487	599	
483	600	
483	601	
483	602	
487	603	
487	604	
487	612	
485	614	
481	628	
481	631	
481	632	
481	635	
481	636	
481	637	
481	638	
481	639	
481	641	
481	642	
481	643	
484	644	
481	645	
481	646	
481	647	
481	648	
483	652	
480	659	
479	660	
479	661	
479	662	
479	663	
480	663	
483	664	
481	665	
481	666	
479	667	
479	668	
479	669	
479	670	
479	671	
483	672	
482	673	
481	674	
480	675	
480	676	
480	677	
481	678	
483	679	
483	680	
481	681	
480	682	
480	683	
480	684	
479	685	
480	685	
479	686	
480	687	
482	688	
482	689	
482	690	
482	691	
482	692	
481	693	
481	694	
481	695	
483	696	
483	697	
483	698	
483	699	
483	700	
483	701	
483	702	
483	703	
483	704	
482	705	
485	706	
485	707	
485	708	
485	709	
483	710	
483	711	
483	712	
483	713	
483	714	
484	715	
484	716	
483	717	
484	717	
486	718	
486	719	
483	720	
483	721	
484	721	
484	722	
487	723	
487	724	
487	725	
484	726	
484	727	
484	728	
486	729	
486	730	
485	731	
486	731	
486	732	
486	733	
487	734	
487	735	
487	736	
487	737	
487	738	
488	739	
488	740	
488	741	
489	742	
490	743	
491	743	
489	744	
488	745	
488	746	
489	747	
489	748	
493	748	
490	749	
490	750	
489	751	
489	752	
492	753	
489	754	
489	755	
489	756	
490	757	
490	758	
490	759	
490	760	
489	761	
490	761	
489	762	
490	762	
489	763	
489	764	
490	764	
487	765	
487	766	
487	767	
487	768	
487	769	
487	770	
487	771	
491	772	
491	773	
491	774	
488	775	
488	776	
488	777	
487	778	
488	779	
488	780	
489	781	
488	782	
490	783	
491	784	
490	785	
490	786	
489	787	
488	788	
488	789	
488	790	
488	791	
488	792	
491	793	
491	794	
491	795	
489	796	
486	797	
486	798	
489	799	
487	800	
485	801	
485	802	
485	803	
487	804	
489	805	
489	806	
486	807	
485	808	
487	809	
487	810	
485	811	
485	812	
487	813	
487	814	
485	815	
485	816	
483	817	
483	818	
483	819	
483	820	
483	821	
483	822	
483	823	
483	824	
483	825	
483	826	
483	827	
483	828	
487	829	
487	830	
483	831	
483	832	
483	833	
483	834	
483	835	
483	836	
485	837	
485	838	
485	839	
484	840	
481	841	
481	842	
481	843	
481	844	
481	845	
481	846	
485	847	
485	848	
481	849	
481	850	
481	851	
485	852	
481	853	
481	854	
481	855	
481	856	
481	857	
485	858	
483	859	
483	860	
481	861	
481	862	
485	863	
485	864	
485	865	
481	866	
481	867	
481	868	
483	869	
483	870	
481	871	
481	872	
481	873	
481	874	
481	875	
482	875	
481	876	
481	877	
481	878	
481	882	
481	883	
480	884	
483	885	
484	886	
481	887	
481	888	
481	889	
483	890	
481	891	
481	892	
479	893	
479	894	
479	895	
479	896	
499	1043	
499	1044	
497	1045	
499	1046	
499	1047	
501	1049	
499	1051	
503	1073	
503	1074	
503	1081	
503	1082	
503	1083	
503	1090	
505	1094	
