134	40	
134	41	
132	49	
132	53	
132	56	
132	57	
132	58	
132	59	
132	60	
207	477	
207	478	
207	479	
207	480	
208	481	
205	482	
209	482	
209	483	
209	484	
209	485	
209	486	
207	487	
207	488	
207	489	
207	490	
207	491	
207	492	
207	493	
207	494	
207	495	
208	496	
208	497	
208	498	
209	499	
209	500	
207	501	
211	502	
211	503	
210	504	
211	504	
210	505	
211	506	
211	507	
211	508	
211	509	
211	510	
211	511	
211	512	
211	513	
212	514	
213	515	
213	516	
213	517	
212	518	
212	519	
213	519	
212	520	
213	521	
212	522	
212	523	
212	524	
213	525	
213	526	
213	527	
213	528	
213	529	
213	530	
214	531	
215	532	
215	533	
213	534	
213	535	
214	536	
214	537	
214	538	
217	539	
216	540	
213	541	
213	542	
214	543	
215	544	
215	545	
216	546	
215	547	
215	548	
215	549	
216	550	
215	551	
218	552	
215	553	
215	554	
215	555	
219	556	
219	557	
219	558	
219	559	
219	560	
217	561	
219	562	
218	563	
218	564	
218	565	
217	566	
217	567	
218	568	
218	569	
218	570	
216	571	
217	572	
215	573	
215	574	
215	575	
215	576	
216	577	
217	578	
217	579	
215	580	
215	581	
217	582	
217	583	
221	584	
221	585	
221	586	
221	587	
222	588	
221	589	
221	590	
220	591	
221	591	
220	592	
223	593	
223	594	
222	595	
222	596	
221	597	
221	598	
222	599	
225	600	
223	601	
222	602	
222	603	
222	604	
222	605	
225	605	
225	606	
225	607	
225	608	
225	609	
225	610	
225	611	
224	612	
224	613	
222	614	
224	614	
224	615	
224	616	
223	617	
224	618	
225	619	
225	620	
223	621	
223	622	
222	623	
222	624	
223	625	
223	626	
223	627	
223	628	
223	629	
222	630	
222	631	
222	632	
222	633	
222	634	
222	635	
221	636	
220	637	
219	638	
223	639	
223	640	
222	641	
223	642	
222	643	
221	644	
220	645	
220	646	
220	647	
219	648	
219	649	
219	650	
219	651	
219	652	
218	653	
218	654	
217	655	
217	656	
216	657	
215	658	
216	658	
217	658	
215	659	
218	660	
218	661	
218	662	
215	663	
215	664	
215	665	
215	666	
216	666	
216	667	
216	668	
216	669	
216	670	
213	671	
213	672	
213	673	
212	674	
213	675	
213	676	
213	677	
212	678	
211	679	
211	680	
213	680	
213	681	
213	682	
212	683	
213	683	
213	684	
209	685	
210	686	
209	687	
213	688	
212	689	
207	690	
211	691	
211	692	
211	693	
211	694	
210	695	
211	695	
210	696	
209	697	
208	698	
211	699	
211	700	
207	701	
208	702	
209	702	
209	703	
209	704	
209	705	
209	706	
208	707	
207	708	
207	709	
207	710	
207	711	
207	712	
207	713	
203	714	
203	715	
203	716	
221	1080	
221	1081	
221	1082	
221	1083	
