410	75	
410	76	
410	77	
410	78	
410	85	
467	406	
467	407	
468	408	
467	410	
470	411	
468	412	
468	413	
468	414	
468	415	
468	416	
468	417	
468	418	
468	419	
468	420	
468	421	
468	422	
468	423	
477	505	
477	506	
478	507	
479	508	
480	508	
479	509	
479	510	
479	511	
479	512	
479	513	
478	514	
480	515	
480	516	
480	517	
479	518	
479	519	
479	520	
480	520	
481	521	
479	522	
479	523	
479	524	
479	525	
483	526	
480	527	
480	528	
483	529	
483	533	
483	534	
483	535	
483	536	
483	537	
483	538	
484	539	
484	540	
484	541	
484	542	
484	543	
484	544	
484	545	
483	546	
483	547	
483	548	
483	549	
483	550	
487	551	
486	552	
483	553	
483	554	
484	555	
485	556	
485	557	
484	558	
483	559	
484	560	
487	561	
486	562	
486	563	
485	564	
485	565	
487	578	
489	580	
488	581	
487	582	
487	583	
488	584	
487	585	
486	586	
488	587	
489	588	
489	589	
489	590	
489	591	
487	593	
487	594	
487	595	
487	596	
483	605	
483	606	
483	607	
483	608	
483	609	
485	610	
482	611	
482	612	
483	613	
483	614	
483	615	
483	616	
483	617	
483	618	
483	619	
483	620	
484	621	
485	622	
481	623	
481	624	
481	625	
481	626	
481	627	
481	628	
481	629	
481	630	
483	631	
483	632	
483	633	
483	634	
481	635	
485	636	
481	637	
483	638	
483	639	
483	643	
487	644	
483	647	
483	648	
487	649	
487	650	
483	651	
483	652	
487	654	
487	655	
483	656	
487	657	
487	658	
485	659	
485	660	
483	661	
483	662	
483	663	
487	664	
485	665	
485	666	
485	667	
485	668	
485	669	
485	670	
485	671	
486	671	
485	672	
486	673	
485	674	
486	675	
486	676	
485	677	
485	678	
485	679	
485	680	
485	681	
485	682	
485	683	
485	684	
485	685	
485	686	
486	687	
486	688	
486	689	
486	690	
486	691	
485	692	
485	693	
486	693	
486	694	
486	695	
486	696	
487	697	
486	698	
487	699	
487	700	
487	701	
487	702	
487	703	
487	704	
487	705	
487	706	
488	706	
488	707	
490	707	
488	708	
488	709	
487	710	
487	711	
487	712	
487	713	
488	714	
487	715	
490	716	
490	717	
490	718	
490	719	
489	720	
489	721	
489	722	
489	723	
489	724	
489	725	
493	726	
489	727	
490	728	
491	729	
491	730	
491	731	
491	732	
491	733	
491	734	
491	735	
491	736	
492	737	
492	738	
492	739	
492	740	
492	741	
493	742	
493	743	
493	744	
494	745	
493	746	
493	747	
493	748	
494	749	
494	750	
494	751	
494	752	
494	753	
494	754	
494	755	
494	756	
493	757	
493	758	
496	758	
497	759	
497	760	
497	761	
497	762	
492	763	
492	764	
492	765	
492	766	
493	767	
493	768	
493	769	
493	770	
494	771	
494	772	
493	773	
493	774	
493	775	
494	776	
494	777	
494	778	
494	779	
494	780	
493	781	
493	782	
493	783	
493	784	
493	785	
493	786	
493	787	
494	788	
493	789	
493	790	
493	791	
494	792	
494	793	
491	794	
493	795	
493	796	
495	797	
491	798	
490	799	
489	800	
493	801	
493	802	
493	803	
493	804	
489	805	
489	806	
491	807	
491	808	
491	809	
487	810	
491	811	
491	812	
491	813	
491	814	
487	815	
487	816	
487	817	
487	818	
487	819	
489	820	
488	821	
489	822	
489	823	
489	824	
487	825	
487	826	
489	827	
489	828	
489	829	
487	830	
487	831	
487	832	
487	833	
489	834	
487	835	
487	836	
487	837	
485	839	
485	840	
485	841	
485	842	
485	843	
487	844	
484	845	
485	845	
483	846	
487	847	
487	848	
485	849	
485	850	
485	851	
485	852	
485	853	
485	854	
487	855	
487	856	
487	857	
485	859	
485	860	
485	863	
485	864	
486	867	
485	868	
483	869	
483	870	
487	871	
487	872	
483	874	
483	875	
483	876	
483	880	
505	1058	
507	1068	
507	1069	
512	1078	
