412	69	
412	70	
412	71	
412	75	
412	76	
412	77	
469	407	
468	408	
468	409	
468	410	
469	411	
468	412	
468	413	
468	414	
470	415	
470	416	
470	417	
470	418	
471	419	
470	420	
470	421	
470	422	
470	423	
470	424	
469	425	
469	426	
469	427	
469	428	
469	429	
480	509	
480	510	
480	511	
480	512	
480	513	
479	514	
479	515	
479	516	
479	517	
479	518	
479	519	
480	520	
480	521	
480	522	
483	523	
484	524	
481	525	
481	526	
485	529	
485	530	
481	531	
481	532	
485	535	
485	536	
485	537	
486	538	
485	539	
485	540	
486	541	
486	542	
485	543	
485	544	
485	545	
485	546	
485	547	
485	548	
485	549	
485	550	
485	551	
485	552	
485	553	
484	554	
485	555	
485	556	
487	557	
487	558	
486	559	
485	560	
485	561	
486	562	
486	563	
486	564	
486	565	
486	566	
485	567	
486	568	
485	569	
485	570	
486	571	
487	572	
485	573	
485	574	
486	575	
487	576	
487	577	
487	578	
488	586	
487	587	
486	601	
486	602	
485	603	
485	604	
487	605	
484	606	
484	607	
484	608	
484	609	
484	610	
487	611	
487	612	
487	613	
487	614	
484	615	
484	616	
484	617	
484	618	
484	619	
484	620	
484	621	
486	622	
483	623	
484	624	
484	625	
484	626	
485	627	
485	628	
484	629	
484	630	
487	630	
483	631	
483	632	
483	633	
487	634	
485	635	
485	636	
483	637	
483	638	
483	639	
487	640	
487	641	
485	642	
487	643	
487	644	
485	645	
485	646	
485	647	
485	648	
485	649	
485	650	
489	652	
485	654	
485	655	
485	656	
485	657	
487	658	
485	659	
485	660	
485	661	
485	663	
485	664	
485	665	
485	666	
489	669	
489	670	
485	671	
485	672	
486	673	
487	674	
489	675	
490	676	
486	677	
486	678	
486	679	
489	680	
489	681	
489	682	
488	683	
489	683	
486	684	
486	685	
486	686	
486	687	
488	688	
488	689	
488	690	
487	691	
488	691	
487	692	
488	693	
488	694	
488	695	
488	696	
489	697	
489	698	
489	699	
489	700	
489	701	
489	702	
489	703	
490	704	
489	705	
490	706	
489	707	
492	708	
492	709	
489	710	
493	711	
489	712	
489	713	
489	714	
489	715	
489	716	
490	717	
490	718	
490	719	
490	720	
490	721	
492	722	
492	723	
492	724	
492	725	
491	726	
492	726	
491	727	
491	728	
495	729	
495	730	
495	731	
493	732	
493	733	
493	734	
493	735	
493	736	
493	737	
493	738	
493	739	
493	740	
493	741	
494	742	
495	743	
497	744	
494	745	
498	746	
497	747	
496	748	
495	749	
495	750	
495	751	
495	752	
496	753	
495	754	
495	755	
495	756	
495	757	
495	758	
497	759	
497	760	
498	761	
496	762	
495	763	
494	764	
494	765	
494	766	
495	767	
495	768	
495	769	
495	770	
496	771	
495	772	
495	773	
498	774	
498	775	
495	776	
496	777	
495	778	
496	779	
496	780	
497	781	
496	782	
496	783	
496	784	
496	785	
496	786	
496	787	
496	788	
496	789	
497	790	
497	791	
493	792	
493	793	
494	794	
495	794	
493	795	
493	796	
493	797	
493	798	
494	799	
495	800	
491	801	
491	802	
491	803	
495	804	
495	805	
495	806	
489	807	
489	808	
489	809	
489	810	
489	811	
489	812	
489	813	
491	814	
489	815	
488	816	
493	817	
493	818	
489	819	
489	820	
490	821	
491	822	
491	823	
491	824	
487	825	
487	826	
487	827	
487	828	
491	829	
491	830	
489	831	
489	832	
489	833	
485	838	
485	839	
485	840	
485	845	
485	846	
485	847	
485	848	
485	849	
485	850	
485	851	
485	852	
485	853	
487	854	
485	856	
489	857	
489	858	
485	863	
485	864	
485	865	
485	866	
485	870	
485	871	
509	1078	
509	1079	
