470	411	
470	412	
471	413	
472	413	
470	414	
470	415	
470	416	
470	417	
470	418	
470	419	
471	419	
470	420	
470	421	
470	422	
470	423	
470	424	
470	425	
470	426	
471	427	
470	428	
470	429	
472	430	
472	431	
471	432	
470	433	
481	512	
481	513	
481	514	
483	515	
483	516	
481	517	
481	518	
481	519	
482	520	
481	521	
481	522	
482	523	
482	524	
481	525	
481	526	
485	528	
483	531	
483	532	
484	533	
484	534	
484	535	
485	538	
489	539	
489	540	
486	541	
486	542	
488	543	
488	544	
486	545	
486	546	
486	547	
486	548	
486	549	
486	550	
486	551	
486	552	
486	553	
486	554	
487	555	
486	556	
485	557	
485	558	
489	559	
488	560	
487	561	
487	562	
489	563	
489	564	
489	565	
487	566	
487	567	
486	568	
487	569	
488	570	
487	571	
487	572	
487	573	
486	574	
487	575	
487	576	
486	577	
486	578	
487	579	
487	580	
487	581	
487	595	
487	596	
489	597	
489	598	
487	599	
487	600	
486	601	
486	602	
486	603	
488	604	
488	605	
488	606	
486	607	
486	608	
486	609	
487	609	
487	610	
487	611	
487	612	
487	613	
486	614	
486	615	
486	616	
486	617	
485	618	
485	619	
486	620	
486	621	
487	621	
486	622	
486	623	
486	624	
486	625	
486	626	
485	627	
485	628	
485	629	
485	630	
487	631	
487	632	
487	633	
487	635	
485	636	
487	636	
485	637	
485	638	
485	639	
485	640	
485	641	
485	642	
489	643	
489	644	
487	647	
489	648	
487	649	
487	650	
488	651	
489	651	
489	652	
487	653	
487	654	
487	655	
487	656	
487	657	
487	658	
487	659	
489	660	
487	661	
487	662	
487	663	
487	664	
487	665	
489	666	
489	667	
491	670	
487	671	
487	672	
487	673	
491	674	
487	675	
487	676	
487	677	
488	678	
490	679	
490	680	
490	681	
488	682	
488	683	
488	684	
488	685	
488	686	
488	687	
487	688	
487	689	
488	690	
489	691	
489	692	
489	693	
489	694	
489	695	
489	696	
490	697	
490	698	
489	699	
489	700	
489	701	
489	702	
489	703	
489	704	
492	705	
489	706	
490	706	
490	707	
490	708	
491	709	
491	710	
491	711	
495	712	
491	713	
492	713	
491	714	
491	715	
492	716	
492	717	
492	718	
491	719	
491	720	
492	721	
493	722	
493	723	
495	724	
495	725	
491	726	
493	727	
493	728	
493	729	
494	730	
494	731	
494	732	
495	733	
495	734	
495	735	
494	736	
495	737	
495	738	
495	739	
495	740	
499	741	
495	742	
495	743	
496	744	
496	745	
496	746	
496	747	
496	748	
496	749	
496	750	
496	751	
497	752	
498	753	
500	754	
498	755	
498	756	
498	757	
498	758	
498	759	
498	760	
496	761	
496	762	
497	763	
496	764	
497	765	
498	765	
499	766	
499	767	
499	768	
499	769	
496	770	
495	771	
497	772	
499	773	
499	774	
498	775	
498	776	
498	777	
497	778	
497	779	
497	780	
498	781	
497	782	
498	782	
497	783	
498	784	
499	785	
499	786	
498	787	
498	788	
497	789	
497	790	
496	791	
495	792	
499	793	
495	794	
495	795	
495	796	
495	797	
495	798	
495	799	
495	800	
493	801	
493	802	
497	803	
495	804	
495	805	
495	806	
495	807	
495	808	
491	809	
491	810	
493	811	
493	812	
489	813	
491	814	
493	815	
493	816	
493	817	
491	818	
489	819	
489	820	
489	821	
489	822	
489	823	
489	824	
489	825	
489	826	
489	827	
489	828	
491	828	
489	829	
489	830	
489	831	
489	832	
487	843	
487	844	
487	845	
489	845	
489	846	
485	847	
485	848	
489	849	
489	850	
489	851	
487	853	
487	854	
487	855	
489	856	
487	857	
487	858	
489	859	
489	860	
509	1066	
513	1098	
