472	415	
472	416	
472	417	
472	418	
474	419	
474	420	
474	421	
473	422	
474	422	
472	423	
472	424	
474	425	
474	426	
472	427	
472	428	
474	429	
473	430	
472	431	
473	432	
473	433	
472	435	
472	436	
483	521	
483	522	
483	523	
485	524	
484	525	
483	526	
483	527	
483	528	
483	529	
489	534	
489	535	
486	536	
487	537	
487	538	
489	539	
489	540	
489	541	
489	543	
489	544	
491	545	
491	546	
490	547	
490	548	
490	549	
490	550	
490	551	
490	552	
489	553	
490	553	
490	554	
491	555	
488	556	
489	556	
489	557	
489	558	
489	559	
489	560	
489	561	
489	562	
489	563	
489	564	
490	565	
490	566	
490	567	
490	568	
490	569	
490	570	
489	571	
490	572	
490	573	
489	574	
491	575	
490	576	
489	577	
489	578	
491	579	
491	580	
489	581	
491	582	
489	583	
489	584	
489	585	
491	586	
490	587	
489	588	
490	589	
490	590	
490	591	
490	592	
490	593	
489	594	
490	595	
490	596	
490	597	
491	598	
490	599	
489	600	
489	601	
490	602	
492	603	
490	604	
490	605	
490	606	
490	607	
489	608	
489	609	
489	610	
489	611	
489	612	
489	613	
490	614	
490	615	
490	616	
490	617	
490	618	
491	619	
489	620	
489	621	
489	622	
490	622	
490	623	
489	624	
489	625	
488	626	
488	627	
489	627	
489	628	
489	629	
489	630	
489	633	
489	634	
489	635	
489	636	
489	637	
491	638	
487	640	
489	642	
489	645	
489	646	
489	647	
491	648	
491	649	
491	650	
491	651	
489	652	
489	653	
493	655	
493	656	
489	657	
489	658	
493	659	
493	660	
491	661	
491	662	
491	663	
489	665	
489	666	
491	667	
491	669	
493	669	
493	670	
493	671	
489	673	
491	674	
492	675	
493	675	
495	676	
491	677	
491	678	
492	679	
492	680	
491	681	
491	682	
492	683	
491	684	
491	685	
491	686	
491	687	
492	687	
492	688	
491	689	
492	689	
491	690	
491	691	
491	692	
492	693	
491	694	
491	695	
491	696	
491	697	
493	698	
494	698	
493	699	
493	700	
493	701	
493	702	
493	703	
493	704	
493	705	
493	706	
493	707	
493	708	
494	709	
494	710	
494	711	
494	712	
493	713	
497	714	
494	715	
496	715	
494	716	
494	717	
494	718	
494	719	
495	720	
495	721	
495	722	
495	723	
497	724	
497	725	
495	726	
495	727	
495	728	
496	729	
496	730	
496	731	
499	732	
500	733	
498	734	
497	735	
497	736	
498	737	
498	738	
497	739	
497	740	
499	741	
500	741	
499	742	
500	743	
500	744	
500	745	
500	746	
499	747	
499	748	
499	749	
499	750	
501	751	
500	752	
500	753	
500	754	
500	755	
501	756	
501	757	
499	758	
502	759	
499	760	
500	761	
499	762	
499	763	
500	764	
500	765	
499	766	
500	766	
499	767	
499	768	
500	769	
499	770	
499	771	
503	772	
502	773	
500	774	
500	775	
499	776	
499	777	
499	778	
499	779	
500	780	
500	781	
500	782	
499	783	
499	784	
499	785	
499	786	
499	787	
500	787	
500	788	
500	789	
500	790	
499	791	
499	792	
500	793	
501	794	
497	795	
497	796	
501	797	
501	798	
500	799	
499	800	
498	801	
498	802	
497	803	
498	803	
499	804	
499	805	
499	806	
493	807	
493	808	
497	809	
497	810	
495	811	
495	812	
495	813	
491	814	
491	815	
491	816	
491	820	
491	821	
491	822	
