418	81	
418	85	
473	418	
474	419	
474	420	
474	421	
474	422	
474	423	
474	424	
474	425	
474	426	
474	427	
474	428	
474	429	
474	430	
474	431	
474	432	
473	433	
473	434	
473	435	
473	436	
474	436	
489	538	
491	539	
491	540	
489	541	
489	542	
490	545	
491	546	
491	547	
491	548	
491	549	
491	550	
491	551	
491	552	
491	553	
493	553	
490	554	
493	555	
492	556	
492	557	
492	558	
491	559	
490	560	
490	561	
491	563	
491	564	
491	565	
490	566	
491	567	
492	568	
492	569	
492	570	
492	571	
493	572	
493	573	
493	574	
490	575	
490	576	
492	577	
492	578	
493	579	
490	580	
490	581	
490	582	
489	583	
490	584	
490	585	
490	586	
490	587	
493	588	
491	589	
491	590	
493	591	
493	592	
491	593	
491	594	
490	595	
490	596	
491	597	
491	598	
491	599	
491	600	
493	601	
489	602	
490	603	
491	604	
491	605	
491	606	
491	607	
492	608	
492	609	
492	610	
491	611	
491	612	
492	613	
492	614	
492	615	
492	616	
492	617	
492	618	
490	619	
490	620	
491	621	
492	622	
492	623	
490	624	
491	625	
493	625	
493	626	
491	627	
491	628	
489	629	
489	630	
491	632	
489	633	
489	634	
489	635	
491	636	
491	637	
489	639	
489	640	
489	641	
489	642	
491	643	
493	644	
491	645	
493	648	
491	649	
491	650	
491	651	
491	652	
491	653	
491	654	
491	655	
491	656	
491	659	
491	660	
491	661	
491	662	
491	663	
491	664	
491	665	
491	667	
491	668	
495	669	
491	671	
491	672	
493	673	
493	674	
492	675	
492	676	
492	677	
492	678	
493	679	
493	680	
492	681	
492	682	
493	683	
495	684	
495	685	
495	686	
495	687	
492	688	
492	689	
492	690	
492	691	
494	692	
493	693	
493	694	
493	695	
493	696	
493	697	
493	698	
494	699	
494	700	
493	701	
493	702	
497	703	
497	704	
497	705	
495	706	
495	707	
495	708	
495	709	
495	710	
495	711	
495	712	
495	713	
495	714	
495	715	
495	716	
495	717	
496	718	
496	719	
496	720	
496	721	
498	722	
498	723	
498	724	
497	725	
497	726	
501	727	
497	728	
497	729	
497	730	
497	731	
498	731	
498	732	
498	733	
498	734	
499	735	
499	736	
499	737	
500	738	
500	739	
500	740	
502	741	
502	742	
501	743	
501	744	
501	745	
502	746	
502	747	
499	748	
501	748	
501	749	
501	750	
503	751	
503	752	
502	753	
501	754	
501	755	
502	756	
502	757	
502	758	
502	759	
501	760	
502	761	
502	762	
503	762	
502	763	
502	764	
501	765	
501	766	
501	767	
501	768	
502	768	
501	769	
501	770	
501	771	
501	772	
501	773	
502	774	
502	775	
504	776	
504	777	
505	777	
505	778	
501	779	
501	780	
502	781	
502	782	
503	783	
501	784	
501	785	
501	786	
501	787	
501	788	
501	789	
503	790	
503	791	
499	792	
499	793	
501	794	
501	795	
501	796	
501	797	
501	798	
500	799	
503	800	
497	801	
497	802	
501	803	
501	804	
501	805	
495	806	
495	807	
495	808	
494	809	
495	809	
494	810	
497	811	
497	812	
491	815	
491	816	
507	1035	
517	1093	
517	1094	
