420	71	
420	72	
420	73	
420	74	
420	75	
475	424	
476	425	
475	426	
474	427	
474	428	
476	429	
476	430	
475	431	
475	432	
476	433	
475	434	
474	435	
474	436	
474	437	
474	438	
474	439	
489	541	
489	542	
491	543	
491	544	
493	545	
493	546	
493	547	
491	548	
493	549	
493	550	
491	551	
495	552	
491	553	
491	554	
493	555	
494	555	
493	556	
492	557	
492	558	
492	559	
492	560	
492	561	
492	562	
491	563	
492	564	
491	565	
492	566	
492	567	
493	568	
493	569	
492	570	
492	571	
492	572	
491	573	
492	574	
492	575	
492	576	
492	577	
494	577	
494	578	
494	579	
492	580	
492	581	
492	582	
492	583	
492	584	
492	585	
492	586	
492	587	
491	588	
491	589	
491	590	
492	591	
493	592	
493	593	
493	594	
494	594	
491	595	
491	596	
492	597	
492	598	
491	599	
495	600	
493	601	
493	602	
493	603	
493	604	
493	605	
493	606	
493	607	
493	608	
493	609	
493	610	
493	611	
493	612	
492	613	
492	614	
492	615	
494	616	
494	617	
495	618	
495	619	
494	620	
493	621	
494	621	
493	622	
492	623	
492	624	
493	625	
494	626	
491	629	
491	630	
491	631	
491	632	
493	633	
493	634	
491	635	
491	636	
491	637	
489	638	
493	642	
495	644	
493	645	
493	646	
493	647	
493	648	
493	649	
493	650	
493	651	
493	652	
493	653	
495	654	
495	655	
495	657	
495	658	
495	659	
495	660	
493	661	
493	662	
493	663	
493	664	
493	665	
495	666	
493	667	
497	668	
497	669	
497	670	
493	671	
493	672	
495	673	
495	674	
495	675	
495	676	
496	677	
497	677	
497	678	
497	679	
495	680	
496	681	
494	682	
494	683	
494	684	
494	685	
493	686	
497	687	
497	688	
494	689	
494	690	
494	691	
494	692	
495	693	
495	694	
495	695	
495	696	
495	697	
496	698	
496	699	
496	700	
496	701	
496	702	
497	703	
497	704	
496	705	
496	706	
496	707	
497	708	
497	709	
498	710	
497	711	
497	712	
497	713	
497	714	
498	715	
498	716	
498	717	
498	718	
497	719	
497	720	
498	721	
498	722	
498	723	
500	723	
497	724	
497	725	
497	726	
499	727	
500	727	
499	728	
502	728	
499	729	
503	729	
503	730	
503	731	
503	732	
501	733	
502	734	
502	735	
502	736	
502	737	
501	738	
501	739	
501	740	
501	741	
501	742	
502	742	
502	743	
502	744	
504	745	
504	746	
504	747	
504	748	
504	749	
504	750	
505	751	
505	752	
505	753	
503	754	
503	755	
504	756	
503	757	
503	758	
503	759	
503	760	
503	761	
503	762	
504	763	
503	764	
503	765	
503	766	
503	767	
503	768	
503	769	
503	770	
505	771	
504	772	
505	772	
505	773	
504	774	
504	775	
504	776	
504	777	
504	778	
503	779	
503	780	
504	781	
504	782	
504	783	
503	784	
502	785	
503	785	
504	785	
503	786	
504	787	
507	788	
502	789	
501	790	
502	791	
502	792	
501	793	
501	794	
501	795	
505	796	
504	797	
499	798	
503	799	
503	800	
501	801	
501	802	
501	803	
501	804	
499	805	
499	806	
497	807	
497	808	
499	809	
499	810	
