426	45	
426	46	
424	63	
424	64	
424	65	
424	66	
424	67	
493	551	
493	552	
497	553	
497	554	
495	555	
495	556	
495	557	
497	558	
494	559	
494	560	
494	561	
494	562	
494	563	
495	564	
495	565	
496	566	
497	567	
498	568	
494	569	
494	570	
495	571	
496	572	
496	573	
496	574	
496	575	
495	576	
494	577	
494	578	
495	579	
495	580	
495	581	
499	582	
493	583	
493	584	
494	585	
495	586	
496	587	
496	588	
496	589	
496	590	
497	591	
496	592	
497	592	
496	593	
496	594	
497	595	
495	596	
495	597	
495	598	
495	599	
495	600	
495	601	
495	602	
496	603	
496	604	
496	605	
496	606	
496	607	
497	608	
495	609	
495	610	
495	611	
495	612	
495	613	
495	614	
497	614	
497	615	
495	616	
497	617	
497	618	
495	619	
495	620	
495	621	
497	622	
497	623	
497	624	
497	625	
497	626	
495	627	
495	628	
495	629	
493	630	
493	631	
493	632	
493	633	
493	634	
493	635	
493	636	
493	637	
493	640	
495	641	
495	642	
497	647	
497	648	
495	649	
495	650	
495	651	
495	652	
499	655	
499	656	
499	657	
499	658	
499	659	
497	660	
497	661	
495	662	
497	665	
497	666	
497	667	
497	668	
497	669	
497	670	
497	672	
497	673	
497	674	
497	675	
497	676	
498	677	
497	678	
497	679	
497	680	
497	681	
497	682	
498	683	
498	684	
498	685	
499	686	
500	687	
497	688	
498	689	
498	690	
498	691	
498	692	
498	693	
498	694	
497	695	
497	696	
498	697	
498	698	
501	699	
498	700	
498	701	
498	702	
498	703	
500	704	
500	705	
500	706	
502	707	
502	708	
502	709	
499	710	
499	711	
499	712	
499	713	
499	714	
500	715	
500	716	
504	717	
502	718	
502	719	
502	720	
502	721	
502	722	
504	723	
504	724	
501	725	
501	726	
501	727	
505	728	
502	729	
502	730	
502	731	
503	732	
503	733	
503	734	
503	735	
503	736	
503	737	
503	738	
507	739	
507	740	
508	740	
503	741	
504	742	
505	743	
505	744	
505	745	
505	746	
505	747	
506	748	
507	749	
507	750	
506	751	
506	752	
506	753	
506	754	
507	754	
505	755	
505	756	
505	757	
506	758	
509	759	
508	760	
508	761	
505	762	
509	763	
509	764	
509	765	
509	766	
507	767	
507	768	
506	769	
506	770	
506	771	
505	772	
506	772	
505	773	
506	774	
506	775	
507	776	
507	777	
507	778	
507	779	
507	780	
506	781	
506	782	
506	783	
506	784	
506	785	
506	786	
506	787	
506	788	
509	789	
505	790	
509	790	
505	791	
505	792	
505	793	
505	794	
507	794	
507	795	
507	796	
507	797	
503	798	
505	799	
505	800	
503	801	
503	802	
505	803	
505	804	
501	805	
501	806	
503	807	
503	808	
499	809	
499	810	
493	811	
493	812	
495	813	
495	814	
497	815	
497	816	
511	1039	
