432	51	
432	52	
432	53	
430	61	
501	569	
501	570	
501	571	
503	572	
501	573	
500	574	
501	574	
501	575	
502	576	
502	577	
503	578	
501	579	
501	580	
502	581	
502	582	
502	583	
502	584	
502	585	
502	586	
502	587	
501	588	
501	589	
501	590	
501	591	
501	592	
501	593	
501	594	
501	595	
501	596	
501	597	
502	598	
503	599	
503	600	
503	601	
501	602	
502	602	
501	603	
501	604	
501	605	
505	606	
501	607	
502	607	
501	608	
502	609	
501	610	
501	611	
503	611	
503	612	
502	613	
501	614	
501	615	
501	616	
501	617	
499	625	
499	626	
499	627	
499	628	
501	631	
503	632	
501	633	
501	634	
499	636	
501	640	
501	641	
501	642	
501	645	
501	646	
501	647	
503	648	
505	650	
503	651	
503	652	
503	653	
503	654	
503	655	
505	656	
503	657	
503	658	
503	659	
505	660	
503	663	
503	664	
505	665	
506	666	
505	667	
503	668	
505	669	
505	670	
503	672	
503	673	
503	674	
505	675	
505	676	
507	677	
507	678	
507	679	
504	680	
506	681	
505	682	
506	683	
507	683	
506	684	
505	685	
507	686	
506	687	
506	688	
505	689	
505	690	
505	691	
506	692	
507	693	
507	694	
506	695	
507	695	
506	696	
505	697	
505	698	
505	699	
506	700	
506	701	
506	702	
506	703	
506	704	
506	705	
506	706	
506	707	
509	708	
507	709	
507	710	
507	711	
509	712	
509	713	
509	714	
507	715	
508	715	
508	716	
507	717	
507	718	
507	719	
507	720	
507	721	
507	722	
507	723	
509	724	
511	725	
511	726	
509	727	
509	728	
509	729	
509	730	
509	731	
509	732	
510	733	
511	734	
513	735	
510	736	
511	737	
512	738	
512	739	
511	740	
511	741	
511	742	
511	743	
512	744	
512	745	
512	746	
512	747	
514	748	
512	749	
512	750	
512	751	
515	752	
515	753	
512	754	
512	755	
512	756	
512	757	
512	758	
513	759	
513	760	
513	761	
515	762	
514	763	
513	764	
514	764	
513	765	
513	766	
513	767	
513	768	
514	769	
514	770	
513	771	
513	772	
513	773	
513	774	
513	775	
513	776	
516	777	
513	778	
513	779	
512	780	
512	781	
512	782	
513	783	
515	784	
513	785	
513	786	
515	787	
515	788	
511	789	
511	790	
511	791	
515	792	
511	793	
511	794	
511	795	
512	796	
515	797	
515	798	
511	799	
511	800	
511	801	
511	802	
507	803	
509	804	
509	805	
509	806	
521	1049	
521	1050	
521	1051	
525	1053	
