440	57	
442	59	
440	67	
440	71	
507	636	
511	638	
513	644	
513	645	
511	646	
513	651	
509	652	
511	654	
511	655	
511	656	
511	657	
513	658	
511	659	
511	660	
511	661	
511	662	
511	663	
515	664	
511	665	
511	666	
511	667	
512	667	
513	668	
512	669	
511	670	
511	671	
515	675	
515	676	
515	677	
515	678	
511	681	
512	682	
512	683	
515	684	
514	685	
515	685	
512	686	
513	687	
513	688	
513	689	
517	690	
513	691	
513	692	
514	692	
513	693	
513	694	
514	694	
513	695	
513	696	
513	697	
514	698	
514	699	
513	700	
513	701	
513	702	
514	703	
514	704	
514	705	
516	706	
514	707	
513	708	
515	709	
515	710	
515	711	
515	712	
515	713	
515	714	
517	715	
514	716	
515	717	
515	718	
518	719	
517	720	
516	721	
515	722	
515	723	
515	724	
518	725	
517	726	
516	727	
516	728	
517	729	
517	730	
517	731	
517	732	
517	733	
517	734	
521	735	
521	736	
521	737	
521	738	
519	739	
519	740	
519	741	
521	742	
522	743	
523	744	
523	745	
519	746	
519	747	
519	748	
519	749	
519	750	
519	751	
519	752	
519	753	
523	754	
521	755	
521	756	
520	757	
520	758	
521	759	
525	760	
521	761	
521	762	
521	763	
521	764	
521	765	
522	766	
521	767	
521	768	
521	769	
521	770	
521	771	
520	772	
521	773	
521	774	
521	775	
521	776	
521	777	
521	778	
522	779	
522	780	
522	781	
522	782	
522	783	
521	784	
522	785	
523	786	
521	787	
521	788	
521	789	
523	790	
521	791	
519	792	
521	793	
517	794	
521	795	
519	796	
517	797	
517	798	
