442	59	
442	60	
442	61	
440	83	
440	84	
440	85	
511	640	
511	641	
513	642	
513	643	
511	645	
511	646	
511	647	
511	648	
511	649	
515	650	
511	651	
511	652	
513	653	
513	654	
511	655	
511	656	
515	658	
511	660	
511	661	
513	662	
515	663	
515	664	
513	668	
513	669	
513	670	
514	681	
513	682	
514	682	
513	683	
513	684	
514	685	
514	686	
514	687	
514	688	
514	689	
514	690	
513	691	
513	692	
514	693	
515	694	
515	695	
514	696	
514	697	
514	698	
517	699	
517	700	
517	701	
513	702	
515	703	
515	704	
515	705	
515	706	
516	707	
516	708	
515	709	
519	710	
516	711	
515	712	
515	713	
519	714	
516	715	
517	716	
517	717	
517	718	
519	719	
519	720	
516	721	
517	722	
517	723	
519	724	
519	725	
519	726	
517	727	
517	728	
517	729	
517	730	
521	731	
519	732	
519	733	
519	734	
519	735	
519	736	
519	737	
519	738	
519	739	
519	740	
519	741	
519	742	
519	743	
519	744	
519	745	
520	746	
521	747	
521	748	
521	749	
521	750	
521	751	
521	752	
521	753	
522	754	
522	755	
522	756	
521	757	
522	757	
522	758	
522	759	
522	760	
524	760	
522	761	
521	762	
521	763	
521	764	
522	765	
522	766	
522	767	
522	768	
521	769	
521	770	
521	771	
522	772	
526	773	
527	774	
521	775	
521	776	
521	777	
521	778	
521	779	
521	780	
521	781	
523	782	
525	783	
525	784	
521	785	
521	786	
521	787	
521	788	
521	789	
525	790	
523	791	
523	792	
521	793	
521	794	
521	795	
521	796	
519	797	
519	798	
519	799	
