442	81	
507	627	
507	628	
509	630	
509	636	
513	646	
513	647	
513	649	
513	650	
515	651	
515	652	
515	653	
513	657	
514	658	
513	659	
513	660	
513	666	
513	667	
517	674	
516	675	
515	676	
515	677	
513	678	
517	679	
516	680	
515	683	
516	683	
515	684	
515	685	
515	686	
515	687	
515	688	
517	689	
519	690	
516	691	
516	692	
516	693	
517	694	
517	695	
517	696	
516	697	
516	698	
516	699	
518	700	
519	701	
519	702	
518	703	
517	704	
517	705	
515	706	
515	707	
515	708	
516	709	
517	709	
517	710	
517	711	
517	712	
517	713	
518	714	
517	715	
517	716	
517	717	
517	718	
518	718	
517	719	
517	720	
517	721	
517	722	
517	723	
517	724	
517	725	
518	726	
518	727	
519	728	
522	729	
522	730	
519	731	
519	732	
522	733	
521	734	
523	735	
523	736	
519	737	
519	738	
521	739	
521	740	
521	741	
521	742	
521	743	
521	744	
521	745	
522	746	
522	747	
522	748	
521	749	
521	750	
521	751	
521	752	
521	753	
522	754	
522	755	
522	756	
522	757	
521	758	
524	759	
524	760	
523	761	
524	762	
523	763	
525	763	
527	764	
523	765	
523	766	
523	767	
523	768	
525	769	
525	770	
523	771	
523	772	
525	773	
525	774	
525	775	
525	776	
527	777	
527	778	
527	779	
526	780	
525	781	
525	782	
525	783	
525	784	
525	785	
523	786	
525	787	
525	788	
521	789	
521	790	
523	791	
525	792	
521	793	
521	794	
521	795	
523	796	
