444	53	
446	59	
513	646	
513	647	
516	648	
513	649	
513	650	
513	651	
513	652	
514	655	
514	656	
513	657	
513	658	
515	659	
517	660	
515	661	
513	663	
514	663	
513	664	
515	665	
515	666	
517	667	
517	668	
519	672	
515	673	
515	674	
515	675	
517	680	
519	681	
519	682	
517	683	
519	683	
516	684	
515	685	
515	686	
515	687	
515	688	
515	689	
515	690	
515	691	
516	692	
515	693	
516	694	
518	695	
516	696	
516	697	
517	698	
518	699	
517	700	
519	701	
519	702	
517	703	
517	704	
518	705	
519	706	
517	707	
521	708	
517	709	
517	710	
518	711	
518	712	
518	713	
519	714	
519	715	
517	716	
519	717	
519	718	
519	719	
521	720	
519	721	
518	722	
519	723	
519	724	
519	725	
519	726	
519	727	
519	728	
523	729	
523	730	
519	731	
519	732	
521	733	
521	734	
521	735	
521	736	
521	737	
521	738	
521	739	
525	740	
521	741	
521	742	
521	743	
523	744	
523	745	
524	746	
523	747	
523	748	
523	749	
523	750	
527	751	
527	752	
523	753	
523	754	
523	755	
523	756	
527	756	
527	757	
527	758	
527	759	
527	760	
523	761	
523	762	
523	763	
523	764	
523	765	
527	766	
523	767	
523	768	
523	769	
523	770	
527	771	
527	772	
526	773	
525	774	
525	775	
525	776	
523	777	
523	778	
523	779	
526	780	
525	781	
525	782	
525	783	
525	784	
525	785	
525	786	
525	787	
521	789	
521	790	
521	791	
525	792	
523	793	
523	794	
523	795	
523	796	
