450	33	
448	56	
448	57	
513	636	
513	637	
513	638	
517	647	
517	648	
517	649	
517	650	
516	651	
515	652	
517	653	
519	654	
517	658	
517	659	
517	660	
517	661	
519	662	
519	663	
519	666	
519	667	
517	668	
517	669	
517	670	
517	671	
517	676	
519	677	
519	678	
521	683	
518	684	
517	685	
517	686	
517	687	
517	688	
520	689	
519	690	
521	691	
522	691	
518	692	
521	693	
521	694	
519	695	
519	696	
519	697	
519	698	
519	699	
519	700	
519	701	
519	702	
519	703	
519	704	
520	705	
519	706	
519	707	
519	708	
519	709	
519	710	
520	711	
520	712	
519	713	
519	714	
523	715	
521	716	
523	717	
523	718	
523	719	
523	720	
523	721	
521	722	
521	723	
521	724	
523	725	
523	726	
521	727	
521	728	
521	729	
521	730	
521	731	
521	732	
523	733	
523	734	
523	735	
525	736	
523	737	
523	738	
525	739	
525	740	
523	741	
523	742	
527	743	
527	744	
527	745	
525	746	
525	747	
525	748	
525	749	
525	750	
527	751	
528	752	
525	753	
525	754	
525	755	
525	756	
525	757	
525	758	
526	759	
529	760	
527	761	
527	762	
528	762	
525	763	
525	764	
528	765	
527	766	
526	767	
527	767	
525	768	
528	769	
529	770	
529	771	
529	772	
528	773	
527	774	
525	775	
525	776	
529	777	
529	778	
527	779	
527	780	
525	781	
525	782	
525	783	
527	784	
527	785	
525	786	
529	787	
529	788	
525	789	
525	790	
