452	47	
450	61	
450	62	
450	63	
448	91	
519	667	
519	668	
521	678	
521	679	
521	680	
521	683	
521	684	
521	685	
521	686	
522	687	
523	688	
522	689	
521	690	
521	691	
521	692	
521	693	
521	694	
521	695	
521	697	
521	698	
525	699	
525	700	
525	701	
524	702	
521	703	
523	704	
523	705	
523	706	
521	707	
521	708	
521	709	
521	710	
521	711	
522	712	
523	713	
522	714	
523	714	
523	715	
523	716	
523	717	
523	718	
523	719	
523	720	
523	721	
523	722	
523	723	
523	724	
523	725	
523	726	
523	727	
523	728	
523	729	
523	730	
525	731	
525	732	
525	733	
525	734	
525	735	
525	736	
525	737	
527	738	
525	739	
529	740	
529	744	
529	745	
527	746	
527	747	
527	748	
527	749	
531	750	
527	751	
527	752	
527	753	
527	754	
531	755	
531	756	
527	757	
527	758	
527	759	
527	760	
531	761	
531	762	
531	763	
527	764	
529	765	
529	766	
529	767	
531	768	
531	769	
527	770	
531	771	
531	772	
531	773	
529	775	
529	776	
527	777	
527	778	
529	780	
