140	23	
140	24	
140	25	
140	26	
140	27	
140	28	
140	29	
136	61	
136	62	
213	476	
213	477	
213	478	
213	479	
213	480	
213	481	
213	482	
213	483	
213	484	
213	485	
211	486	
214	487	
213	488	
214	488	
214	489	
214	490	
212	491	
212	492	
215	493	
214	494	
214	495	
214	496	
214	497	
212	498	
215	499	
215	500	
214	501	
214	502	
215	503	
215	504	
215	505	
216	505	
213	506	
213	507	
213	508	
215	509	
216	509	
216	510	
216	511	
217	512	
217	513	
215	514	
216	515	
216	516	
217	517	
216	518	
217	519	
217	520	
217	521	
215	522	
215	523	
218	524	
219	524	
218	525	
218	526	
218	527	
218	528	
219	529	
219	530	
219	531	
219	532	
219	533	
220	534	
221	535	
221	536	
221	537	
220	538	
221	539	
220	540	
220	541	
218	542	
219	543	
219	544	
219	545	
219	546	
222	547	
221	548	
221	549	
223	550	
222	551	
223	552	
222	553	
223	554	
223	555	
223	556	
222	557	
224	558	
224	559	
225	559	
225	560	
225	561	
225	562	
225	563	
224	564	
224	565	
224	566	
224	567	
222	568	
221	569	
221	570	
221	571	
221	572	
223	572	
222	573	
223	574	
221	575	
225	576	
225	577	
227	578	
227	579	
227	580	
227	581	
226	582	
227	583	
227	584	
226	585	
227	586	
228	587	
228	588	
227	589	
227	590	
227	591	
228	591	
228	592	
229	593	
229	594	
228	595	
230	596	
227	597	
229	598	
229	599	
229	600	
229	601	
229	602	
228	603	
230	604	
230	605	
228	606	
228	607	
228	608	
229	609	
230	610	
230	611	
230	612	
230	613	
228	614	
228	615	
228	616	
228	617	
228	618	
228	619	
230	620	
229	621	
230	622	
230	623	
230	624	
231	625	
231	626	
228	627	
228	628	
230	629	
228	630	
228	631	
229	632	
230	633	
230	634	
229	635	
229	636	
228	637	
228	638	
228	639	
228	640	
228	641	
229	642	
229	643	
228	644	
225	645	
224	646	
225	647	
226	648	
225	649	
225	650	
224	651	
223	652	
224	653	
227	654	
224	655	
224	656	
224	657	
224	658	
224	659	
224	660	
223	661	
223	662	
222	663	
222	664	
223	665	
222	666	
222	667	
222	668	
220	669	
219	670	
219	671	
220	672	
221	673	
221	674	
221	675	
218	676	
218	677	
218	678	
219	679	
217	680	
217	681	
216	682	
218	683	
218	684	
219	685	
216	686	
216	687	
216	688	
217	689	
217	690	
217	691	
215	692	
214	693	
214	694	
213	695	
214	696	
214	697	
214	698	
215	699	
215	700	
215	701	
214	702	
214	703	
214	704	
214	705	
212	706	
213	707	
212	708	
212	709	
212	710	
213	710	
213	711	
213	712	
209	713	
211	714	
211	715	
209	716	
209	717	
209	718	
207	719	
207	720	
207	721	
225	1057	
225	1072	
227	1073	
227	1076	
225	1077	
225	1078	
225	1079	
225	1080	
225	1081	
225	1082	
229	1120	
