452	51	
450	80	
519	650	
519	651	
519	653	
520	654	
521	672	
521	673	
521	674	
522	678	
523	683	
523	684	
521	685	
521	686	
525	687	
525	688	
525	689	
525	690	
524	691	
525	691	
522	692	
521	693	
525	694	
525	695	
521	696	
521	697	
523	698	
523	699	
523	700	
525	701	
521	702	
525	703	
523	704	
523	705	
525	706	
523	707	
527	708	
524	709	
523	710	
523	711	
523	712	
525	713	
525	714	
525	715	
523	716	
526	717	
525	718	
527	719	
527	720	
523	721	
523	722	
523	723	
523	724	
523	725	
523	726	
525	727	
525	728	
525	729	
527	730	
527	731	
525	732	
527	733	
527	734	
527	735	
525	736	
525	737	
525	738	
529	742	
529	745	
529	746	
527	747	
527	748	
527	749	
527	750	
527	751	
527	752	
531	753	
527	755	
527	756	
529	757	
529	758	
529	759	
529	760	
531	761	
531	762	
531	763	
529	765	
529	766	
529	767	
529	768	
531	769	
531	770	
529	771	
533	772	
531	776	
