173	532	
173	533	
175	534	
175	535	
175	536	
175	537	
171	538	
175	539	
173	540	
175	541	
175	542	
176	542	
175	543	
174	544	
175	544	
175	545	
175	546	
175	547	
171	548	
173	549	
173	550	
171	598	
173	599	
173	600	
173	601	
173	602	
171	604	
179	608	
176	610	
179	613	
179	614	
177	615	
177	616	
177	617	
179	618	
179	619	
177	620	
177	621	
177	622	
179	623	
179	625	
179	626	
177	627	
177	628	
177	629	
175	630	
179	631	
179	632	
179	633	
179	634	
179	635	
179	636	
179	637	
179	638	
177	639	
178	640	
178	641	
179	642	
179	643	
178	644	
176	645	
176	646	
176	647	
178	648	
178	649	
178	650	
177	651	
177	652	
177	653	
177	654	
177	655	
176	656	
176	657	
176	658	
173	659	
173	660	
173	661	
174	662	
174	663	
176	664	
175	665	
175	666	
175	667	
173	668	
175	669	
175	672	
175	673	
175	674	
173	675	
173	676	
173	677	
175	678	
175	679	
171	680	
171	681	
89	716	
89	717	
89	718	
