140	48	
140	49	
140	50	
140	51	
140	55	
140	56	
140	57	
215	473	
215	474	
215	475	
213	476	
213	477	
213	478	
213	479	
214	480	
215	481	
215	482	
217	483	
217	484	
216	485	
217	485	
215	486	
216	486	
215	487	
215	488	
215	489	
215	490	
216	491	
216	492	
216	493	
217	493	
216	494	
216	495	
215	496	
215	497	
215	498	
217	498	
215	499	
215	500	
217	501	
216	502	
217	503	
217	504	
218	505	
218	506	
219	507	
219	508	
219	509	
218	510	
218	511	
218	512	
218	513	
219	514	
217	515	
217	516	
217	517	
217	518	
217	519	
217	520	
217	521	
219	522	
219	523	
219	524	
222	525	
222	526	
222	527	
219	528	
220	529	
223	530	
222	531	
223	531	
223	532	
223	533	
223	534	
223	535	
223	536	
223	537	
222	538	
221	539	
221	540	
221	541	
221	542	
224	543	
225	544	
225	545	
224	546	
224	547	
223	548	
223	549	
223	550	
227	551	
227	552	
227	553	
227	554	
227	555	
226	556	
227	557	
226	558	
225	559	
225	560	
226	561	
227	561	
226	562	
226	563	
227	564	
226	565	
226	566	
226	567	
226	568	
226	569	
226	570	
225	571	
225	572	
225	573	
225	574	
225	575	
229	576	
228	577	
227	578	
227	579	
230	580	
230	581	
228	582	
229	583	
229	584	
229	585	
230	586	
229	587	
229	588	
230	589	
229	590	
229	591	
229	592	
232	593	
233	594	
232	595	
232	596	
232	597	
232	598	
232	599	
231	600	
232	601	
232	602	
232	603	
233	604	
232	605	
232	606	
231	607	
231	608	
235	609	
235	610	
232	611	
231	612	
231	613	
231	614	
231	615	
231	616	
233	617	
233	618	
232	619	
232	620	
232	621	
232	622	
231	623	
229	624	
233	625	
233	626	
233	627	
233	628	
233	629	
232	630	
230	631	
232	631	
232	632	
232	633	
232	634	
232	635	
230	636	
230	637	
232	638	
233	639	
232	640	
230	641	
230	642	
229	643	
231	643	
231	644	
231	645	
231	646	
231	647	
231	648	
227	649	
227	650	
226	651	
227	652	
227	653	
228	654	
228	655	
229	655	
229	656	
228	657	
228	658	
226	659	
227	660	
227	661	
227	662	
227	663	
227	664	
226	665	
221	666	
224	667	
224	668	
225	669	
225	670	
225	671	
225	672	
225	673	
225	674	
224	675	
223	676	
223	677	
223	678	
222	679	
222	680	
222	681	
222	682	
223	683	
223	684	
219	685	
217	686	
221	687	
221	688	
219	689	
219	690	
219	691	
217	692	
216	693	
216	694	
218	695	
218	696	
216	697	
216	698	
215	699	
216	700	
217	701	
217	702	
217	703	
217	704	
216	705	
216	706	
216	707	
216	708	
216	709	
216	710	
213	711	
215	711	
215	712	
214	713	
215	714	
215	715	
214	716	
214	717	
213	718	
215	719	
215	720	
215	721	
212	722	
213	723	
213	724	
213	725	
137	802	
137	803	
233	1106	
