142	53	
142	54	
142	55	
142	61	
142	62	
142	63	
142	64	
142	65	
142	66	
142	67	
217	473	
217	474	
217	475	
218	476	
219	477	
218	478	
218	479	
218	480	
217	481	
219	482	
219	483	
219	484	
218	485	
219	486	
218	487	
218	488	
219	489	
220	490	
220	491	
218	492	
219	492	
217	493	
217	494	
220	495	
220	496	
220	497	
220	498	
220	499	
220	500	
221	501	
221	502	
220	503	
221	503	
220	504	
221	505	
220	506	
220	507	
222	508	
221	509	
222	509	
221	510	
221	511	
221	512	
222	513	
222	514	
222	515	
222	516	
222	517	
222	518	
222	519	
222	520	
223	521	
223	522	
223	523	
223	524	
223	525	
221	526	
225	527	
225	528	
225	529	
222	530	
224	531	
224	532	
224	533	
223	534	
223	535	
223	536	
223	537	
223	538	
226	539	
227	540	
227	541	
224	542	
224	543	
225	544	
227	545	
228	546	
226	547	
226	548	
226	549	
229	550	
230	551	
227	552	
230	552	
228	553	
229	554	
229	555	
229	556	
229	557	
228	558	
228	559	
228	560	
228	561	
228	562	
227	563	
228	564	
228	565	
229	566	
229	567	
229	568	
229	569	
229	570	
227	571	
227	572	
233	573	
233	574	
233	575	
233	576	
233	577	
233	578	
234	579	
233	580	
233	581	
233	582	
233	583	
233	584	
233	585	
234	586	
235	587	
234	588	
234	589	
235	590	
234	591	
233	592	
234	593	
234	594	
235	595	
235	596	
233	597	
234	597	
234	598	
234	599	
233	600	
233	601	
234	602	
234	603	
233	604	
236	605	
236	606	
235	607	
235	608	
235	609	
236	610	
236	611	
236	612	
235	613	
235	614	
236	615	
235	616	
234	617	
235	617	
235	618	
235	619	
236	620	
236	621	
235	622	
235	623	
236	624	
235	625	
236	625	
236	626	
235	627	
236	628	
236	629	
235	630	
235	631	
234	632	
234	633	
235	634	
233	635	
233	636	
236	637	
235	638	
235	639	
234	640	
234	641	
234	642	
233	643	
233	644	
234	645	
234	646	
234	647	
232	648	
232	649	
232	650	
232	651	
233	652	
233	653	
233	654	
233	655	
233	656	
233	657	
233	658	
229	659	
231	660	
230	661	
227	662	
227	663	
225	664	
229	665	
229	666	
229	667	
225	668	
225	669	
226	670	
226	671	
226	672	
225	673	
224	674	
223	675	
223	676	
223	677	
226	678	
225	679	
225	680	
224	681	
222	682	
222	683	
222	684	
225	685	
221	686	
220	687	
221	687	
222	688	
223	688	
222	689	
222	690	
222	691	
221	692	
221	693	
221	694	
221	695	
220	696	
221	696	
220	697	
221	698	
221	699	
220	700	
221	700	
220	701	
220	702	
220	703	
219	704	
218	705	
218	706	
219	707	
219	708	
218	709	
218	710	
217	711	
218	712	
217	713	
218	713	
218	714	
218	715	
215	716	
219	716	
215	717	
215	718	
219	719	
219	720	
218	721	
215	722	
215	723	
215	724	
215	725	
215	726	
215	727	
215	728	
211	729	
213	729	
211	730	
215	731	
215	732	
215	733	
213	734	
213	735	
213	736	
209	737	
209	738	
209	739	
209	740	
207	741	
207	742	
207	743	
207	744	
209	745	
209	746	
209	747	
141	830	
229	1063	
229	1064	
233	1068	
233	1069	
231	1073	
233	1073	
231	1074	
233	1105	
