146	37	
144	49	
144	52	
144	53	
219	473	
217	474	
221	475	
221	476	
221	477	
220	478	
220	479	
220	480	
220	481	
220	482	
220	483	
219	484	
219	485	
219	486	
220	487	
220	488	
220	489	
220	490	
220	491	
221	492	
220	493	
221	493	
221	494	
221	495	
221	496	
221	497	
220	498	
220	499	
220	500	
220	501	
220	502	
220	503	
222	504	
222	505	
222	506	
222	507	
222	508	
222	509	
222	510	
222	511	
222	512	
221	513	
221	514	
222	515	
223	516	
224	517	
221	518	
221	519	
221	520	
225	521	
225	522	
225	523	
225	524	
225	525	
225	526	
225	527	
226	528	
226	529	
226	530	
226	531	
227	531	
227	532	
227	533	
225	534	
224	535	
223	536	
224	537	
224	538	
225	539	
225	540	
225	541	
225	542	
227	543	
227	544	
227	545	
227	546	
229	547	
228	548	
228	549	
228	550	
230	551	
230	552	
231	552	
231	553	
230	554	
230	555	
230	556	
230	557	
230	558	
230	559	
229	560	
229	561	
230	562	
230	563	
230	564	
231	564	
231	565	
231	566	
229	567	
229	568	
229	569	
228	570	
230	571	
229	572	
233	573	
235	574	
233	575	
233	576	
233	577	
233	578	
233	579	
233	580	
233	581	
234	581	
237	582	
235	583	
235	584	
235	585	
237	586	
236	587	
236	588	
236	589	
236	590	
236	591	
235	592	
236	593	
236	594	
235	595	
235	596	
235	597	
235	598	
236	599	
236	600	
234	601	
233	602	
238	603	
235	604	
236	605	
235	606	
235	607	
236	608	
236	609	
238	610	
238	611	
238	612	
235	613	
235	614	
236	615	
236	616	
236	617	
237	617	
236	618	
236	619	
237	620	
238	620	
238	621	
236	622	
236	623	
236	624	
235	625	
236	625	
236	626	
237	627	
237	628	
236	629	
238	630	
236	631	
236	632	
237	632	
237	633	
236	634	
237	634	
236	635	
235	636	
235	637	
235	638	
236	639	
235	640	
236	640	
235	641	
235	642	
237	643	
236	644	
236	645	
236	646	
236	647	
235	648	
234	649	
235	650	
235	651	
234	652	
234	653	
234	654	
235	654	
232	655	
233	656	
234	657	
233	658	
233	659	
233	660	
230	661	
227	662	
230	663	
229	664	
230	665	
230	666	
227	667	
228	668	
228	669	
227	670	
227	671	
226	672	
226	673	
227	673	
229	674	
229	675	
224	676	
223	677	
223	678	
227	679	
223	680	
223	681	
223	682	
227	682	
223	683	
225	684	
222	685	
222	686	
222	687	
225	688	
224	689	
222	690	
221	691	
221	692	
220	693	
220	694	
223	695	
222	696	
221	697	
220	698	
221	699	
222	699	
222	700	
222	701	
221	702	
221	703	
221	704	
219	705	
219	706	
220	707	
220	708	
220	709	
220	710	
220	711	
220	712	
219	713	
218	714	
218	715	
218	716	
218	717	
219	718	
217	719	
217	720	
217	721	
217	722	
217	723	
217	724	
215	725	
215	726	
217	727	
217	728	
217	729	
217	730	
217	731	
215	732	
215	733	
215	734	
215	735	
213	736	
213	737	
213	738	
213	739	
215	740	
215	741	
215	742	
215	743	
215	744	
215	745	
213	746	
213	747	
213	748	
211	750	
141	782	
231	1062	
231	1063	
233	1064	
233	1065	
233	1066	
233	1067	
235	1068	
235	1069	
235	1070	
231	1071	
235	1071	
