146	53	
146	54	
146	55	
146	56	
221	471	
221	472	
221	473	
221	474	
221	475	
219	476	
219	477	
222	478	
222	479	
222	480	
222	481	
222	482	
222	483	
222	484	
222	485	
223	486	
222	487	
223	488	
223	489	
223	490	
222	491	
222	492	
223	493	
223	494	
222	495	
222	496	
221	497	
221	498	
221	499	
221	500	
221	501	
221	502	
221	503	
221	504	
225	505	
225	506	
225	507	
225	508	
225	509	
225	510	
225	511	
225	512	
225	513	
224	514	
224	515	
225	515	
224	516	
224	517	
223	518	
223	519	
223	520	
223	521	
223	522	
224	523	
227	524	
227	525	
227	526	
227	527	
227	528	
227	529	
227	530	
226	531	
225	532	
225	533	
225	534	
225	535	
225	536	
228	537	
227	538	
227	539	
229	540	
228	541	
228	542	
228	543	
231	544	
230	545	
231	546	
231	547	
230	548	
230	549	
231	549	
230	550	
230	551	
229	552	
231	553	
231	554	
232	555	
232	556	
232	557	
232	558	
232	559	
231	560	
232	560	
232	561	
231	562	
231	563	
232	563	
233	564	
232	565	
232	566	
230	567	
230	568	
230	569	
230	570	
235	571	
235	572	
235	573	
236	574	
234	575	
234	576	
234	577	
235	578	
235	579	
235	580	
235	581	
235	582	
235	583	
236	584	
236	585	
236	586	
236	587	
239	588	
239	589	
239	590	
236	591	
238	592	
239	593	
239	594	
239	595	
238	596	
239	596	
240	596	
238	597	
239	598	
239	599	
239	600	
239	601	
237	602	
238	603	
238	604	
238	605	
238	606	
238	607	
239	607	
239	608	
239	609	
238	610	
238	611	
238	612	
237	613	
238	613	
237	614	
238	615	
238	616	
238	617	
237	618	
238	618	
239	619	
237	620	
240	620	
237	621	
237	622	
238	623	
238	624	
238	625	
237	626	
237	627	
239	628	
239	629	
239	630	
240	631	
239	632	
238	633	
239	633	
238	634	
239	635	
239	636	
239	637	
239	638	
240	638	
237	639	
238	639	
238	640	
239	641	
236	642	
236	643	
236	644	
236	645	
236	646	
237	647	
238	647	
235	648	
236	649	
235	650	
235	651	
236	652	
237	653	
237	654	
233	655	
233	656	
237	657	
233	658	
233	659	
234	659	
234	660	
234	661	
235	662	
234	663	
235	663	
231	664	
233	665	
232	666	
232	667	
233	667	
232	668	
231	669	
231	670	
231	671	
230	672	
227	673	
227	674	
228	675	
229	676	
229	677	
229	678	
229	679	
225	680	
228	680	
225	681	
225	682	
225	683	
225	684	
225	685	
224	686	
225	687	
225	688	
224	689	
223	690	
225	691	
225	692	
221	693	
221	694	
221	695	
222	696	
222	697	
222	698	
222	699	
222	700	
222	701	
223	702	
223	703	
222	704	
222	705	
222	706	
222	707	
222	708	
222	709	
223	710	
223	711	
219	712	
219	713	
223	713	
223	714	
223	715	
223	716	
219	717	
219	718	
219	719	
219	720	
219	721	
219	722	
221	723	
221	724	
221	725	
221	726	
219	727	
219	728	
217	729	
217	730	
217	731	
217	732	
218	733	
219	734	
219	735	
219	736	
217	737	
217	738	
215	739	
215	740	
215	741	
219	742	
219	743	
219	744	
219	745	
217	746	
217	747	
217	748	
217	749	
215	750	
217	751	
217	752	
217	753	
215	754	
215	755	
215	756	
215	757	
231	1060	
231	1061	
233	1062	
233	1063	
233	1064	
233	1065	
233	1069	
233	1070	
234	1071	
235	1073	
235	1074	
234	1075	
239	1096	
