152	55	
152	56	
152	57	
152	64	
150	67	
227	430	
227	431	
227	432	
227	433	
227	434	
227	435	
227	436	
227	437	
226	438	
225	439	
225	440	
225	441	
225	442	
225	443	
226	444	
226	445	
225	446	
225	447	
225	448	
226	449	
226	450	
226	451	
226	452	
226	453	
225	454	
225	455	
225	456	
226	457	
226	458	
226	459	
226	460	
226	461	
227	462	
227	463	
225	464	
225	465	
223	466	
223	467	
223	468	
226	469	
227	469	
225	470	
229	471	
229	472	
229	473	
229	474	
229	475	
227	476	
227	477	
227	478	
228	478	
229	479	
229	480	
229	481	
230	482	
227	483	
227	484	
230	485	
230	486	
230	487	
230	488	
227	489	
227	490	
231	491	
230	492	
230	493	
230	494	
230	495	
229	496	
228	497	
228	498	
231	499	
230	500	
231	500	
229	501	
229	502	
229	503	
229	504	
230	505	
231	506	
230	507	
231	508	
229	509	
230	509	
231	509	
229	510	
232	511	
232	512	
229	513	
229	514	
232	515	
233	516	
232	517	
232	518	
231	519	
232	520	
232	521	
233	522	
231	523	
232	524	
233	525	
234	526	
235	526	
233	527	
231	528	
234	529	
235	530	
235	531	
234	532	
235	533	
233	534	
234	535	
235	536	
233	537	
234	538	
237	539	
237	540	
237	541	
235	542	
237	542	
235	543	
235	544	
235	545	
235	546	
236	547	
236	548	
238	549	
238	550	
239	551	
238	552	
239	553	
238	554	
238	555	
237	556	
238	557	
238	558	
238	559	
239	560	
238	561	
237	562	
237	563	
238	564	
237	565	
238	566	
238	567	
237	568	
242	569	
243	570	
242	571	
241	572	
241	573	
242	574	
243	575	
242	576	
244	576	
243	577	
242	578	
242	579	
241	580	
241	581	
241	582	
241	583	
241	584	
242	585	
241	586	
245	587	
244	588	
244	589	
244	590	
244	591	
244	592	
243	593	
244	594	
244	595	
244	596	
244	597	
246	598	
246	599	
246	600	
247	601	
247	602	
247	603	
247	604	
246	605	
246	606	
246	607	
246	608	
246	609	
247	610	
246	611	
246	612	
246	613	
247	613	
246	614	
246	615	
245	616	
246	616	
245	617	
245	618	
246	619	
247	620	
246	621	
245	622	
246	623	
246	624	
246	625	
245	626	
247	627	
247	628	
243	629	
244	630	
245	631	
245	632	
246	632	
245	633	
246	633	
245	634	
246	635	
245	636	
244	637	
245	638	
243	639	
243	640	
243	641	
247	642	
245	643	
246	644	
246	645	
246	646	
245	647	
245	648	
245	649	
245	650	
244	651	
244	652	
244	653	
245	653	
244	654	
244	655	
241	656	
242	657	
243	658	
243	659	
243	660	
242	661	
243	661	
242	662	
240	663	
240	664	
237	665	
237	666	
237	667	
239	668	
235	669	
235	670	
235	671	
237	672	
237	673	
237	674	
237	675	
233	676	
233	677	
231	678	
231	679	
234	680	
234	681	
233	682	
231	683	
231	684	
232	685	
233	686	
230	687	
229	688	
229	689	
229	690	
232	691	
232	692	
230	693	
230	694	
230	695	
231	696	
231	697	
231	698	
231	699	
231	700	
230	701	
228	702	
228	703	
231	704	
228	705	
230	705	
230	706	
227	707	
227	708	
231	708	
227	709	
227	710	
227	711	
231	712	
227	713	
231	714	
228	715	
230	715	
230	716	
227	717	
228	718	
228	719	
227	720	
227	721	
227	722	
227	723	
229	724	
229	725	
229	726	
230	727	
225	728	
229	729	
229	730	
226	731	
226	732	
226	733	
225	734	
225	735	
225	736	
229	737	
229	738	
229	739	
229	740	
229	741	
229	742	
225	743	
225	744	
225	745	
225	746	
228	747	
228	748	
229	749	
229	750	
229	751	
225	752	
225	753	
225	754	
229	755	
229	756	
225	757	
225	758	
225	759	
227	760	
227	761	
223	762	
227	763	
229	764	
227	765	
227	766	
229	767	
229	768	
225	769	
225	770	
227	771	
227	772	
227	773	
227	774	
225	775	
225	776	
227	777	
227	778	
225	779	
225	780	
227	781	
227	782	
227	783	
227	784	
227	785	
227	786	
227	787	
227	788	
225	789	
225	790	
227	791	
227	792	
223	793	
223	794	
223	795	
223	796	
223	797	
223	798	
225	799	
225	800	
223	801	
223	802	
223	803	
227	804	
223	805	
223	806	
225	807	
225	808	
223	809	
223	810	
225	811	
225	812	
225	813	
225	814	
225	815	
223	816	
223	817	
223	818	
225	819	
225	820	
225	821	
223	822	
227	823	
227	824	
227	825	
227	826	
223	827	
223	828	
223	829	
223	830	
223	831	
227	832	
226	833	
225	834	
225	835	
223	836	
223	837	
223	838	
223	839	
225	840	
225	841	
225	842	
223	843	
223	844	
221	845	
221	846	
223	849	
223	850	
225	851	
225	852	
219	853	
219	854	
223	855	
223	856	
223	857	
223	858	
219	859	
219	860	
221	861	
221	862	
221	863	
219	864	
219	865	
219	866	
221	867	
243	1057	
239	1059	
241	1063	
241	1064	
239	1065	
243	1067	
239	1069	
