156	43	
227	424	
227	425	
228	426	
227	427	
227	428	
227	429	
227	430	
227	431	
227	432	
229	433	
229	434	
228	435	
228	436	
228	437	
229	438	
230	439	
230	440	
230	441	
230	442	
231	443	
231	444	
230	445	
230	446	
230	447	
229	448	
230	448	
230	449	
231	450	
230	451	
230	452	
230	453	
228	454	
227	455	
228	455	
228	456	
229	457	
230	458	
229	459	
229	460	
229	461	
229	462	
229	463	
229	464	
228	465	
227	466	
227	467	
227	468	
229	469	
229	470	
229	471	
231	472	
231	473	
229	474	
229	475	
233	476	
232	477	
232	478	
232	479	
232	480	
231	481	
232	481	
230	482	
229	483	
233	484	
231	485	
231	486	
232	487	
232	488	
232	489	
233	490	
233	491	
231	492	
233	492	
231	493	
231	494	
232	495	
232	496	
232	497	
232	498	
232	499	
232	500	
232	501	
232	502	
233	503	
233	504	
233	505	
231	506	
231	507	
233	508	
233	509	
233	510	
233	511	
233	512	
233	513	
233	514	
233	515	
233	516	
237	516	
237	517	
236	518	
237	519	
237	520	
236	521	
236	522	
236	523	
236	524	
236	525	
237	526	
236	527	
235	528	
237	529	
237	530	
236	531	
237	532	
237	533	
238	534	
237	535	
238	536	
237	537	
238	538	
238	539	
239	540	
239	541	
240	542	
239	543	
239	544	
239	545	
241	546	
241	547	
240	548	
240	549	
240	550	
241	551	
239	552	
240	553	
240	554	
241	554	
241	555	
241	556	
240	557	
240	558	
240	559	
239	560	
239	561	
240	562	
240	563	
240	564	
241	565	
240	566	
240	567	
245	568	
246	569	
246	570	
247	570	
245	571	
242	572	
243	573	
247	574	
246	575	
245	576	
245	577	
245	578	
245	579	
247	580	
247	581	
246	582	
246	583	
245	584	
245	585	
248	586	
249	587	
249	588	
248	589	
247	590	
248	591	
247	592	
248	593	
247	594	
247	595	
247	596	
248	597	
248	598	
248	599	
248	600	
249	600	
248	601	
249	602	
249	603	
247	604	
247	605	
248	606	
248	607	
248	608	
249	609	
249	610	
249	611	
250	611	
250	612	
249	613	
250	614	
249	615	
247	616	
248	617	
247	618	
251	619	
247	620	
248	621	
248	622	
248	623	
248	624	
248	625	
248	626	
251	627	
251	628	
248	629	
251	629	
247	630	
248	631	
249	632	
248	633	
247	634	
247	635	
246	636	
248	637	
248	638	
248	639	
248	640	
248	641	
248	642	
248	643	
248	644	
249	645	
249	646	
246	647	
246	648	
246	649	
245	650	
245	651	
245	652	
246	653	
246	654	
246	655	
245	656	
246	657	
246	658	
244	659	
244	660	
246	660	
243	661	
243	662	
245	663	
241	664	
241	665	
241	666	
241	667	
241	668	
241	669	
241	670	
237	671	
237	672	
240	673	
235	674	
235	675	
237	676	
238	677	
237	678	
238	679	
237	680	
237	681	
236	682	
236	683	
234	684	
233	685	
233	686	
235	687	
235	688	
234	689	
234	690	
234	691	
233	692	
234	693	
234	694	
234	695	
233	696	
233	697	
233	698	
234	699	
231	700	
232	701	
232	702	
234	703	
235	704	
235	705	
233	706	
232	707	
233	708	
233	709	
234	710	
233	711	
233	712	
232	713	
232	714	
232	715	
232	716	
233	716	
232	717	
233	718	
233	719	
233	720	
232	721	
231	722	
233	722	
231	723	
231	724	
231	725	
232	726	
232	727	
232	728	
232	729	
231	730	
232	731	
232	732	
232	733	
232	734	
232	735	
232	736	
229	737	
229	738	
232	739	
232	740	
233	741	
233	742	
233	743	
232	744	
229	745	
229	746	
231	747	
231	748	
232	749	
233	750	
229	751	
229	752	
229	753	
229	754	
229	755	
229	756	
229	757	
227	758	
229	758	
229	759	
229	760	
229	761	
231	762	
231	763	
231	764	
231	765	
231	766	
231	767	
231	768	
231	769	
229	770	
231	771	
231	772	
231	773	
231	774	
231	775	
230	776	
230	777	
231	778	
231	779	
230	780	
231	780	
227	781	
227	782	
231	783	
231	784	
229	785	
229	786	
229	787	
227	788	
229	789	
231	790	
231	791	
231	792	
231	793	
231	794	
227	795	
228	796	
228	797	
229	798	
227	799	
227	800	
229	801	
229	802	
229	803	
227	804	
227	805	
227	806	
227	807	
227	808	
228	809	
229	810	
229	811	
229	812	
229	813	
226	814	
226	815	
231	816	
229	817	
229	818	
229	819	
229	820	
227	821	
227	822	
229	823	
229	824	
231	825	
231	826	
231	827	
231	828	
227	829	
227	830	
227	831	
227	832	
227	833	
229	834	
229	835	
231	836	
227	837	
227	838	
231	839	
231	840	
229	841	
229	842	
231	843	
231	844	
231	845	
229	846	
227	847	
229	848	
229	849	
229	850	
227	851	
227	852	
229	853	
229	854	
227	855	
227	856	
225	857	
225	858	
225	859	
225	860	
223	861	
223	862	
227	863	
227	864	
227	865	
227	866	
227	867	
225	868	
223	869	
223	870	
227	871	
227	872	
223	873	
223	874	
227	875	
227	876	
227	877	
225	878	
225	879	
225	880	
227	881	
227	882	
223	883	
223	884	
227	885	
227	886	
227	887	
227	888	
227	889	
227	890	
225	891	
223	892	
223	893	
223	894	
225	895	
225	896	
