156	63	
156	64	
156	65	
231	419	
231	420	
229	421	
229	422	
229	423	
229	424	
231	425	
231	426	
231	427	
229	428	
229	429	
233	430	
231	431	
231	432	
232	433	
233	434	
233	435	
232	436	
232	437	
231	438	
233	439	
233	440	
231	441	
231	442	
231	443	
231	444	
233	445	
233	446	
231	447	
233	448	
231	449	
231	450	
231	451	
231	452	
232	453	
232	454	
232	455	
232	456	
231	457	
231	458	
231	459	
231	460	
231	461	
231	462	
233	463	
229	464	
232	465	
232	466	
232	467	
229	468	
229	469	
230	470	
231	471	
231	472	
231	473	
231	474	
233	475	
231	476	
231	477	
234	478	
235	479	
235	480	
235	481	
235	482	
235	483	
235	484	
235	485	
235	486	
234	487	
234	488	
233	489	
233	490	
234	491	
234	492	
234	493	
234	494	
233	495	
234	495	
233	496	
235	497	
235	498	
235	499	
235	500	
233	501	
233	502	
233	503	
234	503	
236	504	
236	505	
233	506	
234	507	
235	508	
235	509	
235	510	
235	511	
235	512	
235	513	
236	514	
235	515	
239	516	
238	517	
238	518	
238	519	
238	520	
238	521	
238	522	
238	523	
238	524	
238	525	
238	526	
237	527	
238	528	
237	529	
237	530	
240	531	
240	532	
240	533	
237	534	
240	535	
238	536	
239	537	
239	538	
240	538	
239	539	
239	540	
239	541	
239	542	
239	543	
243	544	
243	545	
243	546	
240	547	
243	547	
241	548	
242	549	
241	550	
241	551	
242	552	
241	553	
241	554	
241	555	
241	556	
241	557	
241	558	
241	559	
242	560	
243	561	
242	562	
243	562	
242	563	
242	564	
241	565	
241	566	
247	567	
247	568	
248	568	
247	569	
246	570	
245	571	
245	572	
248	573	
248	574	
248	575	
248	576	
248	577	
247	578	
247	579	
247	580	
247	581	
247	582	
248	583	
249	584	
249	585	
251	586	
250	587	
249	588	
250	589	
249	590	
250	591	
251	592	
251	593	
251	594	
250	595	
250	596	
251	597	
250	598	
250	599	
251	600	
251	601	
251	602	
250	603	
252	604	
251	605	
251	606	
251	607	
252	607	
251	608	
250	609	
249	610	
251	611	
252	612	
250	613	
251	613	
250	614	
249	615	
253	616	
252	617	
251	618	
252	619	
252	620	
252	621	
250	622	
250	623	
252	624	
249	625	
249	626	
250	627	
250	628	
251	629	
249	630	
250	631	
249	632	
249	633	
250	634	
251	634	
252	635	
252	636	
252	637	
250	638	
250	639	
251	640	
250	641	
249	642	
251	643	
249	644	
250	645	
250	646	
250	647	
249	648	
250	649	
248	650	
248	651	
247	652	
248	653	
248	654	
247	655	
247	656	
247	657	
249	658	
248	659	
248	660	
247	661	
246	662	
246	663	
245	664	
243	665	
245	665	
243	666	
243	667	
245	668	
245	669	
245	670	
241	671	
239	672	
239	673	
239	674	
240	675	
241	676	
241	677	
238	678	
237	679	
237	680	
237	681	
238	682	
238	683	
238	684	
236	685	
236	686	
236	687	
236	688	
236	689	
236	690	
236	691	
236	692	
236	693	
236	694	
236	695	
236	696	
236	697	
234	698	
236	698	
237	699	
238	700	
237	701	
237	702	
236	703	
236	704	
236	705	
236	706	
236	707	
236	708	
237	709	
233	710	
233	711	
236	712	
235	713	
235	714	
235	715	
233	716	
235	717	
234	718	
233	719	
233	720	
233	721	
234	721	
234	722	
235	723	
235	724	
235	725	
235	726	
236	726	
236	727	
237	728	
234	729	
236	729	
234	730	
234	731	
233	732	
233	733	
233	734	
235	735	
234	736	
234	737	
234	738	
234	739	
234	740	
234	741	
234	742	
235	742	
235	743	
235	744	
234	745	
234	746	
234	747	
235	748	
235	749	
234	750	
231	751	
231	752	
231	753	
231	754	
231	755	
231	756	
231	757	
231	758	
231	759	
235	760	
235	761	
235	762	
235	763	
231	764	
231	765	
231	766	
231	767	
231	768	
231	769	
231	770	
231	771	
232	772	
233	773	
234	773	
233	774	
231	775	
234	775	
231	776	
231	777	
231	778	
231	779	
235	780	
231	781	
232	781	
231	782	
231	783	
231	784	
231	785	
231	786	
233	787	
233	788	
233	789	
233	790	
233	791	
233	792	
232	793	
232	794	
232	795	
232	796	
232	797	
233	798	
233	799	
233	800	
233	801	
233	802	
233	803	
233	804	
229	805	
229	806	
233	807	
233	808	
233	809	
230	810	
231	810	
233	811	
233	812	
233	813	
233	814	
233	815	
233	816	
233	817	
233	818	
233	819	
233	820	
233	821	
233	822	
233	823	
233	824	
233	825	
233	826	
232	827	
232	828	
233	829	
232	830	
232	831	
232	832	
232	833	
232	834	
231	835	
231	836	
233	837	
233	838	
233	839	
231	840	
231	841	
231	842	
231	843	
232	844	
231	845	
231	846	
232	847	
235	848	
232	849	
232	850	
233	851	
233	852	
231	853	
231	854	
230	855	
229	856	
231	857	
231	858	
231	859	
231	860	
231	861	
231	862	
227	863	
227	864	
227	865	
231	866	
231	867	
231	868	
227	869	
227	870	
231	871	
229	872	
227	873	
229	873	
227	874	
231	875	
227	876	
229	877	
229	878	
231	879	
231	880	
227	881	
227	882	
227	883	
227	884	
231	884	
229	885	
229	886	
227	887	
227	888	
227	889	
227	890	
227	891	
227	892	
229	893	
229	894	
227	895	
227	896	
227	897	
227	898	
229	899	
229	900	
225	901	
225	902	
227	903	
227	904	
225	905	
225	906	
225	907	
225	908	
225	909	
247	1051	
249	1108	
