160	43	
160	49	
158	53	
158	56	
158	57	
158	61	
158	62	
158	63	
231	417	
233	418	
233	419	
233	420	
233	421	
231	422	
231	423	
231	424	
231	425	
231	426	
233	427	
233	428	
233	429	
233	430	
233	431	
233	432	
233	433	
233	434	
233	435	
233	436	
233	437	
233	438	
234	439	
235	440	
235	441	
236	442	
236	443	
234	444	
233	445	
234	445	
233	446	
235	447	
235	448	
235	449	
235	450	
233	451	
234	452	
234	453	
234	454	
234	455	
235	456	
235	457	
233	458	
233	459	
234	460	
233	461	
234	462	
234	463	
231	464	
231	465	
232	466	
233	467	
233	468	
234	468	
233	469	
233	470	
233	471	
233	472	
233	473	
234	474	
234	475	
235	476	
235	477	
234	478	
235	479	
235	480	
236	480	
235	481	
234	482	
236	483	
236	484	
235	485	
235	486	
235	487	
235	488	
237	489	
236	490	
236	491	
236	492	
236	493	
236	494	
237	494	
236	495	
236	496	
236	497	
235	498	
235	499	
235	500	
235	501	
235	502	
235	503	
236	504	
236	505	
236	506	
235	507	
236	507	
238	507	
238	508	
236	509	
235	510	
239	511	
239	512	
239	513	
239	514	
239	515	
239	516	
237	517	
237	518	
241	518	
237	519	
241	520	
241	521	
241	522	
241	523	
240	524	
241	524	
239	525	
239	526	
240	526	
239	527	
241	528	
239	529	
242	530	
240	531	
240	532	
241	533	
241	534	
241	535	
241	536	
243	537	
243	538	
243	539	
243	540	
243	541	
243	542	
243	543	
243	544	
243	545	
241	546	
245	546	
241	547	
242	548	
242	549	
243	550	
244	551	
244	552	
244	553	
245	554	
245	555	
244	556	
244	557	
244	558	
243	559	
244	560	
244	561	
244	562	
244	563	
243	564	
243	565	
247	566	
245	567	
249	568	
249	569	
247	570	
247	571	
248	572	
248	573	
249	574	
248	575	
248	576	
250	577	
250	578	
249	579	
249	580	
248	581	
248	582	
249	583	
249	584	
249	585	
249	586	
250	586	
249	587	
249	588	
249	589	
250	589	
250	590	
249	591	
253	591	
252	592	
252	593	
252	594	
251	595	
250	596	
250	597	
250	598	
253	599	
253	600	
253	601	
252	602	
253	603	
252	604	
253	605	
252	606	
253	606	
253	607	
254	608	
253	609	
253	610	
252	611	
254	612	
253	613	
254	613	
253	614	
252	615	
254	616	
252	617	
254	617	
253	618	
254	619	
252	620	
254	620	
253	621	
252	622	
252	623	
251	624	
254	624	
251	625	
251	626	
251	627	
251	628	
251	629	
251	630	
251	631	
251	632	
251	633	
252	634	
252	635	
253	636	
254	637	
254	638	
253	639	
253	640	
253	641	
253	642	
252	643	
253	643	
251	644	
252	645	
252	646	
252	647	
251	648	
252	649	
251	650	
251	651	
252	652	
251	653	
249	654	
250	655	
250	656	
250	657	
251	658	
247	659	
247	660	
247	661	
249	662	
250	662	
249	663	
249	664	
249	665	
245	666	
245	667	
243	668	
243	669	
243	670	
242	671	
241	672	
241	673	
239	674	
243	675	
243	676	
243	677	
239	678	
239	679	
240	679	
240	680	
241	681	
240	682	
240	683	
238	684	
238	685	
238	686	
239	687	
239	688	
239	689	
239	690	
238	691	
238	692	
238	693	
238	694	
237	695	
237	696	
237	697	
238	698	
238	699	
238	700	
238	701	
238	702	
237	703	
238	704	
238	705	
235	706	
236	707	
236	708	
236	709	
236	710	
235	711	
235	712	
238	713	
237	714	
236	715	
235	716	
236	717	
236	718	
236	719	
237	720	
236	721	
235	722	
235	723	
239	724	
237	725	
237	726	
237	727	
237	728	
236	729	
237	729	
236	730	
236	731	
236	732	
236	733	
235	734	
236	734	
237	735	
234	736	
237	736	
235	737	
236	738	
237	739	
237	740	
236	741	
235	742	
235	743	
235	744	
235	745	
237	746	
235	747	
235	748	
233	749	
233	750	
233	751	
233	752	
237	753	
237	754	
237	755	
237	756	
237	757	
237	758	
233	759	
234	760	
237	761	
233	762	
233	763	
233	764	
234	764	
234	765	
234	766	
234	767	
233	768	
233	769	
233	770	
233	771	
233	772	
237	773	
237	774	
237	775	
237	776	
235	777	
233	778	
236	779	
236	780	
236	781	
236	782	
236	783	
236	784	
235	785	
236	785	
235	786	
235	787	
234	788	
234	789	
233	790	
233	791	
233	792	
236	793	
235	794	
236	794	
234	795	
234	796	
233	797	
234	797	
233	798	
232	799	
235	800	
235	801	
235	802	
235	803	
235	804	
231	805	
231	806	
235	807	
235	808	
235	809	
235	810	
235	811	
235	812	
235	813	
235	814	
235	815	
235	816	
235	817	
235	818	
235	819	
235	820	
234	821	
234	822	
232	823	
235	824	
235	825	
235	826	
235	827	
235	828	
235	829	
235	830	
233	831	
233	832	
233	833	
237	833	
237	834	
237	835	
237	836	
236	837	
235	838	
234	839	
233	840	
234	840	
233	841	
233	842	
233	843	
236	844	
237	845	
237	846	
233	847	
233	848	
233	849	
233	850	
233	851	
233	852	
233	853	
237	854	
235	855	
235	856	
235	857	
235	858	
231	859	
231	860	
235	861	
235	862	
235	863	
235	864	
231	865	
231	866	
233	867	
233	868	
233	869	
233	870	
233	871	
233	872	
229	873	
229	874	
231	875	
231	876	
233	877	
233	878	
231	879	
229	880	
229	881	
233	882	
233	883	
231	884	
229	885	
229	886	
229	887	
229	888	
231	889	
231	890	
233	891	
229	892	
229	893	
229	894	
231	895	
229	896	
229	897	
229	898	
231	899	
231	900	
231	901	
231	902	
231	903	
229	904	
229	905	
229	906	
229	907	
227	908	
227	909	
227	910	
227	911	
227	912	
227	913	
227	914	
227	915	
227	916	
245	1055	
245	1063	
249	1077	
