172	39	
170	65	
170	66	
170	67	
247	405	
247	406	
245	407	
245	408	
245	409	
245	410	
245	411	
247	412	
247	413	
247	414	
246	415	
247	416	
248	417	
248	418	
249	419	
249	420	
248	421	
248	422	
249	423	
249	424	
249	425	
249	426	
249	427	
249	428	
249	429	
249	430	
249	431	
248	432	
248	433	
247	434	
247	435	
247	436	
247	437	
247	438	
247	439	
248	440	
248	441	
249	442	
249	443	
249	444	
248	445	
249	446	
249	447	
250	448	
250	449	
249	450	
248	451	
248	452	
248	453	
248	454	
249	455	
247	456	
248	457	
248	458	
248	459	
248	460	
248	461	
248	462	
248	463	
248	464	
248	465	
248	466	
248	467	
248	468	
248	469	
248	470	
248	471	
245	472	
248	473	
245	474	
245	475	
246	476	
247	477	
247	478	
248	478	
247	479	
249	480	
249	481	
249	482	
247	483	
247	484	
249	485	
248	486	
249	487	
249	488	
249	489	
249	490	
249	491	
247	492	
247	493	
247	494	
247	495	
249	496	
249	497	
249	498	
250	499	
250	500	
251	501	
248	502	
248	503	
249	504	
249	505	
250	505	
249	506	
251	507	
251	508	
251	509	
251	510	
251	511	
250	512	
251	513	
252	514	
250	515	
252	516	
251	517	
251	518	
251	519	
251	520	
251	521	
251	522	
251	523	
251	524	
251	525	
251	526	
253	527	
253	528	
253	529	
251	530	
255	531	
255	532	
254	533	
253	534	
253	535	
254	536	
256	537	
256	538	
257	539	
257	540	
257	541	
256	542	
255	543	
256	544	
256	545	
257	546	
257	547	
256	548	
258	549	
258	550	
258	551	
257	552	
256	553	
256	554	
256	555	
255	556	
256	556	
256	557	
256	558	
254	559	
255	560	
255	561	
256	562	
257	563	
261	564	
261	565	
261	566	
261	567	
261	568	
260	569	
260	570	
261	571	
262	571	
262	572	
262	573	
262	574	
263	575	
262	576	
261	577	
259	578	
260	579	
261	580	
261	581	
261	582	
262	583	
261	584	
262	584	
262	585	
262	586	
261	587	
264	588	
264	589	
264	590	
265	591	
264	592	
264	593	
263	594	
265	595	
266	596	
265	597	
265	598	
265	599	
264	600	
264	601	
264	602	
266	603	
265	604	
266	604	
263	605	
263	606	
264	607	
267	608	
266	609	
265	610	
266	611	
264	612	
265	613	
263	614	
263	615	
263	616	
264	617	
263	618	
264	619	
264	620	
264	621	
265	621	
265	622	
266	623	
266	624	
266	625	
264	626	
263	627	
263	628	
263	629	
263	630	
263	631	
262	632	
266	633	
266	634	
266	635	
266	636	
263	637	
263	638	
263	639	
263	640	
265	641	
264	642	
264	643	
264	644	
264	645	
264	646	
264	647	
263	648	
264	649	
263	650	
264	650	
264	651	
263	652	
263	653	
263	654	
262	655	
261	656	
261	657	
263	658	
263	659	
263	660	
263	661	
261	662	
261	663	
259	664	
259	665	
261	667	
261	668	
261	669	
261	670	
259	671	
259	672	
261	673	
261	674	
261	675	
259	676	
261	677	
261	678	
261	679	
261	680	
261	681	
261	683	
261	684	
261	685	
259	686	
261	687	
257	688	
261	689	
259	690	
259	691	
257	695	
257	696	
259	698	
257	700	
257	701	
257	702	
261	703	
261	704	
257	705	
257	706	
259	707	
259	708	
259	709	
259	710	
259	711	
257	712	
255	716	
255	717	
255	720	
255	721	
255	722	
255	723	
255	724	
255	725	
251	726	
251	727	
252	728	
251	729	
251	730	
251	731	
251	732	
251	733	
251	734	
255	735	
255	736	
254	737	
253	738	
252	739	
253	739	
253	740	
253	741	
254	742	
254	743	
253	744	
251	745	
251	746	
250	747	
251	747	
254	748	
253	749	
252	750	
253	751	
253	752	
249	753	
253	754	
249	755	
249	756	
249	757	
249	758	
250	759	
250	760	
250	761	
249	762	
249	763	
249	764	
249	765	
251	766	
251	767	
250	768	
251	768	
249	769	
249	770	
249	771	
251	772	
251	773	
251	774	
251	775	
251	776	
251	777	
251	778	
251	779	
250	780	
251	780	
250	781	
250	782	
251	783	
251	784	
251	785	
249	786	
249	787	
249	788	
249	789	
251	790	
251	791	
251	792	
251	793	
251	794	
251	795	
251	796	
250	797	
250	798	
249	799	
249	800	
249	801	
249	802	
249	803	
251	804	
251	805	
251	806	
248	807	
249	807	
247	808	
249	809	
250	810	
251	811	
251	812	
251	813	
251	814	
251	815	
251	816	
251	817	
251	818	
251	819	
251	820	
247	821	
247	822	
247	823	
251	824	
251	825	
251	826	
251	827	
250	828	
251	829	
251	830	
253	831	
247	832	
251	833	
249	834	
249	835	
249	836	
251	837	
251	838	
249	839	
249	840	
253	841	
253	842	
253	843	
253	844	
253	845	
252	846	
251	847	
251	848	
251	849	
250	850	
251	851	
253	852	
253	853	
252	854	
250	855	
251	855	
250	856	
253	857	
253	858	
249	859	
249	860	
250	861	
252	862	
253	863	
253	864	
253	865	
253	866	
250	867	
251	868	
251	869	
252	870	
252	871	
252	872	
252	873	
251	874	
251	875	
250	876	
249	877	
249	878	
249	879	
252	879	
251	880	
251	881	
251	882	
250	883	
250	884	
250	885	
247	886	
249	887	
249	888	
251	889	
251	890	
247	891	
247	892	
251	893	
251	894	
249	895	
249	896	
251	897	
251	898	
247	899	
247	900	
247	901	
247	902	
247	903	
247	904	
247	905	
247	906	
249	907	
247	908	
249	908	
247	909	
247	910	
246	911	
249	912	
249	913	
249	914	
247	915	
249	916	
249	917	
249	918	
245	919	
245	920	
249	921	
249	922	
263	1015	
263	1016	
265	1017	
261	1027	
259	1055	
263	1069	
