247	401	
247	402	
249	404	
249	405	
249	406	
249	407	
251	408	
252	409	
252	410	
251	411	
250	412	
249	413	
253	414	
253	415	
253	416	
253	417	
253	418	
253	419	
253	420	
253	421	
253	422	
252	423	
252	424	
252	425	
252	426	
253	427	
254	428	
253	429	
253	430	
252	431	
251	432	
251	433	
251	434	
251	435	
251	436	
251	437	
251	438	
252	439	
252	440	
252	441	
251	442	
251	443	
253	444	
253	445	
253	446	
252	447	
253	447	
251	448	
251	449	
251	450	
252	451	
252	452	
252	453	
252	454	
253	455	
252	456	
251	457	
252	457	
251	458	
251	459	
251	460	
253	461	
252	462	
252	463	
252	464	
250	465	
252	465	
250	466	
250	467	
252	468	
252	469	
252	470	
252	471	
251	472	
251	473	
251	474	
251	475	
252	476	
253	477	
253	478	
251	479	
251	480	
251	481	
254	482	
251	483	
251	484	
253	485	
253	486	
254	487	
254	488	
254	489	
254	490	
253	491	
254	491	
253	492	
252	493	
251	494	
254	495	
254	496	
254	497	
253	498	
254	498	
253	499	
251	500	
251	501	
251	502	
253	503	
253	504	
253	505	
255	506	
253	507	
257	508	
255	509	
255	510	
254	511	
254	512	
253	513	
253	514	
257	515	
257	516	
257	517	
257	518	
257	519	
256	520	
256	521	
256	522	
257	523	
257	524	
256	525	
256	526	
257	527	
256	528	
257	528	
257	529	
257	530	
257	531	
257	532	
259	533	
259	534	
259	535	
259	536	
260	536	
259	537	
259	538	
259	539	
259	540	
260	541	
259	542	
259	543	
260	544	
261	545	
260	546	
260	547	
259	548	
262	549	
261	550	
260	551	
261	552	
261	553	
261	554	
260	555	
260	556	
260	557	
259	558	
260	559	
259	560	
258	561	
257	562	
257	563	
265	564	
265	565	
265	566	
264	567	
264	568	
264	569	
265	570	
266	571	
266	572	
267	573	
263	574	
267	575	
266	576	
266	577	
264	578	
266	579	
267	580	
268	581	
268	582	
268	583	
267	584	
265	585	
265	586	
266	587	
266	588	
265	589	
267	590	
266	591	
266	592	
268	593	
268	594	
268	595	
268	596	
267	597	
266	598	
269	599	
268	600	
267	601	
268	601	
267	602	
267	603	
267	604	
267	605	
267	606	
270	607	
270	608	
268	609	
268	610	
267	611	
267	612	
270	613	
270	614	
271	615	
270	616	
271	617	
271	618	
270	619	
270	620	
270	621	
268	622	
270	622	
268	623	
270	624	
268	625	
268	626	
268	627	
268	628	
267	629	
270	630	
268	631	
267	632	
268	632	
268	633	
267	634	
269	635	
269	636	
267	637	
269	638	
267	639	
268	639	
271	640	
269	641	
268	642	
267	643	
268	644	
269	645	
269	646	
269	647	
267	648	
268	649	
268	650	
267	651	
267	652	
267	653	
269	654	
265	655	
265	656	
265	657	
265	658	
265	659	
265	660	
265	661	
265	662	
267	663	
263	664	
263	665	
265	666	
263	667	
263	668	
265	669	
265	670	
265	671	
265	672	
265	673	
265	674	
263	675	
263	676	
267	677	
265	678	
265	679	
265	680	
265	681	
266	682	
263	684	
263	685	
265	686	
265	687	
265	688	
265	689	
263	690	
265	691	
265	692	
263	693	
263	694	
263	695	
263	697	
263	698	
265	699	
265	700	
265	701	
265	702	
265	703	
261	704	
261	705	
261	706	
261	707	
262	708	
261	711	
261	712	
261	713	
263	714	
263	715	
263	716	
261	717	
261	718	
261	719	
261	720	
259	725	
259	726	
259	727	
258	728	
259	728	
257	729	
257	730	
257	731	
257	732	
255	733	
256	734	
259	735	
257	736	
259	737	
256	738	
256	739	
255	740	
255	741	
255	742	
255	743	
256	744	
256	745	
259	746	
255	747	
255	748	
255	749	
255	750	
255	751	
256	752	
256	753	
256	754	
257	755	
253	756	
253	757	
254	758	
256	759	
256	760	
254	761	
255	762	
257	763	
253	764	
253	765	
254	766	
253	767	
253	768	
253	769	
253	770	
253	771	
254	772	
254	773	
255	774	
255	775	
255	776	
253	777	
255	778	
255	779	
256	780	
255	781	
255	782	
255	783	
255	784	
254	785	
254	786	
253	787	
254	787	
257	788	
256	789	
255	790	
255	791	
255	792	
254	793	
253	794	
253	795	
253	796	
254	797	
255	798	
255	799	
255	800	
255	801	
255	802	
255	803	
253	804	
253	805	
253	806	
253	807	
254	808	
255	809	
256	810	
255	811	
255	812	
253	813	
253	814	
255	815	
254	816	
254	817	
254	818	
255	819	
255	820	
255	821	
255	822	
255	823	
255	824	
255	825	
255	826	
256	827	
256	828	
257	829	
257	830	
253	831	
253	832	
253	833	
257	834	
257	835	
257	836	
257	837	
257	838	
257	839	
257	840	
255	841	
254	842	
257	843	
257	844	
255	845	
255	846	
253	847	
257	848	
257	849	
257	850	
257	851	
257	852	
257	853	
257	854	
253	855	
253	856	
257	857	
257	858	
257	859	
257	860	
257	861	
257	862	
254	863	
253	864	
253	865	
253	866	
253	867	
254	868	
256	869	
256	870	
256	871	
256	872	
254	873	
253	874	
253	875	
253	876	
253	877	
253	878	
253	879	
257	880	
257	881	
253	882	
253	883	
253	884	
255	885	
255	886	
255	887	
255	888	
253	889	
252	890	
254	891	
254	892	
254	893	
254	894	
254	895	
252	896	
251	897	
251	898	
253	899	
255	900	
255	901	
255	902	
255	903	
254	904	
254	905	
251	906	
251	907	
251	908	
251	909	
251	910	
251	911	
251	912	
255	913	
254	914	
253	915	
254	916	
253	917	
253	918	
251	919	
251	920	
253	921	
253	922	
253	923	
253	924	
253	925	
253	926	
267	1010	
267	1011	
265	1012	
265	1013	
265	1014	
267	1015	
267	1016	
269	1017	
269	1018	
265	1021	
269	1023	
271	1089	
