243	390	
243	391	
241	392	
243	393	
243	394	
241	395	
243	396	
243	397	
243	398	
243	399	
251	400	
251	401	
251	402	
251	403	
251	404	
252	405	
255	406	
255	407	
255	408	
253	409	
253	410	
253	411	
253	412	
253	413	
253	414	
253	415	
253	416	
253	417	
254	418	
255	419	
255	420	
255	421	
254	422	
255	423	
253	424	
254	425	
253	426	
253	427	
254	428	
254	429	
256	430	
256	431	
256	432	
257	433	
257	434	
256	435	
256	436	
256	437	
256	438	
256	439	
256	440	
256	441	
255	442	
256	443	
256	444	
256	445	
256	446	
256	447	
256	448	
256	449	
256	450	
256	451	
256	452	
255	453	
255	454	
255	455	
255	456	
254	457	
254	458	
254	459	
254	460	
255	461	
254	462	
254	463	
254	464	
254	465	
255	466	
254	467	
255	468	
255	469	
254	470	
255	470	
254	471	
253	472	
253	473	
253	474	
254	474	
253	475	
254	475	
253	476	
254	477	
256	478	
256	479	
256	480	
255	481	
256	482	
255	483	
255	484	
255	485	
255	486	
255	487	
255	488	
255	489	
255	490	
255	491	
257	492	
256	493	
257	493	
257	494	
257	495	
257	496	
256	497	
256	498	
257	498	
255	499	
255	500	
256	500	
256	501	
255	502	
255	503	
258	504	
259	505	
258	506	
257	507	
257	508	
257	509	
258	510	
258	511	
258	512	
258	513	
258	514	
258	515	
258	516	
258	517	
259	518	
259	519	
258	520	
259	520	
259	521	
260	521	
260	522	
260	523	
261	523	
261	524	
261	525	
261	526	
259	527	
260	527	
259	528	
259	529	
259	530	
259	531	
259	532	
259	533	
261	534	
261	535	
261	536	
261	537	
261	538	
264	539	
265	540	
264	541	
264	542	
264	543	
265	544	
264	545	
263	546	
265	546	
264	547	
265	547	
264	548	
264	549	
264	550	
263	551	
263	552	
264	553	
261	554	
264	554	
262	555	
262	556	
263	557	
262	558	
262	559	
262	560	
262	561	
261	562	
263	563	
267	564	
267	565	
267	566	
267	567	
267	568	
268	569	
269	570	
269	571	
268	572	
268	573	
269	574	
269	575	
268	576	
268	577	
266	578	
267	579	
270	580	
267	581	
267	582	
269	582	
269	583	
270	583	
268	584	
268	585	
268	586	
269	586	
270	587	
269	588	
269	589	
269	590	
270	591	
270	592	
271	593	
271	594	
271	595	
271	596	
269	597	
273	598	
273	599	
269	600	
269	601	
269	602	
271	603	
272	604	
270	605	
270	606	
270	607	
273	607	
270	608	
273	609	
272	610	
272	611	
271	612	
272	612	
270	613	
271	613	
271	614	
270	615	
271	616	
272	616	
273	617	
272	618	
273	619	
273	620	
273	621	
273	622	
272	623	
273	624	
272	625	
272	626	
273	627	
272	628	
271	629	
272	630	
271	631	
272	631	
272	632	
272	633	
271	634	
272	635	
272	636	
273	637	
273	638	
272	639	
273	639	
273	640	
271	641	
272	642	
270	643	
269	644	
269	645	
269	646	
269	647	
269	648	
271	649	
269	650	
270	650	
269	651	
269	652	
269	653	
269	654	
271	655	
271	656	
269	657	
269	658	
269	659	
267	660	
269	661	
265	662	
265	663	
269	665	
269	666	
269	667	
267	668	
269	669	
269	670	
269	671	
267	672	
267	673	
267	674	
269	675	
269	676	
269	677	
269	678	
269	679	
269	680	
268	681	
267	682	
269	683	
269	684	
265	685	
265	686	
265	687	
269	688	
269	689	
265	690	
267	691	
267	692	
267	693	
269	694	
269	695	
269	696	
269	697	
265	698	
265	699	
265	700	
267	701	
267	702	
267	703	
265	704	
265	705	
265	706	
267	707	
267	708	
265	709	
265	710	
265	711	
265	712	
267	713	
267	714	
265	715	
265	716	
265	717	
265	718	
267	719	
267	720	
266	721	
265	722	
263	725	
261	726	
261	727	
259	728	
263	729	
262	730	
261	731	
262	731	
260	732	
260	733	
260	734	
262	734	
262	735	
259	736	
259	737	
260	737	
259	738	
260	739	
260	740	
260	741	
260	742	
260	743	
260	744	
261	745	
261	746	
261	747	
261	748	
261	749	
261	750	
257	751	
258	752	
258	753	
258	754	
257	755	
261	756	
257	757	
257	758	
257	759	
257	760	
258	761	
258	762	
258	763	
258	764	
258	765	
256	766	
256	767	
257	768	
257	769	
257	770	
259	771	
259	772	
259	773	
256	774	
259	775	
259	776	
259	777	
256	778	
257	779	
257	780	
257	781	
257	782	
259	782	
256	783	
256	784	
258	785	
258	786	
258	787	
257	788	
256	789	
255	790	
259	791	
259	792	
256	793	
256	794	
256	795	
256	796	
257	797	
257	798	
258	799	
258	800	
258	801	
255	802	
255	803	
259	804	
259	805	
260	805	
259	806	
260	807	
259	808	
259	809	
259	810	
259	811	
259	812	
259	813	
258	814	
258	815	
259	816	
256	817	
256	818	
259	818	
255	819	
258	820	
257	821	
256	822	
256	823	
259	824	
258	825	
257	826	
256	827	
256	828	
258	828	
257	829	
257	830	
257	831	
257	832	
260	833	
259	834	
259	835	
259	836	
259	837	
259	838	
260	838	
259	839	
260	840	
260	841	
258	842	
260	843	
260	844	
261	845	
260	846	
260	847	
259	848	
260	849	
260	850	
258	851	
260	852	
260	853	
260	854	
261	855	
260	856	
257	857	
260	857	
257	858	
257	859	
258	860	
257	861	
257	862	
257	863	
257	864	
258	865	
256	866	
257	867	
260	868	
259	869	
257	870	
257	871	
257	872	
257	873	
260	874	
260	875	
259	876	
259	877	
259	878	
259	879	
259	880	
259	881	
259	882	
259	883	
259	884	
257	885	
257	886	
257	887	
255	888	
255	889	
255	890	
257	891	
257	892	
255	893	
255	894	
255	895	
255	896	
255	897	
255	898	
259	899	
259	900	
259	901	
255	902	
255	903	
255	904	
255	905	
255	906	
259	907	
259	908	
255	909	
257	910	
257	911	
257	912	
257	913	
257	914	
257	915	
257	916	
257	917	
257	918	
255	919	
255	920	
253	921	
253	922	
253	923	
257	924	
255	925	
255	926	
271	1013	
271	1017	
267	1018	
267	1019	
267	1020	
269	1021	
267	1022	
271	1022	
267	1023	
271	1024	
271	1025	
271	1026	
271	1067	
271	1088	
271	1089	
275	1092	
275	1093	
