245	384	
245	385	
244	386	
243	387	
243	388	
245	388	
243	389	
245	390	
245	391	
245	392	
245	393	
245	394	
243	395	
243	396	
245	397	
251	399	
251	400	
255	401	
253	402	
253	403	
253	404	
253	405	
253	406	
253	407	
257	408	
255	409	
255	410	
255	411	
257	412	
257	413	
257	414	
256	415	
257	415	
257	416	
257	417	
257	418	
258	419	
258	420	
257	421	
257	422	
255	423	
255	424	
255	425	
258	426	
258	427	
255	428	
255	429	
256	430	
258	431	
258	432	
257	433	
257	434	
256	435	
258	436	
258	437	
257	438	
257	439	
256	440	
257	440	
257	441	
257	442	
257	443	
257	444	
256	445	
256	446	
257	446	
255	447	
255	448	
255	449	
257	450	
257	451	
257	452	
257	453	
256	454	
256	455	
255	456	
255	457	
255	458	
255	459	
256	460	
255	461	
255	462	
255	463	
256	464	
256	465	
256	466	
255	467	
256	467	
255	468	
256	468	
256	469	
256	470	
256	471	
257	472	
256	473	
256	474	
256	475	
255	476	
255	477	
255	478	
255	479	
256	480	
255	481	
255	482	
256	483	
257	484	
257	485	
259	486	
259	487	
258	488	
258	489	
257	490	
258	491	
258	492	
259	492	
258	493	
259	494	
259	495	
259	496	
258	497	
258	498	
258	499	
257	500	
257	501	
257	502	
257	503	
257	504	
259	505	
259	506	
261	507	
257	508	
257	509	
257	510	
259	511	
259	512	
258	513	
257	514	
259	515	
259	516	
259	517	
259	518	
259	519	
259	520	
260	520	
260	521	
259	522	
259	523	
260	524	
260	525	
261	526	
263	527	
262	528	
261	529	
261	530	
261	531	
263	532	
261	533	
261	534	
265	535	
265	536	
265	537	
265	538	
265	539	
263	540	
263	541	
267	542	
267	543	
267	544	
264	545	
264	546	
265	547	
265	548	
264	549	
264	550	
263	551	
263	552	
263	553	
265	554	
263	555	
263	556	
263	557	
264	558	
263	559	
264	560	
263	561	
264	562	
265	563	
265	564	
269	565	
269	566	
269	567	
269	568	
269	569	
269	570	
267	571	
267	572	
268	573	
269	574	
269	575	
268	576	
268	577	
268	578	
271	579	
271	580	
271	581	
271	582	
271	583	
272	584	
273	584	
270	585	
270	586	
269	587	
269	588	
269	589	
269	590	
273	591	
273	592	
273	593	
270	594	
270	595	
270	596	
270	597	
273	598	
272	599	
271	600	
271	601	
271	602	
271	603	
275	604	
274	605	
273	606	
274	606	
275	607	
272	608	
272	609	
272	610	
272	611	
272	612	
274	613	
274	614	
275	614	
274	615	
272	616	
274	616	
272	617	
272	618	
273	619	
274	619	
272	620	
274	621	
272	622	
274	623	
274	624	
274	625	
273	626	
273	627	
273	628	
274	628	
273	629	
273	630	
273	631	
273	632	
273	633	
274	634	
272	635	
272	636	
272	637	
273	638	
272	639	
272	640	
271	641	
271	642	
272	643	
273	644	
272	645	
271	646	
271	647	
273	648	
274	649	
270	650	
270	651	
270	652	
270	653	
271	654	
269	655	
269	656	
271	657	
271	658	
271	659	
271	660	
268	661	
269	661	
267	662	
267	663	
271	664	
267	665	
267	666	
271	667	
271	668	
271	669	
269	671	
269	672	
271	673	
271	674	
271	675	
269	676	
271	677	
271	678	
271	679	
269	680	
271	681	
271	682	
271	683	
267	684	
267	685	
271	686	
269	687	
269	688	
269	689	
269	690	
267	691	
267	692	
267	693	
271	694	
267	695	
269	696	
269	697	
269	698	
269	699	
269	701	
269	702	
267	703	
267	704	
267	705	
267	706	
267	707	
267	708	
267	709	
267	710	
269	711	
267	714	
269	715	
269	716	
265	718	
265	719	
265	720	
265	724	
263	725	
263	726	
263	727	
263	728	
263	729	
263	730	
261	731	
261	732	
261	733	
262	734	
263	735	
263	736	
264	737	
264	738	
260	739	
263	740	
263	741	
263	742	
263	743	
260	744	
263	744	
260	745	
260	746	
260	747	
262	748	
262	749	
262	750	
262	751	
259	752	
260	752	
262	753	
262	754	
261	755	
259	756	
259	757	
262	758	
262	759	
259	760	
259	761	
261	762	
261	763	
261	764	
261	765	
261	766	
261	767	
261	768	
260	769	
260	770	
258	771	
258	772	
258	773	
257	774	
257	775	
257	776	
258	777	
257	778	
257	779	
257	780	
257	781	
257	782	
257	783	
258	784	
258	785	
257	786	
257	787	
257	788	
257	789	
257	790	
257	791	
257	792	
261	793	
261	794	
261	795	
261	796	
258	797	
257	798	
257	799	
258	800	
258	801	
258	802	
259	802	
261	803	
261	804	
260	805	
259	806	
258	807	
257	808	
257	809	
257	810	
257	811	
261	812	
261	813	
261	814	
261	815	
258	816	
258	817	
259	818	
260	819	
261	820	
261	821	
261	822	
261	823	
257	824	
257	825	
257	826	
257	827	
257	828	
261	829	
261	830	
261	831	
261	832	
261	833	
261	834	
261	835	
261	836	
260	837	
260	838	
259	839	
259	840	
259	841	
259	842	
261	843	
261	844	
261	845	
261	846	
261	847	
261	848	
261	849	
259	850	
259	851	
259	852	
260	853	
260	854	
261	855	
261	856	
261	857	
261	858	
261	859	
259	860	
259	861	
259	862	
261	863	
261	864	
259	865	
259	866	
261	867	
261	868	
261	869	
261	870	
261	871	
261	872	
260	873	
260	874	
260	875	
260	876	
259	877	
258	878	
257	879	
257	880	
261	881	
261	882	
261	883	
261	884	
257	885	
257	886	
258	887	
261	888	
261	889	
261	890	
257	891	
257	892	
259	893	
259	894	
257	895	
257	896	
257	897	
257	898	
257	899	
257	900	
259	901	
259	902	
260	903	
255	904	
257	905	
257	906	
259	907	
259	908	
259	909	
256	910	
256	911	
256	912	
259	913	
258	914	
257	915	
255	916	
259	917	
259	918	
255	919	
257	920	
257	921	
255	922	
255	923	
255	924	
255	925	
271	1013	
271	1014	
269	1015	
269	1016	
269	1017	
269	1018	
273	1019	
273	1020	
273	1021	
273	1022	
271	1023	
271	1024	
271	1025	
267	1053	
267	1054	
275	1080	
