187	9	
249	376	
249	377	
249	378	
247	379	
247	380	
248	381	
249	382	
249	383	
249	384	
247	385	
247	386	
247	387	
247	388	
247	389	
248	390	
249	391	
248	392	
248	393	
249	394	
249	395	
249	396	
257	397	
257	398	
255	399	
255	400	
257	401	
257	402	
257	403	
257	404	
259	405	
258	406	
257	407	
257	408	
257	409	
258	410	
258	411	
259	411	
259	412	
261	413	
261	414	
260	415	
260	416	
260	417	
261	417	
261	418	
261	419	
261	420	
260	421	
260	422	
259	423	
260	423	
260	424	
259	425	
259	426	
259	427	
259	428	
259	429	
259	430	
259	431	
259	432	
259	433	
259	434	
259	435	
259	436	
260	437	
260	438	
260	439	
259	440	
259	441	
259	442	
260	443	
259	444	
260	445	
259	446	
260	447	
259	448	
259	449	
260	450	
259	451	
260	451	
261	452	
260	453	
260	454	
260	455	
260	456	
260	457	
261	457	
261	458	
261	459	
262	459	
261	460	
260	461	
260	462	
260	463	
261	463	
261	464	
257	465	
258	466	
259	467	
259	468	
259	469	
258	470	
258	471	
257	472	
258	473	
258	474	
259	475	
259	476	
261	477	
261	478	
260	479	
261	480	
259	481	
259	482	
260	483	
260	484	
260	485	
260	486	
261	487	
261	488	
261	489	
262	490	
261	491	
261	492	
261	493	
262	494	
262	495	
262	496	
259	497	
262	497	
259	498	
260	498	
262	499	
263	500	
263	501	
263	502	
263	503	
263	504	
262	505	
263	506	
262	507	
263	507	
261	508	
262	509	
263	509	
261	510	
260	511	
261	512	
261	513	
262	514	
263	515	
264	516	
264	517	
264	518	
263	519	
264	519	
263	520	
263	521	
264	522	
265	523	
265	524	
265	525	
265	526	
266	527	
264	528	
265	529	
265	530	
265	531	
265	532	
265	533	
266	534	
266	535	
267	536	
267	537	
265	538	
265	539	
269	540	
269	541	
269	542	
268	543	
268	544	
267	545	
268	546	
267	547	
268	548	
267	549	
267	550	
268	551	
265	552	
267	553	
268	554	
267	555	
267	556	
267	557	
266	558	
267	559	
266	560	
266	561	
265	562	
266	563	
267	563	
265	564	
271	565	
269	566	
272	567	
273	568	
272	569	
273	570	
271	571	
272	572	
270	573	
270	574	
271	574	
272	575	
272	576	
271	577	
271	578	
272	579	
271	580	
271	581	
271	582	
271	583	
271	584	
274	585	
275	585	
273	586	
274	587	
274	588	
275	589	
274	590	
274	591	
274	592	
274	593	
273	594	
274	594	
273	595	
274	595	
274	596	
274	597	
274	598	
274	599	
273	600	
273	601	
273	602	
273	603	
275	603	
273	604	
275	605	
276	606	
275	607	
274	608	
276	608	
277	609	
276	610	
276	611	
274	612	
274	613	
273	614	
275	615	
276	616	
276	617	
275	618	
276	619	
275	620	
275	621	
274	622	
277	622	
274	623	
277	624	
277	625	
273	626	
276	627	
276	628	
276	629	
275	630	
274	631	
275	631	
275	632	
274	633	
277	634	
276	635	
277	635	
276	636	
277	637	
277	638	
275	639	
275	640	
274	641	
275	641	
273	642	
277	643	
276	644	
277	644	
277	645	
276	646	
277	646	
273	647	
273	648	
275	649	
275	650	
275	651	
276	651	
274	652	
275	653	
272	654	
275	655	
275	656	
275	657	
275	658	
273	659	
273	660	
272	661	
271	662	
271	663	
271	664	
271	665	
273	666	
273	667	
273	668	
273	669	
273	670	
273	671	
273	672	
273	673	
271	674	
272	675	
273	676	
273	677	
271	678	
272	678	
271	679	
271	680	
273	681	
273	682	
272	683	
271	684	
271	685	
272	686	
273	687	
271	688	
275	689	
275	690	
275	691	
271	692	
273	693	
273	694	
271	695	
271	696	
271	697	
273	698	
273	699	
269	700	
273	701	
273	702	
273	703	
271	704	
273	705	
273	706	
273	707	
271	708	
271	709	
271	710	
273	711	
273	712	
269	713	
269	714	
269	715	
271	716	
271	717	
271	718	
267	721	
267	722	
267	723	
267	724	
267	725	
269	727	
268	728	
267	729	
267	730	
268	731	
267	732	
266	733	
266	734	
265	735	
266	736	
266	737	
266	738	
267	738	
265	739	
265	740	
265	741	
265	742	
265	743	
264	744	
264	745	
263	746	
267	747	
267	748	
263	749	
263	750	
264	750	
263	751	
264	752	
266	753	
265	754	
266	755	
265	756	
265	757	
265	758	
262	759	
262	760	
263	761	
263	762	
263	763	
264	763	
264	764	
261	765	
261	766	
264	767	
264	768	
263	769	
263	770	
262	771	
261	772	
261	773	
262	774	
263	775	
263	776	
262	777	
261	778	
261	779	
261	780	
262	781	
263	782	
263	783	
263	784	
263	785	
263	786	
264	787	
261	788	
261	789	
261	790	
261	791	
261	792	
261	793	
262	793	
262	794	
262	795	
262	796	
262	797	
262	798	
261	799	
261	800	
262	801	
262	802	
262	803	
262	804	
262	805	
261	806	
261	807	
262	808	
261	809	
261	810	
262	811	
262	812	
261	813	
262	813	
262	814	
263	815	
263	816	
264	817	
265	818	
265	819	
263	820	
261	821	
261	822	
261	823	
262	824	
262	825	
262	826	
262	827	
262	828	
262	829	
264	830	
264	831	
264	832	
264	833	
265	834	
261	835	
261	836	
262	837	
265	837	
265	838	
265	839	
264	840	
264	841	
264	842	
264	843	
264	844	
264	845	
262	846	
265	847	
265	848	
261	849	
262	850	
262	851	
263	852	
263	853	
263	854	
263	855	
263	856	
263	857	
263	858	
265	859	
265	860	
262	861	
262	862	
261	863	
261	864	
262	865	
262	866	
262	867	
262	868	
261	869	
265	870	
265	871	
265	872	
264	873	
261	874	
261	875	
265	876	
264	877	
264	878	
265	879	
261	880	
261	881	
261	882	
265	882	
261	883	
261	884	
261	885	
261	886	
262	887	
265	887	
265	888	
261	889	
261	890	
262	891	
263	892	
263	893	
263	894	
263	895	
264	895	
263	896	
263	897	
263	898	
261	899	
263	899	
263	900	
263	901	
263	902	
263	903	
263	904	
263	905	
259	906	
259	907	
259	908	
263	909	
263	910	
259	911	
259	912	
263	913	
261	914	
261	915	
261	916	
261	917	
259	918	
259	919	
259	920	
257	921	
257	922	
257	923	
261	924	
261	925	
271	1011	
271	1012	
277	1015	
273	1025	
274	1025	
277	1027	
279	1078	
279	1079	
277	1080	
277	1081	
279	1084	
279	1085	
277	1086	
