251	372	
251	373	
251	374	
249	375	
249	376	
249	377	
249	378	
249	379	
249	380	
249	381	
250	382	
249	383	
250	384	
251	384	
251	385	
251	386	
249	387	
250	387	
251	387	
251	388	
251	389	
249	390	
249	391	
249	392	
251	393	
250	394	
249	395	
249	396	
259	397	
259	398	
259	399	
259	400	
259	401	
259	402	
259	403	
259	404	
259	405	
259	406	
259	407	
259	408	
259	409	
259	410	
259	411	
259	412	
261	413	
261	414	
262	415	
262	416	
261	417	
262	417	
261	418	
262	419	
262	420	
263	420	
263	421	
262	422	
262	423	
262	424	
262	425	
262	426	
262	427	
262	428	
262	429	
262	430	
263	431	
263	432	
263	433	
263	434	
261	435	
262	436	
262	437	
262	438	
262	439	
262	440	
262	441	
262	442	
262	443	
262	444	
263	445	
263	446	
263	447	
261	448	
262	449	
261	450	
263	451	
263	452	
262	453	
263	453	
262	454	
262	455	
261	456	
262	457	
262	458	
262	459	
261	460	
261	461	
261	462	
262	463	
261	464	
262	465	
262	466	
261	467	
261	468	
261	469	
261	470	
260	471	
261	472	
260	473	
260	474	
260	475	
259	476	
260	477	
263	478	
263	479	
263	480	
263	481	
263	482	
262	483	
262	484	
262	485	
262	486	
261	487	
261	488	
262	489	
263	490	
261	491	
263	492	
263	493	
261	494	
261	495	
261	496	
261	497	
261	498	
261	499	
262	500	
263	501	
263	502	
263	503	
263	504	
263	505	
263	506	
264	506	
264	507	
264	508	
264	509	
263	510	
263	511	
263	512	
263	513	
264	514	
267	515	
267	516	
267	517	
267	518	
267	519	
265	520	
265	521	
267	522	
267	523	
267	524	
267	525	
265	526	
265	527	
265	528	
265	529	
265	530	
267	531	
267	532	
267	533	
267	534	
267	535	
268	536	
270	537	
270	538	
271	538	
271	539	
271	540	
269	541	
269	542	
267	543	
267	544	
267	545	
271	545	
269	546	
270	547	
270	548	
270	549	
270	550	
271	551	
271	552	
270	553	
269	554	
270	554	
268	555	
268	556	
268	557	
269	558	
268	559	
268	560	
268	561	
267	562	
268	563	
267	564	
267	565	
271	566	
273	567	
272	568	
272	569	
273	570	
273	571	
273	572	
273	573	
271	574	
272	574	
271	575	
276	576	
273	577	
274	578	
271	579	
272	580	
273	581	
273	582	
273	583	
276	583	
275	584	
274	585	
273	586	
273	587	
273	588	
273	589	
274	589	
273	590	
273	591	
277	592	
277	593	
277	594	
276	595	
275	596	
275	597	
273	598	
274	599	
275	600	
276	601	
277	602	
275	603	
276	603	
275	604	
278	605	
279	606	
279	607	
276	608	
276	609	
278	610	
278	611	
275	612	
277	613	
277	614	
277	615	
275	616	
276	617	
275	618	
275	619	
279	620	
275	621	
275	622	
276	623	
276	624	
279	625	
279	626	
278	627	
278	628	
278	629	
278	630	
278	631	
278	632	
276	633	
278	633	
278	634	
277	635	
278	636	
278	637	
276	638	
275	639	
275	640	
279	641	
278	642	
275	643	
276	644	
276	645	
276	646	
275	647	
275	648	
275	649	
275	650	
275	651	
273	652	
274	653	
274	654	
276	654	
277	655	
277	656	
273	657	
273	658	
275	659	
275	660	
275	661	
271	662	
275	663	
273	664	
275	665	
275	666	
275	667	
275	668	
275	669	
273	670	
275	671	
275	672	
273	673	
271	674	
273	675	
273	677	
273	678	
273	679	
273	680	
273	681	
275	682	
275	683	
275	684	
275	685	
271	686	
275	687	
275	688	
275	689	
273	690	
275	691	
271	692	
271	693	
275	694	
271	695	
271	696	
271	697	
275	698	
275	699	
275	700	
273	701	
271	702	
273	703	
275	704	
273	705	
273	706	
271	707	
275	708	
271	709	
273	710	
273	711	
271	713	
271	714	
273	716	
273	717	
273	718	
271	720	
271	724	
269	725	
269	726	
269	727	
268	728	
269	728	
267	729	
271	730	
270	731	
265	732	
269	733	
269	734	
270	734	
269	735	
269	736	
269	737	
269	738	
269	739	
269	740	
269	741	
269	742	
269	743	
265	744	
270	744	
265	745	
265	746	
266	746	
269	747	
269	748	
268	749	
269	750	
265	751	
265	752	
269	753	
269	754	
265	755	
265	756	
265	757	
265	758	
266	759	
265	760	
265	761	
265	762	
265	763	
264	764	
264	765	
263	766	
263	767	
263	768	
263	769	
263	770	
266	771	
267	772	
267	773	
266	774	
266	775	
264	776	
265	777	
265	778	
265	779	
265	780	
265	781	
265	782	
263	783	
263	784	
264	785	
264	786	
264	787	
263	788	
264	788	
264	789	
264	790	
264	791	
265	791	
265	792	
266	793	
263	794	
263	795	
264	796	
264	797	
264	798	
264	799	
264	800	
265	801	
265	802	
264	803	
263	804	
264	804	
263	805	
263	806	
263	807	
263	808	
263	809	
263	810	
266	811	
265	812	
264	813	
263	814	
263	815	
263	816	
266	817	
266	818	
263	819	
263	820	
265	821	
264	822	
263	823	
263	824	
263	825	
263	826	
263	827	
263	828	
263	829	
267	830	
267	831	
266	832	
264	833	
263	834	
264	834	
263	835	
263	836	
263	837	
264	838	
266	839	
266	840	
266	841	
267	841	
267	842	
266	843	
265	844	
264	845	
263	846	
267	847	
266	848	
267	849	
267	850	
267	851	
267	852	
265	853	
265	854	
267	855	
265	856	
263	857	
267	857	
263	858	
263	859	
263	860	
264	861	
267	862	
266	863	
267	863	
266	864	
264	865	
263	866	
263	867	
263	868	
263	869	
263	870	
265	871	
266	872	
266	873	
266	874	
266	875	
266	876	
263	877	
263	878	
264	879	
263	880	
263	881	
263	882	
265	883	
263	884	
265	885	
263	886	
263	887	
263	888	
263	889	
265	890	
265	891	
265	892	
265	893	
263	894	
263	895	
266	896	
265	897	
265	898	
265	899	
265	900	
262	901	
262	902	
263	902	
265	903	
262	904	
261	905	
261	906	
264	907	
261	908	
263	909	
263	910	
265	911	
265	912	
263	913	
265	914	
261	915	
261	916	
261	917	
262	918	
264	919	
264	920	
261	921	
261	922	
263	923	
263	924	
263	925	
263	926	
277	1012	
277	1013	
277	1014	
277	1015	
277	1016	
273	1019	
276	1027	
275	1029	
277	1070	
277	1071	
