251	369	
251	370	
249	371	
251	372	
251	373	
249	374	
249	375	
249	376	
251	377	
249	378	
251	378	
249	379	
249	380	
249	381	
250	382	
251	382	
249	383	
249	384	
249	385	
249	386	
249	387	
249	388	
249	389	
251	390	
251	391	
251	392	
251	393	
251	394	
251	395	
251	396	
257	397	
257	398	
257	399	
260	400	
259	401	
259	402	
259	403	
261	404	
261	405	
261	406	
261	407	
261	408	
259	409	
260	410	
261	411	
261	412	
261	413	
261	414	
263	414	
263	415	
263	416	
263	417	
263	418	
263	419	
262	420	
261	421	
262	421	
261	422	
263	423	
262	424	
262	425	
262	426	
263	427	
263	428	
262	429	
262	430	
261	431	
264	432	
262	433	
261	434	
261	435	
261	436	
261	437	
261	438	
261	439	
261	440	
261	441	
263	442	
263	443	
263	444	
263	445	
261	446	
261	447	
261	448	
263	449	
263	450	
263	451	
262	452	
261	453	
262	454	
262	455	
263	456	
263	457	
263	458	
263	459	
263	460	
262	461	
263	461	
262	462	
262	463	
262	464	
262	465	
262	466	
262	467	
262	468	
262	469	
263	470	
263	471	
263	472	
263	473	
263	474	
263	475	
263	476	
263	477	
263	478	
263	479	
262	480	
261	481	
261	482	
262	482	
264	483	
262	484	
262	485	
262	486	
262	487	
264	488	
262	489	
262	490	
262	491	
264	492	
263	493	
263	494	
263	495	
263	496	
263	497	
263	498	
264	499	
263	500	
263	501	
263	502	
263	503	
264	504	
263	505	
266	506	
266	507	
265	508	
265	509	
266	510	
265	511	
263	512	
265	513	
265	514	
265	515	
266	516	
266	517	
266	518	
268	519	
267	520	
266	521	
266	522	
268	523	
267	524	
267	525	
268	526	
268	527	
267	528	
268	529	
269	530	
269	531	
269	532	
269	533	
271	534	
271	535	
271	536	
271	537	
271	538	
271	539	
271	540	
271	541	
270	542	
269	543	
270	544	
270	545	
270	546	
269	547	
271	548	
269	549	
270	549	
269	550	
269	551	
271	552	
269	553	
269	554	
271	555	
269	556	
269	557	
268	558	
267	559	
270	560	
270	561	
270	562	
268	563	
268	564	
267	565	
272	566	
271	567	
275	568	
274	569	
273	570	
272	571	
272	572	
274	573	
273	574	
274	575	
271	576	
273	576	
274	576	
273	577	
274	578	
274	579	
275	580	
273	581	
277	582	
277	583	
275	584	
276	585	
276	586	
275	587	
276	587	
277	588	
277	589	
277	590	
277	591	
276	592	
276	593	
277	593	
275	594	
277	594	
275	595	
276	596	
277	597	
277	598	
275	599	
276	599	
276	600	
277	601	
277	602	
278	602	
277	603	
277	604	
277	605	
278	606	
277	607	
278	608	
277	609	
277	610	
277	611	
278	612	
277	613	
279	614	
279	615	
279	616	
279	617	
279	618	
279	619	
278	620	
279	620	
279	621	
279	622	
279	623	
279	624	
278	625	
277	626	
277	627	
277	628	
278	629	
278	630	
278	631	
277	632	
278	633	
277	634	
278	635	
278	636	
278	637	
278	638	
279	639	
278	640	
278	641	
277	642	
276	643	
277	644	
276	645	
278	645	
276	646	
277	647	
275	648	
277	649	
276	650	
276	651	
276	652	
275	653	
275	654	
276	655	
277	656	
277	657	
275	658	
275	659	
273	661	
273	662	
275	663	
275	665	
275	666	
275	667	
276	668	
275	669	
275	670	
275	671	
275	672	
273	673	
273	674	
277	675	
277	676	
277	677	
273	678	
275	679	
276	680	
276	681	
277	682	
273	683	
273	684	
273	685	
273	686	
274	687	
275	688	
273	689	
273	690	
273	691	
275	692	
273	693	
273	694	
273	695	
273	696	
277	697	
276	698	
275	699	
275	700	
275	702	
271	704	
275	705	
275	706	
275	707	
275	708	
275	709	
273	712	
273	713	
275	714	
275	715	
271	716	
275	717	
273	718	
273	719	
273	720	
272	721	
271	722	
271	723	
271	724	
271	725	
271	726	
269	727	
269	728	
269	729	
271	730	
271	731	
271	732	
271	733	
271	734	
267	735	
267	736	
267	737	
267	738	
267	739	
267	740	
267	741	
267	742	
267	743	
267	744	
271	745	
270	746	
271	746	
267	747	
267	748	
270	749	
269	750	
266	751	
266	752	
267	753	
268	754	
267	755	
267	756	
267	757	
269	758	
266	759	
265	760	
266	760	
265	761	
265	762	
265	763	
268	764	
269	765	
265	766	
265	767	
265	768	
264	769	
264	770	
264	771	
264	772	
264	773	
264	774	
266	775	
266	776	
266	777	
266	778	
266	779	
266	780	
263	781	
263	782	
263	783	
266	783	
263	784	
264	784	
266	785	
266	786	
266	787	
265	788	
265	789	
264	790	
264	791	
263	792	
267	793	
267	794	
263	795	
267	796	
267	797	
266	798	
265	799	
266	800	
266	801	
266	802	
267	802	
267	803	
267	804	
267	805	
267	806	
267	807	
267	808	
267	809	
267	810	
264	811	
266	811	
266	812	
267	813	
265	814	
267	815	
267	816	
267	817	
267	818	
267	819	
267	820	
267	821	
266	822	
267	823	
266	824	
266	825	
266	826	
267	827	
267	828	
267	829	
267	830	
267	831	
267	832	
267	833	
267	834	
267	835	
266	836	
265	837	
265	838	
265	839	
265	840	
268	841	
268	842	
265	843	
267	843	
265	844	
265	845	
265	846	
265	847	
265	848	
266	849	
267	850	
265	851	
265	852	
269	853	
266	854	
265	855	
266	855	
265	856	
265	857	
265	858	
265	859	
266	860	
267	861	
267	862	
267	863	
265	864	
265	865	
265	866	
267	867	
266	868	
266	869	
265	870	
265	871	
265	872	
265	873	
265	874	
267	875	
267	876	
267	877	
265	878	
265	879	
267	880	
268	881	
265	882	
265	883	
267	884	
267	885	
267	886	
267	887	
267	888	
267	889	
267	890	
267	891	
267	892	
267	893	
267	894	
264	895	
264	896	
263	897	
267	898	
263	899	
263	900	
266	901	
267	902	
267	903	
266	904	
263	905	
263	906	
263	907	
265	908	
265	909	
265	910	
263	911	
265	912	
265	913	
265	914	
265	915	
265	916	
261	917	
263	918	
264	919	
265	920	
261	921	
261	922	
261	923	
261	924	
275	1016	
275	1017	
273	1019	
279	1020	
279	1021	
279	1022	
281	1080	
281	1081	
