253	363	
253	364	
253	365	
253	366	
255	367	
255	368	
255	369	
253	370	
253	371	
256	372	
257	373	
255	374	
255	375	
255	376	
255	377	
255	378	
256	379	
256	380	
256	381	
256	382	
256	383	
255	384	
255	385	
255	386	
255	387	
254	388	
255	388	
255	389	
255	390	
255	391	
255	392	
255	393	
255	394	
261	395	
261	396	
261	397	
263	398	
263	399	
263	400	
263	401	
263	402	
263	403	
263	404	
263	405	
263	406	
264	407	
264	408	
265	409	
264	410	
267	411	
266	412	
266	413	
266	414	
266	415	
266	416	
266	417	
266	418	
265	419	
265	420	
265	421	
267	422	
266	423	
266	424	
266	425	
265	426	
266	427	
266	428	
267	429	
267	430	
267	431	
266	432	
266	433	
265	434	
265	435	
265	436	
265	437	
266	438	
266	439	
265	440	
267	441	
267	442	
266	443	
267	443	
266	444	
265	445	
265	446	
265	447	
265	448	
266	448	
266	449	
267	449	
266	450	
267	451	
265	452	
265	453	
265	454	
265	455	
265	456	
265	457	
266	458	
266	459	
266	460	
265	461	
265	462	
265	463	
266	464	
265	465	
265	466	
266	467	
266	468	
266	469	
266	470	
266	471	
266	472	
265	473	
265	474	
266	475	
266	476	
266	477	
267	478	
266	479	
265	480	
264	481	
265	481	
265	482	
265	483	
265	484	
265	485	
269	486	
267	487	
267	488	
266	489	
266	490	
266	491	
267	492	
267	493	
267	494	
268	495	
268	496	
268	497	
268	498	
268	499	
268	500	
268	501	
268	502	
267	503	
267	504	
268	504	
269	504	
268	505	
267	506	
267	507	
267	508	
267	509	
267	510	
267	511	
268	512	
269	513	
270	513	
269	514	
271	515	
272	516	
271	517	
272	517	
269	518	
271	519	
272	520	
272	521	
272	522	
271	523	
271	524	
272	525	
272	526	
272	527	
273	528	
273	529	
273	530	
271	531	
271	532	
272	533	
272	534	
273	534	
273	535	
273	536	
273	537	
273	538	
274	539	
274	540	
274	541	
274	542	
275	542	
274	543	
275	543	
274	544	
274	545	
273	546	
274	546	
274	547	
274	548	
275	548	
275	549	
274	550	
275	551	
274	552	
273	553	
273	554	
273	555	
273	556	
273	557	
274	558	
272	559	
271	560	
272	560	
272	561	
272	562	
271	563	
273	563	
273	564	
272	565	
273	566	
277	567	
277	568	
277	569	
275	570	
275	571	
275	572	
277	573	
279	574	
276	575	
276	576	
275	577	
279	578	
278	579	
275	580	
275	581	
276	581	
276	582	
277	583	
277	584	
277	585	
281	586	
280	587	
280	588	
280	589	
279	590	
281	591	
281	592	
279	593	
280	594	
280	595	
280	596	
280	597	
280	598	
280	599	
281	600	
278	601	
279	602	
279	603	
282	604	
283	605	
279	606	
283	606	
279	607	
280	608	
279	609	
283	610	
282	611	
282	612	
282	613	
282	614	
282	615	
283	616	
283	617	
283	618	
283	619	
282	620	
282	621	
279	622	
280	623	
280	624	
282	625	
282	626	
282	627	
283	628	
283	629	
283	630	
282	631	
282	632	
282	633	
283	634	
284	635	
283	636	
283	637	
281	638	
282	638	
282	639	
283	640	
283	641	
280	642	
280	643	
282	644	
282	645	
279	646	
279	647	
279	648	
279	649	
279	650	
279	651	
282	652	
281	653	
281	654	
281	655	
280	656	
279	657	
277	658	
277	659	
279	660	
277	661	
277	662	
277	663	
277	664	
277	665	
277	666	
279	667	
279	668	
277	669	
279	669	
277	670	
277	671	
277	672	
279	673	
279	674	
279	675	
277	676	
277	677	
279	679	
279	680	
279	681	
277	682	
279	683	
277	684	
277	685	
277	686	
277	687	
279	688	
277	689	
277	690	
277	691	
279	692	
277	693	
279	694	
279	695	
279	696	
279	697	
277	698	
277	699	
277	700	
279	701	
279	702	
280	703	
281	704	
277	705	
277	706	
277	707	
277	708	
277	709	
277	710	
277	711	
277	712	
275	713	
275	714	
279	715	
279	716	
275	717	
275	718	
275	719	
277	720	
275	721	
275	722	
277	723	
277	724	
277	725	
277	726	
277	727	
273	728	
273	729	
273	730	
274	731	
274	732	
274	733	
275	734	
275	735	
275	736	
275	737	
275	738	
275	739	
271	740	
271	741	
271	742	
271	743	
271	744	
271	745	
275	746	
275	747	
274	748	
272	749	
273	750	
271	751	
271	752	
271	753	
273	754	
273	755	
273	756	
273	757	
273	758	
273	759	
272	760	
273	760	
272	761	
272	762	
273	763	
273	764	
273	765	
273	766	
273	767	
273	768	
269	769	
269	770	
269	771	
269	772	
270	773	
270	774	
271	775	
271	776	
270	777	
271	778	
270	779	
270	780	
270	781	
270	782	
271	783	
271	784	
271	785	
267	786	
267	787	
267	788	
271	789	
271	790	
267	791	
268	791	
267	792	
268	793	
268	794	
270	795	
271	795	
267	796	
267	797	
271	798	
271	799	
268	800	
271	800	
268	801	
268	802	
268	803	
270	804	
270	805	
270	806	
271	807	
271	808	
271	809	
269	810	
268	811	
267	812	
271	813	
271	814	
270	815	
271	816	
270	817	
270	818	
270	819	
269	820	
271	821	
271	822	
270	823	
270	824	
270	825	
271	825	
271	826	
271	827	
271	828	
271	829	
271	830	
271	831	
269	832	
268	833	
268	834	
269	835	
269	836	
271	837	
270	838	
270	839	
270	840	
271	841	
271	842	
270	843	
270	844	
269	845	
269	846	
269	847	
269	848	
269	849	
269	850	
269	851	
271	852	
272	853	
272	854	
270	855	
270	856	
272	857	
272	858	
272	859	
269	860	
269	861	
269	862	
269	863	
269	864	
269	865	
269	866	
269	867	
269	868	
269	869	
269	870	
271	871	
271	872	
269	873	
270	874	
270	875	
269	876	
269	877	
269	878	
271	879	
271	880	
269	881	
268	882	
268	883	
271	884	
271	885	
268	886	
267	887	
267	888	
270	889	
271	890	
271	891	
271	892	
271	893	
271	894	
267	895	
267	896	
267	897	
267	898	
267	899	
271	899	
271	900	
269	901	
268	902	
267	903	
267	904	
267	905	
269	906	
267	907	
267	908	
267	909	
267	910	
267	911	
267	912	
267	913	
267	914	
269	915	
269	916	
269	917	
268	918	
267	919	
268	920	
269	921	
269	922	
269	923	
269	924	
283	1019	
279	1023	
