255	361	
253	363	
255	364	
253	365	
255	366	
257	367	
257	368	
257	369	
257	370	
256	371	
256	372	
256	373	
256	374	
256	375	
256	376	
256	377	
256	378	
256	379	
256	380	
256	381	
256	382	
255	383	
256	383	
254	384	
254	385	
254	386	
255	386	
255	387	
255	388	
253	389	
255	390	
255	391	
255	392	
255	393	
255	394	
261	395	
261	396	
263	397	
263	398	
265	399	
265	400	
263	401	
263	402	
263	403	
264	404	
263	405	
266	406	
267	407	
267	408	
267	409	
267	410	
267	411	
267	412	
266	413	
265	414	
265	415	
265	416	
265	417	
268	418	
267	419	
265	420	
266	421	
266	422	
267	423	
268	424	
268	425	
268	426	
268	427	
268	428	
269	429	
269	430	
268	431	
267	432	
267	433	
266	434	
267	435	
267	436	
267	437	
265	438	
265	439	
265	440	
268	441	
268	442	
266	443	
265	444	
266	445	
266	446	
265	447	
265	448	
267	448	
265	449	
267	450	
267	451	
267	452	
269	453	
265	454	
268	454	
267	455	
267	456	
267	457	
267	458	
266	459	
267	460	
267	461	
267	462	
266	463	
266	464	
266	465	
266	466	
266	467	
265	468	
265	469	
265	470	
266	471	
266	472	
266	473	
266	474	
265	475	
266	476	
265	477	
265	478	
267	479	
265	480	
265	481	
265	482	
266	483	
268	484	
266	485	
266	486	
268	487	
268	488	
268	489	
268	490	
267	491	
268	491	
268	492	
268	493	
268	494	
268	495	
267	496	
267	497	
267	498	
267	499	
268	500	
268	501	
269	502	
267	503	
267	504	
267	505	
267	506	
270	507	
270	508	
270	509	
270	510	
270	511	
270	512	
269	513	
273	514	
273	515	
273	516	
273	517	
273	518	
272	519	
272	520	
271	521	
272	522	
272	523	
271	524	
272	525	
272	526	
272	527	
275	528	
271	529	
271	530	
271	531	
275	532	
273	533	
272	534	
273	535	
275	536	
273	537	
273	538	
273	539	
273	540	
274	541	
273	542	
273	543	
273	544	
273	545	
274	546	
274	547	
273	548	
273	549	
274	549	
273	550	
274	551	
273	552	
273	553	
273	554	
273	555	
273	556	
275	557	
274	558	
273	559	
274	560	
271	561	
274	562	
272	563	
273	564	
271	565	
271	566	
276	567	
275	568	
275	569	
275	570	
275	571	
275	572	
278	573	
278	574	
278	575	
278	576	
278	577	
279	578	
278	579	
275	580	
279	581	
277	582	
279	583	
280	584	
280	585	
278	586	
278	587	
279	588	
279	589	
280	590	
280	591	
279	592	
280	593	
279	594	
279	595	
277	596	
279	597	
279	598	
279	599	
280	600	
280	601	
281	602	
281	603	
279	604	
283	605	
283	606	
282	607	
281	608	
282	609	
282	610	
282	611	
282	612	
282	613	
281	614	
281	615	
282	615	
283	615	
283	616	
284	617	
283	618	
281	619	
283	619	
283	620	
283	621	
282	622	
282	623	
283	624	
281	625	
282	626	
282	627	
283	628	
283	629	
283	630	
282	631	
283	632	
283	633	
283	634	
282	635	
282	636	
282	637	
281	638	
281	639	
282	640	
284	641	
283	642	
283	643	
282	644	
279	645	
283	646	
282	647	
283	648	
284	648	
283	649	
279	650	
279	651	
279	652	
279	653	
280	654	
277	655	
277	656	
277	657	
281	658	
279	659	
279	660	
277	661	
277	662	
277	663	
277	664	
277	665	
277	667	
281	668	
277	669	
277	670	
277	671	
281	672	
281	673	
277	674	
277	675	
281	676	
281	677	
279	679	
279	680	
281	681	
281	682	
280	683	
279	684	
277	685	
277	686	
277	687	
277	688	
277	689	
277	690	
277	691	
278	692	
278	693	
281	694	
277	695	
277	696	
278	697	
279	698	
279	699	
279	700	
279	701	
277	702	
277	703	
279	704	
277	705	
277	706	
277	707	
277	708	
277	709	
277	710	
277	711	
279	713	
279	714	
279	715	
279	716	
275	717	
275	718	
279	719	
279	720	
277	721	
277	722	
275	723	
275	724	
275	725	
275	726	
277	727	
276	728	
273	729	
273	730	
273	731	
273	732	
274	733	
275	734	
275	735	
275	736	
275	737	
275	738	
275	739	
274	740	
275	741	
275	742	
272	743	
271	744	
274	745	
274	746	
274	747	
272	748	
272	749	
275	750	
275	751	
275	752	
271	753	
271	754	
271	755	
271	756	
271	757	
271	758	
271	759	
273	760	
273	761	
272	762	
271	763	
271	764	
271	765	
271	766	
271	767	
271	768	
269	769	
269	770	
270	771	
271	772	
273	773	
269	774	
269	775	
269	776	
269	777	
271	778	
271	779	
272	780	
272	781	
272	782	
269	783	
269	784	
268	785	
271	786	
270	787	
270	788	
271	789	
271	790	
271	791	
271	792	
272	793	
271	794	
272	795	
271	796	
272	796	
271	797	
271	798	
271	799	
271	800	
271	801	
271	802	
270	803	
269	804	
269	805	
270	806	
270	807	
270	808	
271	808	
269	809	
270	810	
271	811	
271	812	
271	813	
270	814	
271	814	
270	815	
270	816	
270	817	
270	818	
270	819	
270	820	
270	821	
270	822	
270	823	
270	824	
269	825	
269	826	
270	827	
270	828	
269	829	
270	830	
269	831	
269	832	
272	833	
269	834	
269	835	
269	836	
270	837	
272	838	
269	839	
273	840	
272	841	
269	842	
269	843	
269	844	
272	845	
272	846	
270	847	
270	848	
270	849	
270	850	
270	851	
272	852	
269	853	
273	853	
269	854	
269	855	
269	856	
269	857	
273	858	
273	859	
273	860	
269	861	
269	862	
272	863	
273	864	
269	865	
273	865	
269	866	
272	867	
271	868	
270	869	
270	870	
269	871	
269	872	
269	873	
269	874	
269	875	
269	876	
269	877	
269	878	
271	878	
271	879	
271	880	
269	881	
269	882	
269	883	
269	884	
269	885	
269	886	
268	887	
269	887	
269	888	
269	889	
270	890	
270	891	
270	892	
270	893	
270	894	
269	895	
269	896	
270	897	
270	898	
267	899	
271	899	
271	900	
270	901	
270	902	
271	903	
271	904	
271	905	
271	906	
269	907	
269	908	
267	909	
267	910	
267	911	
267	912	
267	913	
267	914	
269	915	
269	916	
267	917	
267	918	
266	919	
267	920	
269	921	
269	922	
269	923	
269	924	
267	925	
267	926	
283	1023	
281	1025	
279	1027	
281	1071	
285	1076	
285	1077	
283	1089	
