188	65	
255	361	
255	362	
253	363	
255	364	
255	365	
257	366	
257	367	
257	368	
253	369	
256	370	
256	371	
255	372	
256	373	
256	374	
255	375	
256	376	
256	377	
256	378	
256	379	
256	380	
256	381	
256	382	
256	383	
255	384	
255	385	
255	386	
256	387	
256	388	
256	389	
256	390	
256	391	
255	392	
255	393	
255	394	
261	395	
261	396	
262	397	
265	398	
265	399	
263	400	
263	401	
263	402	
263	403	
265	403	
267	404	
267	405	
267	406	
267	407	
267	408	
267	409	
267	410	
267	411	
267	412	
265	413	
265	414	
265	415	
265	416	
265	417	
268	418	
268	419	
265	420	
266	420	
266	421	
265	422	
266	422	
268	423	
268	424	
268	425	
268	426	
268	427	
269	428	
268	429	
268	430	
267	431	
267	432	
266	433	
266	434	
267	435	
267	436	
267	437	
267	438	
266	439	
266	440	
268	441	
268	442	
268	443	
265	444	
266	445	
267	446	
265	447	
267	447	
267	448	
267	449	
267	450	
267	451	
267	452	
269	453	
267	454	
268	454	
266	455	
267	455	
267	456	
267	457	
267	458	
267	459	
266	460	
267	461	
266	462	
265	463	
267	464	
267	465	
265	466	
265	467	
265	468	
265	469	
265	470	
266	471	
266	472	
267	473	
267	474	
265	475	
265	476	
265	477	
266	478	
266	479	
266	480	
265	481	
265	482	
269	483	
268	484	
266	485	
266	486	
268	487	
268	488	
268	489	
268	490	
267	491	
268	492	
267	493	
267	494	
268	494	
268	495	
267	496	
267	497	
267	498	
267	499	
268	500	
268	501	
270	502	
269	503	
270	504	
267	505	
271	506	
270	507	
269	508	
269	509	
269	510	
270	511	
271	512	
271	513	
273	514	
269	515	
271	516	
269	517	
273	518	
272	519	
271	520	
272	520	
272	521	
272	522	
271	523	
272	524	
273	525	
273	526	
274	527	
275	528	
271	529	
271	530	
271	531	
272	532	
274	533	
272	534	
273	534	
273	535	
273	536	
274	537	
273	538	
273	539	
273	540	
273	541	
273	542	
273	543	
273	544	
273	545	
273	546	
274	547	
273	548	
273	549	
273	550	
273	551	
274	551	
274	552	
273	553	
273	555	
274	556	
275	557	
275	558	
273	559	
274	559	
274	560	
274	561	
274	562	
273	563	
274	564	
273	565	
271	566	
275	567	
275	568	
275	569	
275	570	
275	571	
276	572	
277	573	
278	574	
278	575	
278	576	
279	577	
279	578	
279	579	
279	580	
279	581	
277	582	
279	583	
279	584	
280	585	
277	586	
279	587	
279	588	
280	589	
280	590	
280	591	
280	592	
280	593	
279	594	
279	595	
279	596	
279	597	
279	598	
279	599	
279	600	
280	600	
280	601	
281	602	
283	603	
279	604	
283	605	
283	606	
282	607	
282	608	
282	609	
283	610	
282	611	
282	612	
282	613	
282	614	
282	615	
282	616	
282	617	
283	618	
283	619	
283	620	
281	621	
283	621	
282	622	
283	623	
283	624	
282	625	
281	626	
281	627	
283	628	
283	629	
282	630	
282	631	
285	632	
284	633	
283	634	
283	635	
283	636	
281	637	
281	638	
281	639	
282	640	
281	641	
282	641	
282	642	
282	643	
280	644	
282	645	
283	646	
282	647	
284	647	
284	648	
283	649	
279	650	
279	651	
279	652	
279	653	
279	654	
277	655	
277	656	
277	657	
279	658	
279	659	
279	660	
277	661	
277	662	
277	663	
277	664	
277	665	
278	667	
281	668	
277	669	
277	670	
281	672	
281	673	
277	674	
281	675	
281	676	
281	677	
279	679	
277	680	
281	681	
281	682	
281	683	
277	684	
277	685	
277	686	
278	687	
279	688	
277	689	
277	690	
277	691	
277	692	
278	693	
281	693	
279	694	
277	695	
277	696	
277	697	
279	698	
279	699	
279	700	
277	701	
277	702	
277	703	
279	704	
277	705	
277	706	
277	707	
279	708	
277	709	
277	710	
277	711	
279	712	
279	713	
279	714	
279	715	
277	719	
277	720	
277	721	
277	722	
275	723	
275	724	
275	725	
275	726	
277	727	
277	728	
276	729	
276	730	
276	731	
274	732	
274	733	
276	734	
276	735	
274	736	
275	736	
273	737	
273	738	
273	739	
275	740	
275	741	
275	742	
272	743	
272	744	
275	745	
275	746	
272	747	
274	747	
272	748	
272	749	
275	750	
275	751	
275	752	
271	753	
271	754	
271	755	
271	756	
271	757	
271	758	
272	759	
272	760	
272	761	
271	762	
273	762	
273	763	
271	764	
273	764	
271	765	
271	766	
271	767	
271	768	
269	769	
269	770	
269	771	
271	772	
273	773	
273	774	
269	775	
269	776	
269	777	
271	778	
272	779	
272	780	
272	781	
271	782	
271	783	
269	784	
268	785	
271	786	
271	787	
271	788	
271	789	
271	790	
271	791	
271	792	
271	793	
271	794	
272	795	
272	796	
271	797	
271	798	
271	799	
271	800	
270	801	
271	802	
271	803	
268	804	
268	805	
269	806	
270	807	
270	808	
270	809	
270	810	
271	811	
271	812	
271	813	
270	814	
269	815	
269	816	
270	817	
270	818	
270	819	
270	820	
270	821	
270	822	
269	823	
269	824	
269	825	
269	826	
269	827	
269	828	
270	828	
270	829	
269	830	
269	831	
269	832	
272	833	
273	834	
269	835	
269	836	
269	837	
270	838	
269	839	
269	840	
269	841	
273	841	
269	842	
269	843	
269	844	
272	845	
273	846	
270	847	
269	848	
270	849	
270	850	
270	851	
272	852	
272	853	
269	854	
269	855	
269	856	
269	857	
269	858	
273	859	
269	860	
273	860	
269	861	
269	862	
270	863	
273	863	
273	864	
273	865	
273	866	
272	867	
271	868	
269	869	
269	870	
269	871	
269	872	
269	873	
269	874	
269	875	
269	876	
269	877	
270	878	
271	879	
271	880	
273	881	
269	882	
269	883	
269	884	
269	885	
269	886	
268	887	
269	888	
270	889	
270	890	
270	891	
269	892	
269	893	
269	894	
269	895	
269	896	
269	897	
269	898	
271	898	
267	899	
271	900	
271	901	
271	902	
271	903	
271	904	
271	905	
271	906	
269	907	
269	908	
269	909	
267	910	
267	911	
267	912	
267	913	
269	914	
269	915	
269	916	
267	917	
267	918	
266	919	
269	920	
269	921	
269	922	
269	923	
267	924	
267	925	
283	1023	
281	1025	
285	1077	
283	1089	
