197	5	
256	359	
257	360	
257	361	
259	362	
258	363	
257	364	
257	365	
257	366	
258	367	
257	368	
257	369	
258	370	
258	371	
258	372	
257	373	
257	374	
257	375	
257	376	
257	377	
257	378	
258	379	
258	380	
257	381	
257	382	
257	383	
258	384	
257	385	
257	386	
257	387	
257	388	
257	389	
258	390	
258	391	
258	392	
257	393	
257	394	
259	395	
259	396	
267	397	
267	398	
265	399	
265	400	
267	401	
267	402	
265	403	
265	404	
266	405	
267	406	
267	407	
267	408	
269	409	
269	410	
269	411	
267	412	
270	413	
270	414	
269	415	
269	416	
269	417	
269	418	
269	419	
269	420	
270	421	
270	422	
269	423	
270	423	
269	424	
269	425	
269	426	
268	427	
269	428	
270	429	
270	430	
270	431	
270	432	
270	433	
269	434	
269	435	
269	436	
269	437	
269	438	
269	439	
269	440	
269	441	
269	442	
270	443	
270	444	
270	445	
270	446	
269	447	
268	448	
269	449	
270	450	
270	451	
270	452	
270	453	
269	454	
269	455	
270	455	
269	456	
269	457	
267	458	
268	458	
267	459	
267	460	
267	461	
268	461	
267	462	
267	463	
268	464	
268	465	
269	466	
269	467	
269	468	
269	469	
267	470	
268	471	
267	472	
267	473	
268	474	
267	475	
267	476	
267	477	
268	478	
269	479	
269	480	
269	481	
269	482	
269	483	
270	484	
270	485	
270	486	
268	487	
269	488	
270	489	
270	490	
270	491	
271	492	
271	493	
271	494	
270	495	
270	496	
269	497	
269	498	
271	499	
271	500	
272	501	
272	502	
271	503	
270	504	
271	505	
271	506	
272	507	
272	508	
271	509	
272	509	
272	510	
272	511	
273	512	
273	513	
271	514	
271	515	
275	516	
275	517	
274	518	
275	518	
275	519	
274	520	
273	521	
274	521	
273	522	
273	523	
275	524	
273	525	
273	526	
273	527	
273	528	
273	529	
274	530	
275	531	
275	532	
276	532	
274	533	
277	534	
277	535	
277	536	
277	537	
276	538	
276	539	
276	540	
276	541	
277	541	
276	542	
277	542	
276	543	
276	544	
276	545	
277	546	
277	547	
275	548	
276	549	
276	550	
275	551	
276	552	
275	553	
275	554	
275	555	
276	556	
274	557	
274	558	
277	559	
277	560	
276	561	
277	562	
274	563	
274	564	
275	565	
274	566	
275	567	
275	568	
277	569	
279	570	
279	571	
278	572	
280	572	
279	573	
280	574	
279	575	
279	576	
279	577	
280	577	
279	578	
279	579	
281	579	
281	580	
281	581	
279	582	
279	583	
283	584	
283	585	
283	586	
282	587	
280	588	
280	589	
280	590	
282	591	
283	591	
283	592	
283	593	
283	594	
283	595	
283	596	
283	597	
282	598	
281	599	
282	600	
281	601	
281	602	
281	603	
283	604	
281	605	
281	606	
285	607	
285	608	
285	609	
281	610	
281	611	
284	612	
285	613	
285	614	
282	615	
281	616	
282	616	
284	617	
285	618	
282	619	
281	620	
285	621	
285	622	
286	622	
285	623	
281	624	
281	625	
281	626	
285	627	
285	628	
284	629	
285	629	
285	630	
285	631	
285	632	
283	633	
283	634	
283	635	
283	636	
283	637	
283	638	
284	639	
284	640	
283	641	
284	641	
282	642	
281	643	
284	644	
284	645	
283	646	
283	647	
281	648	
281	649	
281	650	
281	651	
281	652	
281	653	
281	654	
281	655	
282	655	
282	656	
283	657	
279	658	
279	659	
281	660	
279	661	
279	662	
279	663	
279	664	
279	665	
279	666	
281	667	
279	671	
279	672	
279	673	
281	674	
279	675	
279	676	
279	677	
279	679	
279	680	
281	681	
281	682	
279	683	
279	684	
279	685	
283	686	
283	687	
279	688	
283	689	
283	690	
279	691	
278	692	
279	693	
283	694	
283	695	
281	696	
279	697	
279	698	
283	699	
283	700	
282	701	
281	702	
281	703	
279	704	
279	705	
279	706	
279	707	
281	708	
281	709	
281	710	
279	711	
279	712	
279	713	
279	714	
279	717	
279	718	
279	719	
279	720	
277	721	
281	722	
281	723	
281	724	
279	725	
279	726	
279	727	
279	728	
279	729	
279	730	
278	731	
278	732	
278	733	
277	734	
277	735	
278	736	
276	737	
278	738	
278	739	
278	740	
277	741	
277	742	
277	743	
277	744	
277	745	
277	746	
277	747	
277	748	
277	749	
277	750	
276	751	
276	752	
276	753	
273	754	
273	755	
275	756	
275	757	
277	758	
277	759	
277	760	
277	761	
273	762	
273	763	
273	764	
273	765	
273	766	
273	767	
273	768	
273	769	
273	770	
273	771	
273	772	
273	773	
272	774	
271	775	
271	776	
271	777	
271	778	
271	779	
271	780	
274	781	
273	782	
273	783	
271	784	
272	785	
273	786	
273	787	
274	787	
273	788	
273	789	
271	790	
273	790	
271	791	
271	792	
272	793	
272	794	
272	795	
273	796	
273	797	
273	798	
274	799	
274	800	
271	801	
274	801	
271	802	
271	803	
273	804	
274	804	
274	805	
273	806	
271	807	
271	808	
271	809	
272	810	
271	811	
271	812	
271	813	
271	814	
274	815	
273	816	
273	817	
273	818	
273	819	
271	820	
271	821	
272	821	
272	822	
272	823	
271	824	
271	825	
271	826	
271	827	
272	828	
272	829	
272	830	
271	831	
273	832	
273	833	
273	834	
271	835	
271	836	
271	837	
272	838	
272	839	
272	840	
273	840	
274	841	
275	842	
275	843	
271	844	
271	845	
271	846	
271	847	
275	848	
275	849	
275	850	
275	851	
271	852	
271	853	
271	854	
275	855	
275	856	
275	857	
275	858	
275	859	
275	860	
271	861	
271	862	
275	863	
275	864	
271	865	
271	866	
274	866	
274	867	
272	868	
272	869	
271	870	
272	870	
271	871	
271	872	
271	873	
272	874	
272	875	
271	876	
271	877	
272	878	
272	879	
274	880	
271	881	
274	882	
271	883	
271	884	
271	885	
273	886	
273	887	
273	888	
271	889	
271	890	
273	891	
273	892	
273	893	
271	894	
271	895	
271	896	
273	897	
273	898	
273	899	
270	900	
270	901	
269	902	
273	903	
273	904	
271	905	
271	906	
271	907	
273	908	
273	909	
269	910	
269	911	
269	912	
269	913	
269	914	
269	915	
269	916	
271	917	
271	918	
269	919	
269	920	
269	921	
269	922	
269	923	
269	924	
281	1025	
281	1054	
285	1067	
