259	356	
259	357	
259	358	
257	359	
259	360	
259	361	
259	362	
259	363	
257	364	
257	365	
257	366	
259	367	
259	368	
260	369	
259	370	
259	371	
259	372	
258	373	
258	374	
259	375	
259	376	
259	377	
258	378	
258	379	
258	380	
258	381	
259	382	
258	383	
257	384	
258	385	
257	386	
258	386	
258	387	
258	388	
259	389	
259	390	
258	391	
257	392	
258	393	
265	394	
265	395	
265	396	
265	397	
267	398	
267	399	
267	400	
269	401	
269	402	
268	403	
268	404	
269	405	
269	406	
269	407	
269	408	
270	409	
270	410	
271	411	
271	412	
271	413	
271	414	
270	415	
269	416	
269	417	
270	418	
270	419	
269	420	
270	421	
269	422	
269	423	
269	424	
269	425	
268	426	
270	427	
271	428	
271	429	
270	430	
269	431	
269	432	
269	433	
269	434	
269	435	
270	436	
270	437	
269	438	
269	439	
270	440	
270	441	
269	442	
269	443	
269	444	
269	445	
269	446	
269	447	
270	448	
270	449	
271	449	
271	450	
270	451	
271	452	
270	453	
269	454	
269	455	
269	456	
269	457	
269	458	
270	459	
270	460	
270	461	
270	462	
270	463	
270	464	
267	465	
268	466	
269	467	
269	468	
270	469	
270	470	
269	471	
268	472	
269	473	
269	474	
268	475	
269	475	
267	476	
270	477	
270	478	
270	479	
269	480	
270	481	
270	482	
270	483	
269	484	
269	485	
269	486	
269	487	
270	488	
271	489	
271	490	
271	491	
271	492	
271	493	
271	494	
272	495	
273	496	
270	497	
270	498	
270	499	
273	499	
273	500	
273	501	
273	502	
273	503	
271	504	
271	505	
271	506	
272	507	
271	508	
271	509	
272	510	
272	511	
272	512	
273	512	
272	513	
273	514	
272	515	
273	516	
274	517	
274	518	
275	519	
275	520	
273	521	
273	522	
274	523	
275	524	
275	525	
273	526	
274	526	
275	527	
275	528	
275	529	
277	530	
277	531	
277	532	
277	533	
277	534	
278	535	
278	536	
275	537	
278	537	
279	538	
276	539	
275	540	
277	541	
278	542	
277	543	
278	544	
277	545	
277	546	
277	547	
276	548	
276	549	
275	550	
275	551	
279	552	
278	553	
275	554	
275	555	
275	556	
275	557	
275	558	
275	559	
275	560	
275	561	
275	562	
277	563	
277	564	
276	565	
275	566	
275	567	
275	568	
275	569	
281	570	
277	571	
277	572	
281	573	
280	574	
280	575	
279	576	
279	577	
278	578	
278	579	
279	580	
279	581	
279	582	
283	583	
283	584	
283	585	
282	586	
281	587	
281	588	
283	589	
283	590	
281	591	
283	592	
283	593	
283	594	
282	595	
281	596	
282	597	
282	598	
283	599	
283	600	
283	601	
285	602	
285	603	
281	604	
285	605	
285	606	
285	607	
283	608	
283	609	
285	610	
285	611	
285	612	
283	613	
283	614	
286	614	
283	615	
285	616	
283	617	
284	618	
283	619	
283	620	
283	621	
283	622	
283	623	
286	624	
285	625	
285	626	
284	627	
283	628	
283	629	
287	630	
283	631	
283	632	
283	633	
285	634	
285	635	
284	636	
286	636	
286	637	
283	638	
287	639	
283	640	
284	640	
284	641	
284	642	
284	643	
284	644	
284	645	
284	646	
285	647	
285	648	
281	649	
282	650	
284	651	
282	652	
282	653	
284	654	
283	655	
282	656	
283	656	
283	657	
283	658	
281	659	
280	660	
281	661	
281	662	
281	663	
281	664	
283	666	
283	667	
281	668	
283	669	
283	670	
281	672	
283	676	
283	677	
281	678	
283	679	
283	680	
283	683	
282	684	
281	685	
281	686	
283	687	
283	688	
279	689	
279	690	
283	691	
283	692	
283	693	
283	694	
283	695	
283	696	
281	697	
281	698	
281	699	
281	700	
283	701	
283	702	
283	703	
283	705	
283	706	
283	707	
283	708	
279	711	
283	712	
283	713	
283	714	
279	715	
279	716	
281	717	
281	718	
281	719	
279	720	
279	721	
281	722	
279	723	
280	724	
280	725	
280	726	
280	727	
279	728	
278	729	
277	730	
277	731	
277	732	
280	733	
279	734	
278	735	
279	735	
275	736	
277	737	
279	738	
276	739	
275	740	
278	741	
278	742	
276	743	
276	744	
276	745	
275	746	
277	747	
277	748	
275	749	
275	750	
275	751	
278	751	
277	752	
276	753	
275	754	
275	755	
275	756	
276	757	
276	758	
276	759	
276	760	
276	761	
276	762	
277	762	
277	763	
277	764	
277	765	
274	766	
274	767	
275	768	
277	769	
277	770	
273	771	
273	772	
277	773	
277	774	
276	775	
275	776	
275	777	
273	778	
275	779	
275	780	
275	781	
275	782	
274	783	
275	784	
271	785	
271	786	
272	787	
272	788	
271	789	
272	790	
273	791	
273	792	
273	793	
274	794	
271	795	
271	796	
271	797	
272	798	
274	798	
272	799	
275	800	
275	801	
275	802	
275	803	
272	804	
272	805	
271	806	
271	807	
275	808	
275	809	
275	810	
275	811	
275	812	
275	813	
275	814	
275	815	
275	816	
275	817	
275	818	
275	819	
273	820	
275	820	
275	821	
275	822	
271	823	
272	824	
272	825	
275	826	
275	827	
276	828	
275	829	
273	830	
275	831	
275	832	
275	833	
274	834	
275	835	
275	836	
275	837	
275	838	
275	839	
275	840	
275	841	
275	842	
275	843	
274	844	
274	845	
273	846	
273	847	
273	848	
274	848	
273	849	
274	849	
274	850	
274	851	
274	852	
274	853	
273	854	
274	854	
273	855	
273	856	
274	857	
274	858	
274	859	
274	860	
273	861	
273	862	
273	863	
273	864	
275	865	
273	866	
274	867	
274	868	
273	869	
273	870	
273	871	
273	872	
273	873	
275	874	
275	875	
275	876	
272	877	
273	878	
273	879	
274	879	
274	880	
274	881	
276	882	
275	883	
275	884	
275	885	
275	886	
275	887	
275	888	
273	889	
273	890	
274	891	
274	892	
274	893	
274	894	
273	895	
273	896	
273	897	
273	898	
274	899	
275	900	
273	901	
273	902	
271	903	
273	903	
271	904	
271	905	
271	906	
271	907	
271	908	
273	909	
273	910	
273	911	
273	912	
269	913	
269	914	
273	915	
273	916	
273	917	
273	918	
269	919	
269	920	
273	921	
273	922	
273	923	
273	924	
287	1081	
