259	353	
259	356	
259	357	
261	358	
261	359	
261	360	
261	361	
261	362	
261	363	
261	364	
261	365	
259	366	
259	367	
261	368	
261	369	
261	370	
259	371	
261	371	
259	372	
260	373	
261	374	
259	375	
260	375	
259	376	
260	377	
259	378	
260	379	
259	380	
259	381	
260	381	
259	382	
259	383	
259	384	
259	385	
260	385	
259	386	
260	387	
260	388	
259	389	
259	390	
259	391	
259	392	
259	393	
259	394	
265	395	
265	396	
267	397	
267	398	
267	399	
267	400	
271	401	
271	402	
269	403	
269	404	
271	405	
271	406	
271	407	
270	408	
269	409	
269	410	
271	411	
271	412	
271	413	
271	414	
272	415	
271	416	
271	417	
272	418	
271	419	
272	419	
272	420	
272	421	
271	422	
273	423	
272	424	
272	425	
273	426	
272	427	
273	427	
273	428	
273	429	
273	430	
273	431	
273	432	
273	433	
273	434	
270	435	
270	436	
271	436	
271	437	
271	438	
271	439	
271	440	
272	440	
271	441	
271	442	
271	443	
272	444	
272	445	
272	446	
272	447	
272	448	
272	449	
272	450	
272	451	
271	452	
271	453	
271	454	
272	455	
272	456	
272	457	
270	458	
272	458	
270	459	
270	460	
270	461	
270	462	
271	463	
271	464	
270	465	
270	466	
269	467	
269	468	
269	469	
270	470	
269	471	
271	472	
271	473	
270	474	
268	475	
269	475	
269	476	
270	477	
269	478	
269	479	
269	480	
270	481	
271	482	
271	483	
272	484	
272	485	
272	486	
273	487	
273	488	
273	489	
273	490	
273	491	
271	492	
271	493	
271	494	
272	495	
272	496	
272	497	
272	498	
272	499	
272	500	
275	501	
275	502	
274	503	
273	504	
274	505	
273	506	
275	506	
273	507	
274	508	
273	509	
274	509	
273	510	
273	511	
273	512	
275	512	
273	513	
274	513	
273	514	
276	515	
277	516	
277	517	
277	518	
275	519	
275	520	
275	521	
275	522	
275	523	
275	524	
275	525	
278	526	
279	526	
278	527	
277	528	
277	529	
279	529	
278	530	
278	531	
278	532	
277	533	
278	534	
279	535	
279	536	
278	537	
278	538	
279	539	
277	540	
278	540	
278	541	
279	542	
278	543	
278	544	
277	545	
277	546	
277	547	
278	547	
278	548	
279	549	
279	550	
278	551	
278	552	
279	553	
276	554	
277	555	
277	556	
277	557	
278	558	
278	559	
278	560	
278	561	
277	562	
279	563	
278	564	
278	565	
278	566	
275	567	
275	568	
277	569	
277	570	
277	571	
281	572	
283	573	
283	574	
279	575	
279	576	
279	577	
279	578	
280	579	
283	580	
283	581	
281	582	
281	583	
281	584	
281	585	
283	586	
283	587	
284	588	
281	589	
281	590	
283	591	
284	592	
284	593	
285	594	
284	595	
284	596	
284	597	
283	598	
282	599	
281	600	
281	601	
287	602	
287	603	
283	604	
284	604	
283	605	
286	606	
286	607	
285	608	
286	609	
283	610	
285	611	
285	612	
286	613	
283	614	
285	615	
285	616	
287	617	
287	618	
286	619	
285	620	
285	621	
287	622	
286	623	
286	624	
287	625	
286	626	
287	627	
287	628	
286	629	
286	630	
286	631	
286	632	
287	632	
286	633	
287	634	
285	635	
287	635	
286	636	
287	637	
287	638	
286	639	
286	640	
287	641	
286	642	
287	643	
286	644	
286	645	
287	646	
285	647	
285	648	
284	649	
284	650	
283	651	
283	652	
283	653	
283	654	
285	655	
285	656	
281	657	
280	658	
281	659	
283	660	
283	661	
281	662	
281	663	
281	664	
281	665	
285	666	
281	668	
281	669	
283	670	
281	671	
281	672	
281	673	
281	674	
281	675	
283	676	
281	677	
281	678	
283	679	
283	680	
285	681	
285	682	
281	683	
281	684	
281	685	
285	686	
285	687	
285	688	
285	689	
281	690	
281	691	
281	692	
284	693	
284	694	
283	695	
281	696	
281	697	
285	698	
281	699	
281	700	
284	701	
285	702	
281	703	
281	704	
285	705	
285	706	
285	707	
285	709	
285	710	
283	713	
283	714	
283	715	
283	716	
281	717	
281	718	
279	719	
283	719	
282	720	
282	721	
282	722	
280	723	
279	724	
279	725	
279	726	
279	727	
279	728	
279	729	
279	730	
281	731	
282	732	
278	733	
278	734	
278	735	
280	736	
280	737	
280	738	
280	739	
277	740	
277	741	
277	742	
277	743	
277	744	
278	745	
278	746	
278	747	
277	748	
281	749	
280	750	
278	751	
278	752	
278	753	
278	754	
278	755	
277	756	
277	757	
277	758	
279	759	
279	760	
279	761	
279	762	
278	763	
279	763	
278	764	
279	765	
278	766	
275	767	
276	768	
277	769	
277	770	
277	771	
276	772	
277	772	
277	773	
277	774	
278	774	
277	775	
276	776	
275	777	
274	778	
277	779	
277	780	
273	781	
273	782	
274	783	
277	784	
275	785	
275	786	
275	787	
275	788	
275	789	
275	790	
275	791	
275	792	
273	793	
275	794	
275	795	
275	796	
275	797	
275	798	
275	799	
275	800	
275	801	
276	802	
276	803	
274	804	
274	805	
276	806	
276	807	
276	808	
276	809	
275	810	
274	811	
273	812	
274	813	
275	814	
275	815	
275	816	
277	817	
277	818	
273	819	
274	820	
274	821	
273	822	
273	823	
273	824	
273	825	
277	826	
276	827	
277	828	
277	829	
273	830	
273	831	
274	832	
276	833	
276	834	
275	835	
275	836	
276	837	
277	838	
277	839	
277	840	
274	841	
274	842	
273	843	
277	844	
277	845	
277	846	
277	847	
277	848	
277	849	
277	850	
276	851	
276	852	
276	853	
276	854	
277	854	
275	855	
275	856	
275	857	
276	858	
277	859	
277	860	
277	861	
275	862	
275	863	
275	864	
277	865	
277	866	
277	867	
274	868	
277	868	
274	869	
274	870	
273	871	
273	872	
274	873	
275	874	
276	874	
276	875	
276	876	
277	877	
277	878	
273	879	
273	880	
277	880	
277	881	
277	882	
273	883	
273	884	
273	885	
273	886	
273	887	
274	888	
277	888	
275	889	
275	890	
274	891	
273	892	
273	893	
273	894	
273	895	
273	896	
273	897	
273	898	
275	899	
275	900	
274	901	
273	902	
273	903	
273	904	
273	905	
275	906	
271	907	
275	908	
275	909	
274	910	
271	911	
271	912	
275	913	
275	914	
275	915	
271	916	
271	917	
271	918	
271	919	
271	920	
273	921	
273	922	
271	923	
271	924	
271	925	
