267	340	
267	341	
267	342	
267	343	
267	344	
267	345	
267	346	
269	347	
269	348	
269	349	
269	350	
269	351	
269	352	
269	353	
269	354	
269	355	
269	356	
270	357	
269	358	
269	359	
269	360	
269	361	
269	362	
269	363	
269	364	
267	365	
269	365	
268	366	
268	367	
269	368	
268	369	
269	369	
268	370	
269	370	
268	371	
269	372	
269	373	
269	374	
269	375	
267	376	
267	377	
267	378	
269	379	
269	380	
268	381	
267	382	
268	382	
268	383	
268	384	
267	385	
268	386	
268	387	
269	388	
268	389	
269	390	
267	391	
267	392	
267	393	
275	394	
275	395	
275	396	
277	397	
275	398	
275	399	
275	400	
277	401	
277	402	
277	403	
279	404	
279	405	
279	406	
279	407	
278	408	
277	409	
278	410	
279	411	
279	412	
278	413	
277	414	
277	415	
281	416	
281	417	
279	418	
278	419	
278	420	
279	421	
279	422	
280	423	
280	424	
279	425	
280	425	
279	426	
280	427	
280	428	
281	429	
281	430	
281	431	
281	432	
278	433	
279	434	
279	435	
281	436	
278	437	
279	438	
280	439	
280	440	
280	441	
281	442	
281	443	
281	444	
279	445	
280	446	
280	447	
280	448	
279	449	
277	450	
278	451	
279	452	
280	453	
278	454	
277	455	
277	456	
279	457	
280	458	
277	459	
277	460	
278	461	
280	461	
279	462	
279	463	
279	464	
280	464	
279	465	
279	466	
277	467	
277	468	
277	469	
277	470	
277	471	
278	472	
278	473	
278	474	
278	475	
278	476	
278	477	
278	478	
278	479	
278	480	
277	481	
278	482	
279	483	
279	484	
279	485	
279	486	
279	487	
279	488	
279	489	
281	490	
281	491	
281	492	
282	493	
281	494	
279	495	
279	496	
279	497	
280	498	
279	499	
279	500	
281	500	
281	501	
282	502	
283	503	
282	504	
283	504	
282	505	
281	506	
281	507	
282	508	
281	509	
282	510	
282	511	
282	512	
281	513	
281	514	
281	515	
283	516	
283	517	
283	518	
283	519	
283	520	
283	521	
283	522	
285	523	
285	524	
285	525	
285	526	
283	527	
285	528	
286	529	
286	530	
286	531	
285	532	
285	533	
285	534	
287	535	
285	536	
285	537	
287	538	
287	539	
286	540	
287	541	
287	542	
286	543	
287	543	
286	544	
285	545	
285	546	
285	547	
285	548	
286	548	
285	549	
285	550	
285	551	
285	552	
285	553	
285	554	
285	555	
285	556	
284	557	
285	558	
283	559	
285	560	
286	561	
286	562	
283	563	
283	564	
286	565	
285	566	
285	567	
285	568	
285	569	
285	570	
287	571	
287	572	
287	573	
288	574	
287	575	
288	576	
288	577	
287	578	
289	578	
288	579	
289	580	
290	581	
290	582	
289	583	
289	584	
289	585	
291	586	
288	587	
287	588	
288	589	
288	590	
289	591	
289	592	
289	593	
290	594	
290	595	
289	596	
289	597	
290	598	
290	599	
290	600	
290	601	
290	602	
291	603	
292	604	
291	605	
291	606	
289	607	
289	608	
289	609	
293	609	
293	610	
291	611	
291	612	
293	613	
293	614	
292	615	
291	616	
291	617	
293	618	
293	619	
293	620	
292	621	
291	622	
291	623	
293	624	
293	625	
293	626	
293	627	
291	628	
291	629	
291	630	
291	631	
291	632	
291	633	
291	634	
294	635	
293	636	
292	637	
293	637	
291	638	
291	639	
293	640	
293	641	
293	642	
291	643	
291	644	
291	645	
293	646	
293	647	
291	648	
290	649	
291	650	
291	651	
291	652	
289	653	
289	654	
290	655	
291	656	
287	657	
291	658	
291	659	
290	660	
290	661	
291	662	
289	663	
290	663	
289	664	
290	664	
290	665	
290	666	
290	667	
290	668	
288	669	
288	670	
291	671	
291	672	
291	673	
289	674	
289	679	
289	680	
289	681	
289	684	
291	685	
291	686	
289	687	
289	688	
289	691	
289	692	
291	693	
291	694	
289	695	
289	696	
289	697	
291	699	
289	700	
291	701	
291	702	
291	703	
291	704	
289	707	
289	708	
289	709	
290	710	
290	711	
289	712	
289	713	
290	713	
289	714	
289	715	
288	716	
288	717	
288	718	
288	719	
287	720	
287	721	
288	722	
287	723	
288	723	
288	724	
288	725	
288	726	
288	727	
288	728	
288	729	
287	730	
287	731	
287	732	
287	733	
288	733	
289	733	
289	734	
289	735	
287	736	
289	736	
288	737	
288	738	
289	739	
289	740	
289	741	
287	742	
287	743	
289	744	
289	745	
289	746	
288	747	
289	748	
289	749	
290	750	
289	751	
289	752	
289	753	
289	754	
289	755	
289	756	
289	757	
290	758	
289	759	
289	760	
289	761	
288	762	
288	763	
289	764	
285	765	
285	766	
288	767	
288	768	
287	769	
285	770	
286	771	
287	772	
288	773	
287	774	
284	775	
283	776	
286	777	
287	778	
284	779	
283	780	
283	781	
284	782	
283	783	
284	783	
283	784	
283	785	
283	786	
284	786	
284	787	
281	788	
284	789	
282	790	
283	790	
281	791	
281	792	
282	792	
282	793	
282	794	
281	795	
282	795	
281	796	
282	797	
283	798	
282	799	
282	800	
282	801	
281	802	
281	803	
281	804	
281	805	
282	806	
282	807	
282	808	
282	809	
283	810	
284	811	
285	812	
284	813	
283	814	
284	815	
283	816	
283	817	
283	818	
283	819	
283	820	
284	820	
284	821	
284	822	
284	823	
283	824	
283	825	
283	826	
282	827	
283	828	
283	829	
282	830	
284	831	
283	832	
283	833	
285	834	
284	835	
284	836	
285	837	
285	838	
285	839	
285	840	
285	841	
285	842	
286	843	
283	844	
283	845	
283	846	
285	847	
282	848	
285	849	
285	850	
285	851	
285	852	
284	853	
285	854	
285	855	
284	856	
283	857	
283	858	
284	859	
285	860	
285	861	
283	862	
283	863	
283	864	
285	865	
285	866	
286	867	
285	868	
285	869	
285	870	
285	871	
285	872	
285	873	
284	874	
282	875	
283	876	
283	877	
284	878	
284	879	
285	880	
285	881	
282	882	
282	883	
285	884	
285	885	
285	886	
285	887	
285	888	
282	889	
283	890	
284	890	
285	890	
285	891	
285	892	
285	893	
285	894	
285	895	
281	896	
281	897	
281	898	
281	899	
284	900	
284	901	
283	902	
282	903	
281	904	
281	905	
281	906	
281	907	
281	908	
282	909	
283	910	
283	911	
283	912	
283	913	
283	914	
281	915	
281	916	
282	917	
283	918	
283	919	
279	920	
279	921	
279	922	
281	923	
281	924	
283	942	
283	943	
283	944	
285	945	
285	946	
285	947	
285	948	
285	949	
281	959	
281	960	
281	961	
293	1052	
293	1053	
291	1054	
291	1055	
297	1087	
297	1088	
297	1089	
