183	516	
185	519	
185	520	
183	521	
183	522	
183	523	
184	523	
185	524	
183	525	
183	526	
184	527	
185	528	
186	529	
183	530	
186	531	
186	532	
187	532	
187	533	
187	534	
187	535	
187	536	
187	537	
186	538	
186	539	
186	540	
187	541	
185	542	
185	543	
185	544	
186	545	
187	546	
187	547	
187	548	
186	549	
185	550	
186	551	
181	552	
182	553	
182	554	
182	555	
182	556	
181	557	
181	558	
179	559	
179	560	
183	561	
183	562	
181	563	
183	563	
181	584	
181	585	
183	586	
179	587	
179	588	
179	589	
185	594	
189	596	
189	597	
189	598	
187	599	
187	600	
189	602	
189	603	
189	604	
189	605	
189	607	
189	608	
189	609	
189	610	
189	611	
186	612	
187	613	
188	614	
188	615	
188	616	
188	617	
188	618	
186	619	
186	620	
186	621	
188	621	
186	622	
186	623	
186	624	
188	625	
186	626	
188	627	
188	628	
188	629	
189	630	
185	631	
185	632	
185	633	
185	634	
187	635	
187	636	
186	637	
187	638	
187	639	
186	640	
186	641	
186	642	
186	643	
186	644	
187	645	
188	646	
187	647	
187	648	
187	649	
185	650	
187	651	
186	652	
185	653	
185	654	
186	655	
183	656	
184	656	
185	657	
185	658	
187	659	
187	660	
187	661	
185	662	
183	663	
183	664	
185	665	
184	666	
184	667	
184	668	
184	669	
183	670	
183	671	
184	672	
185	673	
185	674	
185	675	
184	676	
182	677	
181	678	
181	679	
181	680	
181	681	
183	682	
183	683	
95	684	
181	685	
181	686	
181	687	
183	689	
183	690	
181	692	
181	693	
179	694	
181	695	
