279	324	
279	325	
279	326	
279	327	
279	328	
279	329	
281	330	
281	331	
281	332	
279	333	
281	334	
282	335	
281	336	
281	337	
281	338	
282	339	
279	340	
280	341	
279	342	
279	343	
280	344	
281	345	
279	346	
279	347	
279	348	
279	349	
279	350	
279	351	
281	352	
281	353	
281	354	
281	355	
279	356	
279	357	
280	358	
280	359	
280	360	
279	361	
280	362	
280	363	
279	364	
279	365	
279	366	
279	367	
279	368	
279	369	
279	370	
279	371	
279	372	
278	373	
280	373	
279	374	
277	375	
279	376	
279	377	
279	378	
279	379	
279	380	
280	381	
279	382	
279	383	
277	384	
279	385	
277	386	
277	387	
277	388	
277	389	
277	390	
279	391	
279	392	
279	393	
279	394	
285	395	
285	396	
287	397	
287	398	
287	399	
287	400	
287	401	
287	402	
287	403	
287	404	
287	405	
287	406	
291	407	
287	408	
287	409	
288	410	
291	411	
291	412	
291	413	
289	414	
291	414	
290	415	
291	415	
291	416	
291	417	
289	418	
289	419	
289	420	
289	421	
289	422	
290	423	
292	424	
292	425	
291	426	
290	427	
290	428	
291	429	
291	430	
291	431	
289	432	
289	433	
289	434	
289	435	
291	436	
291	437	
291	438	
291	439	
289	440	
289	441	
289	442	
289	443	
290	444	
290	445	
290	446	
290	447	
289	448	
290	449	
290	450	
290	451	
289	452	
290	453	
290	454	
289	455	
289	456	
289	457	
289	458	
289	459	
289	460	
289	461	
290	462	
289	463	
290	464	
289	465	
289	466	
289	467	
289	468	
291	469	
291	470	
289	471	
289	472	
289	473	
288	474	
289	475	
288	476	
288	477	
289	477	
288	478	
289	479	
288	480	
288	481	
287	482	
287	483	
288	484	
287	485	
287	486	
288	487	
287	488	
288	488	
288	489	
288	490	
288	491	
288	492	
288	493	
289	494	
288	495	
288	496	
288	497	
289	498	
289	499	
289	500	
289	501	
291	503	
291	504	
289	505	
289	506	
291	508	
291	509	
291	510	
291	511	
291	512	
289	513	
288	514	
289	515	
291	516	
289	517	
289	518	
289	519	
289	520	
289	521	
290	522	
289	523	
289	524	
293	531	
293	532	
293	533	
301	534	
301	535	
293	536	
295	537	
295	538	
295	539	
295	540	
293	541	
293	542	
293	543	
295	544	
293	545	
294	546	
294	547	
293	548	
293	549	
293	550	
294	551	
293	552	
294	553	
293	554	
293	555	
294	556	
295	557	
297	558	
297	559	
297	560	
297	561	
297	562	
298	563	
298	564	
298	565	
297	566	
297	567	
299	568	
300	569	
300	570	
301	570	
297	571	
297	572	
299	573	
299	574	
300	574	
298	575	
299	576	
298	577	
298	578	
299	579	
299	580	
299	581	
299	582	
299	583	
299	584	
299	585	
301	586	
300	587	
299	588	
302	589	
302	590	
302	591	
301	592	
301	593	
301	594	
301	595	
301	596	
301	597	
301	598	
301	599	
301	600	
302	601	
302	602	
303	603	
302	604	
301	605	
301	606	
301	607	
302	608	
303	608	
304	609	
303	610	
303	611	
303	612	
303	613	
301	614	
302	615	
304	616	
302	617	
304	618	
301	619	
301	620	
303	621	
303	622	
302	623	
302	624	
302	625	
301	626	
303	627	
302	628	
302	629	
302	630	
302	631	
302	632	
301	633	
303	634	
303	635	
304	636	
304	637	
303	638	
302	639	
302	640	
302	641	
301	642	
301	643	
302	644	
301	645	
302	646	
302	647	
302	648	
301	649	
302	650	
302	651	
301	652	
301	653	
304	654	
303	655	
303	656	
302	657	
302	658	
301	659	
301	660	
302	661	
302	662	
299	663	
299	664	
300	664	
299	665	
300	666	
301	667	
299	668	
300	668	
300	669	
300	670	
301	670	
300	671	
301	672	
301	673	
302	674	
299	675	
301	676	
299	677	
300	678	
300	679	
299	680	
299	681	
301	682	
300	683	
300	684	
299	685	
300	686	
301	687	
300	688	
301	689	
300	690	
300	691	
300	692	
301	692	
299	693	
300	694	
299	695	
300	695	
299	696	
301	696	
300	697	
300	698	
300	699	
300	700	
299	701	
300	702	
300	703	
299	704	
300	705	
299	706	
300	707	
301	707	
300	708	
301	709	
299	710	
302	710	
302	711	
302	712	
301	713	
300	714	
301	714	
300	715	
299	716	
302	717	
302	718	
299	719	
300	720	
302	720	
301	721	
301	722	
301	723	
301	724	
301	725	
301	726	
302	727	
302	728	
301	729	
303	730	
303	731	
302	732	
302	733	
302	734	
302	735	
302	736	
301	737	
300	738	
300	739	
301	740	
302	741	
302	742	
302	743	
299	744	
299	745	
299	746	
300	746	
301	747	
300	748	
299	749	
299	750	
299	751	
299	752	
300	753	
299	754	
301	754	
300	755	
299	756	
299	757	
300	758	
301	759	
300	760	
300	761	
300	762	
300	763	
299	764	
298	765	
297	766	
302	767	
302	768	
301	769	
297	770	
297	771	
297	772	
297	773	
297	774	
297	775	
298	776	
297	777	
297	778	
297	779	
297	780	
299	781	
298	782	
298	783	
296	784	
297	785	
297	786	
297	787	
295	788	
295	789	
295	790	
298	791	
295	792	
295	793	
296	794	
296	795	
296	796	
295	797	
294	798	
293	799	
293	800	
293	801	
293	802	
294	803	
294	804	
293	805	
294	806	
293	807	
293	808	
293	809	
295	810	
293	811	
293	812	
293	813	
294	814	
295	815	
296	815	
295	816	
294	817	
294	818	
297	819	
297	820	
293	821	
293	822	
293	823	
293	824	
293	825	
293	826	
296	827	
296	828	
295	829	
296	830	
294	831	
293	832	
293	833	
293	834	
293	835	
294	835	
293	836	
293	837	
296	838	
296	839	
296	840	
296	841	
296	842	
296	843	
297	844	
297	845	
293	846	
294	846	
293	847	
293	848	
293	849	
297	850	
297	851	
297	852	
296	853	
297	853	
296	854	
296	855	
297	856	
297	857	
297	858	
297	859	
294	860	
297	861	
297	862	
297	863	
297	864	
294	865	
295	866	
297	867	
297	868	
293	869	
293	870	
297	871	
297	872	
293	873	
293	874	
293	875	
294	876	
293	877	
293	878	
293	879	
293	880	
293	881	
294	882	
293	883	
294	884	
294	885	
294	886	
293	887	
293	888	
293	889	
293	890	
293	891	
293	892	
293	893	
296	893	
293	894	
293	895	
293	896	
293	897	
293	898	
293	899	
293	900	
293	901	
293	902	
293	903	
293	904	
293	905	
293	906	
293	907	
293	908	
295	909	
295	910	
296	910	
295	911	
295	912	
295	913	
295	914	
291	915	
295	916	
295	917	
295	918	
295	919	
295	920	
293	921	
295	937	
295	938	
295	939	
291	940	
292	941	
292	942	
291	943	
295	944	
297	945	
293	946	
293	947	
293	948	
293	949	
293	950	
292	951	
