281	320	
281	321	
283	322	
283	323	
283	324	
283	325	
283	326	
283	327	
283	328	
283	329	
283	330	
283	331	
283	332	
283	333	
284	334	
285	335	
283	336	
283	337	
283	338	
283	339	
283	340	
284	341	
283	342	
283	343	
283	344	
284	344	
283	345	
283	346	
283	347	
284	347	
283	348	
283	349	
283	350	
283	351	
283	352	
283	353	
283	354	
282	355	
281	356	
283	357	
283	358	
283	359	
283	360	
283	361	
281	362	
281	363	
281	364	
282	365	
283	366	
283	367	
282	368	
281	369	
281	370	
281	371	
281	372	
281	373	
281	374	
281	375	
281	376	
281	377	
281	378	
282	378	
281	379	
282	380	
282	381	
282	382	
281	383	
281	384	
281	385	
281	386	
281	387	
281	388	
281	389	
281	390	
281	391	
281	392	
281	393	
281	394	
289	395	
289	396	
289	397	
289	398	
289	399	
289	400	
289	401	
289	402	
289	403	
289	404	
291	405	
291	406	
293	407	
291	408	
291	409	
291	410	
293	411	
292	412	
291	413	
292	413	
291	414	
291	415	
291	416	
293	417	
293	418	
291	419	
292	420	
293	421	
293	422	
293	423	
293	424	
291	425	
291	426	
291	427	
295	427	
295	428	
295	429	
295	430	
293	431	
292	432	
293	432	
291	433	
294	434	
294	435	
293	436	
293	437	
295	438	
295	439	
295	440	
295	441	
295	442	
295	443	
295	444	
294	445	
292	446	
292	447	
292	448	
292	449	
291	450	
293	451	
292	452	
293	453	
293	454	
293	455	
293	456	
291	457	
292	457	
291	458	
291	459	
291	460	
291	461	
291	462	
292	463	
292	464	
292	465	
292	466	
292	467	
291	468	
291	469	
291	470	
291	471	
292	472	
293	473	
292	474	
292	475	
291	476	
293	477	
292	478	
293	478	
292	479	
293	480	
292	481	
292	482	
292	483	
291	484	
290	485	
290	486	
291	487	
291	488	
291	489	
290	490	
289	491	
289	492	
290	493	
290	494	
289	495	
291	495	
290	496	
290	497	
289	498	
290	499	
290	500	
289	501	
289	502	
289	503	
290	504	
291	505	
291	506	
291	507	
289	508	
290	509	
293	509	
293	510	
293	511	
291	512	
291	513	
291	514	
292	515	
293	516	
293	517	
293	518	
291	519	
291	520	
291	521	
295	522	
293	523	
293	524	
293	525	
295	526	
295	527	
293	528	
295	529	
295	530	
295	531	
295	532	
295	533	
295	534	
295	535	
295	536	
295	537	
295	538	
295	539	
296	540	
296	541	
296	542	
297	543	
297	544	
296	545	
295	546	
297	547	
297	548	
297	549	
298	549	
298	550	
298	551	
297	552	
297	553	
298	554	
299	555	
300	556	
300	557	
300	558	
299	559	
300	559	
299	560	
299	561	
299	562	
301	563	
299	564	
301	565	
301	566	
301	567	
302	568	
301	569	
301	570	
303	571	
303	572	
303	573	
301	574	
302	575	
301	576	
301	577	
301	578	
305	579	
301	580	
304	581	
303	582	
303	583	
303	584	
304	585	
305	585	
305	586	
305	587	
304	588	
305	589	
304	590	
305	591	
305	592	
306	593	
305	594	
305	595	
305	596	
304	597	
305	598	
304	599	
304	600	
304	601	
303	602	
303	603	
304	604	
303	605	
303	606	
303	607	
303	608	
304	608	
304	609	
304	610	
307	610	
304	611	
307	611	
307	612	
307	613	
305	614	
306	614	
305	615	
306	616	
306	617	
306	618	
305	619	
306	620	
306	621	
306	622	
307	623	
307	624	
307	625	
305	626	
306	627	
306	628	
304	629	
306	629	
303	630	
307	631	
306	632	
306	633	
307	634	
306	635	
306	636	
306	637	
306	638	
307	639	
307	640	
307	641	
307	642	
307	643	
305	644	
307	645	
306	646	
306	647	
305	648	
307	649	
305	650	
306	651	
306	652	
306	653	
306	654	
306	655	
305	656	
305	657	
305	658	
305	659	
305	660	
304	661	
303	662	
304	663	
304	664	
304	665	
305	666	
305	667	
305	668	
306	669	
306	670	
305	671	
305	672	
301	673	
302	673	
302	674	
303	675	
303	676	
304	676	
302	677	
302	678	
301	679	
301	680	
303	681	
303	682	
303	683	
303	684	
303	685	
304	686	
301	687	
302	688	
302	689	
305	690	
304	691	
305	691	
305	692	
305	693	
305	694	
305	695	
305	696	
305	697	
304	698	
305	698	
303	699	
303	700	
303	701	
304	702	
304	703	
303	704	
305	705	
305	706	
305	707	
305	708	
304	709	
304	710	
304	711	
304	712	
304	713	
304	714	
304	715	
303	716	
304	716	
303	717	
305	718	
305	719	
305	720	
305	721	
305	722	
304	723	
305	723	
304	724	
304	725	
304	726	
303	727	
303	728	
303	729	
304	730	
303	731	
302	732	
302	733	
302	734	
303	735	
303	736	
303	737	
302	738	
302	739	
303	740	
304	740	
303	741	
304	741	
304	742	
304	743	
305	744	
305	745	
305	746	
305	747	
305	748	
305	749	
305	750	
305	751	
305	752	
305	753	
301	754	
304	755	
304	756	
304	757	
302	758	
302	759	
302	760	
303	761	
303	762	
302	763	
302	764	
301	765	
302	766	
304	767	
305	768	
301	769	
301	770	
302	771	
302	772	
303	772	
301	773	
301	774	
301	775	
301	776	
302	776	
302	777	
302	778	
301	779	
299	780	
299	781	
299	782	
299	783	
299	784	
301	785	
301	786	
301	787	
299	788	
299	789	
299	790	
298	791	
297	792	
297	793	
297	794	
300	795	
299	796	
297	797	
297	798	
298	799	
298	800	
297	801	
296	802	
299	803	
299	804	
295	805	
295	806	
299	806	
299	807	
299	808	
298	809	
297	810	
295	811	
295	812	
295	813	
295	814	
295	815	
296	816	
295	817	
295	818	
298	819	
298	820	
299	820	
298	821	
299	821	
299	822	
298	823	
299	824	
295	825	
299	826	
298	827	
299	828	
297	829	
297	830	
296	831	
298	832	
299	833	
299	834	
299	835	
298	836	
296	837	
297	838	
297	839	
297	840	
297	841	
298	842	
298	843	
298	844	
298	845	
298	846	
298	847	
298	848	
298	849	
299	849	
298	850	
298	851	
298	852	
297	853	
297	854	
299	855	
299	856	
298	857	
299	858	
299	859	
298	860	
297	861	
299	862	
299	863	
299	864	
299	865	
298	866	
297	867	
297	868	
300	869	
300	870	
299	871	
299	872	
297	873	
297	874	
297	875	
297	876	
297	877	
297	878	
299	879	
297	880	
297	881	
297	882	
296	883	
299	884	
300	885	
299	886	
296	887	
296	888	
297	889	
299	889	
297	890	
296	891	
296	892	
299	893	
299	894	
299	895	
299	896	
297	897	
299	898	
299	899	
299	900	
299	901	
299	902	
299	903	
296	904	
295	905	
295	906	
296	907	
296	908	
295	909	
295	910	
295	911	
295	912	
295	913	
295	914	
295	915	
295	916	
295	917	
295	918	
295	919	
295	920	
297	921	
297	922	
297	929	
295	930	
295	938	
297	941	
295	943	
295	944	
299	946	
299	947	
299	948	
295	949	
295	950	
295	951	
311	1084	
311	1085	
