283	318	
283	319	
285	320	
285	321	
285	322	
285	323	
285	324	
285	325	
285	326	
285	327	
285	328	
285	329	
285	330	
285	331	
285	332	
285	333	
285	334	
285	335	
285	336	
285	337	
284	338	
286	339	
283	340	
283	341	
285	342	
285	343	
285	344	
285	345	
283	346	
283	347	
285	348	
285	349	
285	350	
285	351	
285	352	
285	353	
284	354	
283	355	
284	356	
283	357	
283	358	
282	359	
283	360	
283	361	
284	362	
284	363	
283	364	
283	365	
283	366	
283	367	
283	368	
281	369	
283	370	
283	371	
283	372	
283	373	
283	374	
283	375	
282	376	
282	377	
283	378	
283	379	
283	380	
283	381	
283	382	
283	383	
283	384	
283	385	
283	386	
283	387	
285	388	
285	389	
285	390	
285	391	
283	392	
283	393	
283	394	
291	397	
291	398	
291	399	
293	400	
293	401	
293	402	
293	403	
291	404	
291	405	
295	406	
294	407	
295	408	
295	409	
295	410	
293	411	
293	412	
293	413	
293	414	
293	415	
293	416	
294	417	
295	418	
295	419	
296	420	
295	421	
294	422	
293	423	
293	424	
294	425	
295	426	
295	427	
296	428	
296	429	
296	430	
295	431	
296	432	
296	433	
296	434	
296	435	
296	436	
295	437	
297	438	
297	439	
296	440	
295	441	
295	442	
295	443	
294	444	
296	444	
296	445	
294	446	
294	447	
295	448	
295	449	
295	450	
295	451	
295	452	
295	453	
295	454	
293	455	
294	456	
293	457	
293	458	
293	459	
294	460	
294	461	
294	462	
294	463	
293	464	
293	465	
293	466	
295	467	
295	468	
294	469	
293	470	
293	471	
293	472	
293	473	
294	474	
293	475	
293	476	
293	477	
294	478	
294	479	
293	480	
295	481	
291	482	
291	483	
291	484	
292	485	
291	486	
293	487	
293	488	
292	489	
292	490	
293	491	
293	492	
292	493	
291	494	
291	495	
292	496	
291	497	
291	498	
291	499	
292	500	
292	501	
292	502	
292	503	
293	503	
293	504	
291	505	
291	506	
291	507	
292	508	
292	509	
291	510	
292	510	
291	511	
291	512	
291	513	
295	514	
295	515	
291	516	
295	517	
295	518	
294	519	
293	520	
294	520	
293	521	
293	522	
293	523	
293	524	
295	525	
295	526	
295	527	
297	528	
295	529	
295	530	
295	531	
295	532	
297	533	
297	534	
296	535	
295	536	
299	537	
299	538	
299	539	
297	540	
298	541	
299	542	
299	543	
299	544	
297	545	
297	546	
299	547	
300	548	
297	549	
298	550	
299	551	
300	552	
299	553	
299	554	
299	555	
301	556	
301	557	
302	558	
302	559	
302	560	
301	561	
301	562	
301	563	
304	564	
303	565	
303	566	
304	567	
304	568	
304	569	
304	570	
303	571	
305	572	
305	573	
303	574	
303	575	
303	576	
303	577	
304	578	
305	579	
306	579	
304	580	
304	581	
303	582	
307	582	
303	583	
303	584	
306	585	
306	586	
307	586	
305	587	
306	587	
305	588	
305	589	
305	590	
305	591	
305	592	
306	593	
307	594	
305	595	
309	596	
305	597	
307	598	
307	599	
307	600	
308	600	
306	601	
305	602	
307	603	
306	604	
307	604	
306	605	
306	606	
306	607	
309	608	
308	609	
308	610	
308	611	
307	612	
308	613	
307	614	
307	615	
307	616	
307	617	
307	618	
306	619	
306	620	
305	621	
306	622	
308	623	
307	624	
308	625	
307	626	
308	627	
308	628	
307	629	
308	630	
308	631	
308	632	
309	632	
308	633	
308	634	
309	634	
308	635	
309	635	
308	636	
308	637	
309	638	
308	639	
308	640	
308	641	
308	642	
308	643	
307	644	
308	645	
308	646	
308	647	
308	648	
310	649	
308	650	
308	651	
308	652	
307	653	
307	654	
309	655	
309	656	
309	657	
309	658	
309	659	
307	660	
307	661	
308	662	
307	663	
306	664	
305	665	
309	665	
306	666	
306	667	
305	668	
305	669	
305	670	
305	671	
305	672	
306	673	
307	674	
307	675	
303	676	
304	677	
307	678	
304	679	
307	680	
306	681	
306	682	
308	682	
307	683	
305	684	
305	685	
304	686	
305	687	
303	688	
304	689	
304	690	
303	691	
306	692	
303	693	
303	694	
304	695	
304	696	
305	696	
305	697	
307	698	
307	699	
303	700	
303	701	
304	701	
305	702	
305	703	
305	704	
305	705	
306	706	
305	707	
305	708	
305	709	
304	710	
305	711	
305	712	
305	713	
305	714	
305	715	
305	716	
305	717	
305	718	
306	719	
306	720	
307	721	
307	722	
308	723	
304	724	
305	725	
305	726	
306	727	
306	728	
307	729	
306	730	
307	731	
307	732	
306	733	
306	734	
306	735	
306	736	
307	736	
306	737	
307	738	
307	739	
307	740	
305	741	
307	742	
306	743	
305	744	
306	744	
305	745	
307	746	
306	747	
306	748	
307	749	
307	750	
307	751	
305	752	
307	753	
307	754	
307	755	
305	756	
305	757	
306	758	
306	759	
306	760	
303	761	
306	761	
304	762	
306	763	
306	764	
303	765	
303	766	
303	767	
303	768	
303	769	
303	770	
304	770	
303	771	
304	772	
304	773	
304	774	
304	775	
304	776	
305	777	
305	778	
305	779	
305	780	
305	781	
305	782	
304	783	
304	784	
304	785	
304	786	
304	787	
303	788	
303	789	
302	790	
300	791	
301	791	
305	792	
303	793	
303	794	
299	795	
300	796	
301	797	
301	798	
300	799	
299	800	
299	801	
298	802	
297	803	
297	804	
300	805	
301	805	
300	806	
297	807	
297	808	
298	809	
298	810	
299	811	
298	812	
298	813	
299	814	
300	815	
300	816	
297	817	
297	818	
298	819	
298	820	
297	821	
298	821	
297	822	
301	823	
301	824	
301	825	
301	826	
301	827	
301	828	
300	829	
301	829	
301	830	
301	831	
301	832	
299	833	
300	834	
299	835	
299	836	
299	837	
298	838	
298	839	
300	840	
300	841	
300	842	
300	843	
301	843	
301	844	
298	845	
298	846	
299	847	
300	848	
300	849	
299	850	
302	850	
299	851	
299	852	
299	853	
298	854	
298	855	
299	855	
301	856	
298	857	
299	857	
299	858	
301	859	
299	860	
299	861	
299	862	
299	863	
299	864	
299	865	
299	866	
299	867	
299	868	
301	869	
301	870	
300	871	
301	871	
301	872	
302	872	
301	873	
301	874	
300	875	
299	876	
299	877	
299	878	
298	879	
300	880	
299	881	
299	882	
299	883	
299	884	
300	885	
301	885	
301	886	
301	887	
301	888	
299	889	
299	890	
299	891	
301	892	
300	893	
300	894	
299	895	
297	896	
298	896	
301	897	
301	898	
303	899	
302	900	
301	901	
301	902	
299	903	
299	904	
298	905	
297	906	
301	906	
301	907	
301	908	
298	909	
297	910	
297	911	
297	912	
300	912	
301	913	
301	914	
297	915	
297	916	
297	917	
300	918	
300	919	
297	920	
297	921	
297	922	
297	923	
297	924	
297	925	
299	940	
299	941	
299	942	
297	943	
297	944	
301	945	
299	947	
297	949	
297	950	
307	1046	
307	1047	
307	1048	
307	1049	
315	1076	
315	1077	
313	1083	
