293	306	
293	307	
293	309	
293	310	
293	311	
293	312	
293	313	
293	314	
293	315	
293	316	
293	317	
293	318	
294	319	
294	320	
293	321	
293	322	
293	323	
293	324	
293	325	
293	326	
293	327	
293	328	
294	329	
292	330	
291	331	
291	332	
291	333	
293	334	
293	335	
293	336	
293	337	
291	338	
291	339	
291	340	
292	340	
292	341	
291	342	
291	343	
293	344	
291	345	
292	346	
291	347	
291	348	
291	349	
291	350	
291	351	
293	352	
293	353	
291	354	
292	354	
291	355	
292	356	
291	357	
291	358	
291	359	
291	360	
292	361	
291	362	
291	363	
291	364	
291	365	
291	366	
293	367	
293	368	
293	369	
292	370	
291	371	
292	371	
291	372	
293	373	
293	374	
291	375	
293	376	
291	377	
291	378	
291	379	
291	380	
293	381	
291	382	
291	383	
291	384	
291	385	
293	386	
293	387	
293	388	
291	389	
291	390	
293	391	
293	392	
293	393	
293	394	
293	395	
293	396	
293	397	
299	401	
299	402	
299	403	
299	404	
299	405	
299	406	
299	407	
301	408	
301	409	
301	410	
299	411	
299	412	
299	413	
299	414	
301	415	
301	416	
301	417	
301	418	
301	419	
301	420	
301	421	
301	422	
302	423	
302	424	
302	425	
302	426	
302	427	
302	428	
302	429	
303	430	
303	431	
302	432	
301	433	
301	434	
302	435	
302	436	
301	437	
302	438	
301	439	
302	440	
301	441	
301	442	
301	443	
301	444	
301	445	
301	446	
302	447	
302	448	
302	449	
303	449	
302	450	
302	451	
303	452	
303	453	
301	454	
301	455	
302	455	
302	456	
302	457	
302	458	
302	459	
301	460	
301	461	
301	462	
301	463	
301	464	
302	465	
301	466	
301	467	
301	468	
303	469	
302	470	
301	471	
303	471	
301	472	
302	473	
303	473	
303	474	
303	475	
303	476	
303	477	
302	478	
301	479	
300	480	
300	481	
302	482	
302	483	
302	484	
301	485	
300	486	
301	486	
300	487	
299	488	
303	489	
302	490	
300	491	
300	492	
300	493	
299	494	
300	495	
300	496	
300	497	
300	498	
301	498	
300	499	
300	500	
300	501	
300	502	
300	503	
300	504	
300	505	
300	506	
300	507	
300	508	
301	509	
301	510	
301	511	
300	512	
301	513	
302	514	
301	515	
301	516	
301	517	
301	518	
301	519	
301	520	
303	521	
303	522	
303	523	
305	524	
305	525	
303	526	
304	526	
305	527	
306	528	
305	529	
303	530	
303	531	
305	532	
305	533	
305	534	
305	535	
305	536	
307	537	
305	538	
306	539	
305	540	
306	541	
305	542	
305	543	
305	544	
308	545	
309	546	
309	547	
309	548	
311	549	
307	550	
307	551	
309	552	
309	553	
311	554	
311	555	
309	556	
311	557	
312	557	
310	558	
311	558	
311	559	
309	560	
312	561	
311	562	
311	563	
312	564	
312	565	
311	566	
311	567	
311	568	
312	568	
311	569	
311	570	
311	571	
311	572	
311	573	
312	574	
313	575	
314	576	
314	577	
311	578	
314	579	
314	580	
315	581	
316	582	
313	583	
314	584	
315	584	
314	585	
315	586	
315	587	
315	588	
315	589	
315	590	
314	591	
315	592	
314	593	
313	594	
313	595	
312	596	
313	597	
313	598	
314	599	
315	600	
314	601	
315	602	
313	603	
314	603	
313	604	
313	605	
314	606	
315	607	
315	608	
315	609	
315	610	
315	611	
315	612	
315	613	
315	614	
315	615	
315	616	
316	617	
316	618	
316	619	
316	620	
315	621	
319	622	
319	623	
318	624	
318	625	
315	626	
315	627	
319	628	
318	629	
319	629	
317	630	
317	631	
318	632	
317	633	
319	634	
315	635	
316	636	
316	637	
317	638	
318	639	
318	640	
317	641	
317	642	
318	643	
318	644	
319	645	
315	646	
318	647	
316	648	
318	649	
317	650	
317	651	
316	652	
317	652	
315	653	
315	654	
316	655	
315	656	
314	657	
314	658	
314	659	
314	660	
316	661	
318	662	
317	663	
318	663	
315	664	
316	664	
315	665	
315	666	
315	667	
315	668	
315	669	
315	670	
317	671	
314	672	
315	673	
315	674	
315	675	
313	676	
314	676	
314	677	
314	678	
314	679	
314	680	
313	681	
313	682	
312	683	
313	683	
313	684	
313	685	
314	686	
314	687	
313	688	
314	689	
314	690	
315	691	
314	692	
314	693	
313	694	
313	695	
313	696	
313	697	
313	698	
313	699	
314	700	
314	701	
314	702	
314	703	
314	704	
314	705	
314	706	
313	707	
314	707	
313	708	
314	709	
314	710	
315	710	
314	711	
314	712	
313	713	
313	714	
315	715	
314	716	
315	717	
314	718	
314	719	
316	720	
316	721	
316	722	
314	723	
314	724	
316	724	
314	725	
314	726	
314	727	
313	728	
313	729	
314	730	
314	731	
316	732	
316	733	
313	734	
314	735	
313	736	
314	737	
313	738	
314	738	
313	739	
313	740	
313	741	
313	742	
314	743	
314	744	
314	745	
314	746	
313	747	
313	748	
313	749	
313	750	
313	751	
313	752	
313	753	
313	754	
313	755	
314	756	
314	757	
315	758	
313	759	
313	760	
313	761	
313	762	
315	763	
315	764	
314	765	
311	766	
312	767	
315	768	
315	769	
314	770	
313	771	
313	772	
314	773	
312	774	
311	775	
311	776	
311	777	
311	778	
311	779	
311	780	
311	781	
311	782	
310	783	
311	784	
310	785	
312	786	
309	787	
310	787	
309	788	
309	789	
309	790	
309	791	
309	792	
309	793	
309	794	
309	795	
309	796	
309	797	
311	798	
311	799	
307	800	
307	801	
307	802	
307	803	
307	804	
307	805	
307	806	
306	807	
305	808	
305	809	
306	809	
305	810	
305	811	
305	812	
305	813	
306	814	
306	815	
308	816	
305	817	
305	818	
305	819	
305	820	
305	821	
309	822	
308	823	
307	824	
305	825	
305	826	
305	827	
305	828	
305	829	
305	830	
305	831	
305	832	
305	833	
305	834	
309	835	
309	836	
309	837	
309	838	
309	839	
309	840	
305	841	
306	842	
309	843	
308	844	
307	845	
307	846	
308	847	
308	848	
309	849	
307	850	
307	851	
307	852	
307	853	
309	854	
309	855	
309	856	
309	857	
306	858	
306	859	
306	860	
307	861	
307	862	
309	863	
309	864	
308	865	
307	866	
307	867	
307	868	
307	869	
307	870	
307	871	
308	872	
308	873	
308	874	
309	875	
309	876	
307	877	
308	878	
306	879	
309	880	
309	881	
310	882	
306	883	
306	884	
309	885	
309	886	
309	887	
309	888	
309	889	
309	890	
305	891	
309	892	
309	893	
309	894	
309	895	
305	896	
306	897	
306	898	
306	899	
306	900	
306	901	
306	902	
306	903	
306	904	
306	905	
305	906	
305	907	
305	908	
305	909	
305	910	
305	911	
305	912	
305	913	
305	914	
307	915	
305	916	
305	917	
309	917	
309	918	
305	919	
305	920	
305	921	
307	922	
307	923	
307	924	
