231	51	
231	52	
229	72	
229	73	
297	302	
297	303	
299	304	
299	305	
297	306	
299	306	
297	307	
297	308	
297	309	
299	310	
299	311	
299	312	
299	313	
297	314	
297	315	
297	316	
299	317	
299	318	
299	319	
298	320	
297	321	
299	322	
299	323	
297	324	
297	325	
297	326	
297	327	
297	328	
297	329	
297	330	
297	331	
297	332	
297	333	
297	334	
297	335	
297	336	
297	337	
297	338	
297	339	
297	340	
295	341	
296	342	
296	343	
295	344	
295	345	
295	346	
295	347	
295	348	
295	349	
295	350	
295	351	
296	352	
296	353	
296	354	
296	355	
296	356	
296	357	
297	357	
297	358	
297	359	
297	360	
297	361	
297	362	
297	363	
297	364	
297	365	
297	366	
297	367	
297	368	
297	369	
297	370	
298	371	
299	372	
298	373	
298	374	
298	375	
297	376	
297	377	
297	378	
299	379	
297	380	
299	381	
297	382	
297	383	
297	384	
297	385	
297	386	
299	387	
298	388	
299	389	
299	390	
298	391	
298	392	
297	393	
298	394	
298	395	
299	396	
299	397	
299	398	
299	399	
299	400	
303	403	
303	404	
303	405	
303	406	
305	407	
305	408	
303	409	
303	410	
305	411	
306	412	
305	413	
305	414	
305	415	
305	416	
305	417	
305	418	
307	419	
307	420	
305	421	
305	422	
306	423	
307	424	
306	425	
306	426	
305	427	
305	428	
305	429	
305	430	
305	431	
306	432	
307	433	
307	434	
307	435	
307	436	
306	437	
305	438	
305	439	
306	439	
305	440	
305	441	
308	442	
307	443	
305	444	
305	445	
305	446	
308	447	
307	448	
308	448	
307	449	
308	449	
308	450	
306	451	
306	452	
306	453	
306	454	
307	455	
307	456	
306	457	
305	458	
306	459	
306	460	
305	461	
306	462	
307	463	
306	464	
306	465	
307	466	
306	467	
307	467	
307	468	
307	469	
307	470	
306	471	
307	471	
306	472	
306	473	
307	474	
307	475	
305	476	
305	477	
305	478	
305	479	
305	480	
306	481	
306	482	
306	483	
306	484	
306	485	
307	486	
306	487	
307	487	
306	488	
306	489	
306	490	
305	491	
306	491	
305	492	
306	492	
305	493	
305	494	
305	495	
306	496	
306	497	
305	498	
305	499	
304	500	
303	501	
305	502	
306	503	
307	504	
306	505	
305	506	
304	507	
305	507	
304	508	
305	508	
304	509	
305	510	
305	511	
305	512	
305	513	
305	514	
306	515	
307	516	
307	517	
307	518	
307	519	
307	520	
307	521	
307	522	
307	523	
307	524	
307	525	
307	526	
310	526	
310	527	
309	528	
309	529	
308	530	
311	531	
311	532	
310	533	
311	534	
309	535	
311	536	
311	537	
309	538	
310	539	
311	540	
311	541	
312	542	
315	543	
315	544	
315	545	
311	546	
313	547	
315	548	
315	549	
316	550	
315	551	
317	551	
315	552	
315	553	
315	554	
315	555	
315	556	
315	557	
315	558	
315	559	
317	559	
318	560	
318	561	
318	562	
315	563	
316	564	
315	565	
315	566	
315	567	
315	568	
315	569	
316	570	
316	571	
317	572	
317	573	
317	574	
319	574	
317	575	
317	576	
317	577	
317	578	
317	579	
318	580	
318	581	
318	582	
317	583	
317	584	
317	585	
317	586	
317	587	
317	588	
317	589	
317	590	
317	591	
320	591	
320	592	
317	593	
318	594	
319	595	
319	596	
320	597	
320	598	
321	598	
320	599	
320	600	
323	601	
322	602	
322	603	
322	604	
319	605	
320	606	
321	607	
321	608	
321	609	
320	610	
321	611	
320	612	
320	613	
320	614	
320	615	
319	616	
320	617	
323	618	
320	619	
320	620	
320	621	
320	622	
321	623	
320	624	
323	625	
323	626	
321	627	
321	628	
322	629	
323	630	
320	631	
321	632	
321	633	
321	634	
322	635	
321	636	
322	637	
322	638	
322	639	
322	640	
321	641	
321	642	
321	643	
321	644	
321	645	
321	646	
322	647	
321	648	
324	649	
322	650	
323	651	
322	652	
322	653	
323	654	
323	655	
321	656	
323	657	
322	658	
322	659	
322	660	
321	661	
321	662	
322	663	
322	664	
322	665	
322	666	
322	667	
324	668	
324	669	
323	670	
323	671	
322	672	
322	673	
323	674	
323	675	
321	676	
319	677	
319	678	
321	679	
320	680	
320	681	
320	682	
320	683	
321	684	
321	685	
320	686	
320	687	
320	688	
320	689	
321	689	
318	690	
321	691	
320	692	
321	692	
321	693	
320	694	
321	694	
320	695	
320	696	
318	697	
317	698	
317	699	
317	700	
318	701	
321	702	
321	703	
321	704	
321	705	
321	706	
321	707	
320	708	
320	709	
320	710	
320	711	
321	712	
320	713	
320	714	
321	715	
321	716	
320	717	
320	718	
321	719	
320	720	
321	721	
320	722	
320	723	
320	724	
320	725	
319	726	
320	727	
319	728	
319	729	
319	730	
319	731	
319	732	
320	733	
321	734	
321	735	
321	736	
321	737	
321	738	
322	739	
321	740	
321	741	
320	742	
320	743	
321	744	
319	745	
319	746	
318	747	
317	748	
320	749	
320	750	
319	751	
319	752	
321	753	
321	754	
321	755	
321	756	
321	757	
321	758	
321	759	
321	760	
321	761	
318	762	
321	762	
317	763	
317	764	
321	765	
321	766	
321	767	
317	768	
321	769	
321	770	
321	771	
317	772	
316	773	
317	774	
317	775	
317	776	
317	777	
317	778	
317	779	
319	780	
315	781	
315	782	
319	783	
315	784	
315	785	
315	786	
315	787	
315	788	
315	789	
315	790	
314	791	
316	791	
314	792	
315	793	
315	794	
314	795	
313	796	
313	797	
313	798	
313	799	
313	800	
313	801	
313	802	
312	803	
315	804	
315	805	
313	806	
311	807	
311	808	
311	809	
311	810	
313	811	
313	812	
313	813	
309	814	
310	815	
313	815	
312	816	
310	817	
310	818	
310	819	
312	820	
312	821	
310	822	
312	823	
312	824	
311	825	
310	826	
312	827	
313	828	
313	829	
313	830	
313	831	
312	832	
313	833	
313	834	
312	835	
313	836	
313	837	
313	838	
313	839	
313	840	
313	841	
314	842	
313	843	
313	844	
313	845	
313	846	
313	847	
313	848	
313	849	
311	850	
312	850	
314	851	
314	852	
311	853	
311	854	
311	855	
311	856	
311	857	
311	858	
311	859	
311	860	
312	861	
312	862	
312	863	
312	864	
313	865	
313	866	
312	867	
311	868	
312	868	
312	869	
311	870	
311	871	
311	872	
311	873	
311	874	
313	875	
313	876	
313	877	
311	878	
311	879	
311	880	
311	881	
311	882	
313	883	
313	884	
311	885	
311	886	
311	887	
311	888	
313	889	
310	890	
311	891	
311	892	
313	893	
313	894	
313	895	
313	896	
313	897	
311	898	
311	899	
311	900	
313	901	
313	902	
311	903	
311	904	
311	905	
312	906	
313	907	
313	908	
313	909	
313	910	
313	911	
311	912	
309	913	
309	914	
313	915	
309	916	
309	917	
309	918	
313	919	
313	920	
311	921	
311	922	
319	1043	
321	1045	
327	1098	
327	1099	
327	1100	
