301	299	
301	300	
301	301	
301	302	
301	303	
301	304	
301	305	
301	306	
301	307	
303	308	
304	309	
303	310	
303	311	
303	312	
303	313	
303	314	
301	315	
301	316	
301	317	
301	318	
301	319	
302	319	
302	320	
302	321	
301	322	
301	323	
301	324	
302	325	
303	326	
300	327	
303	328	
303	329	
301	330	
301	331	
301	332	
301	333	
301	334	
300	335	
299	336	
301	337	
301	338	
302	339	
301	340	
301	341	
301	342	
302	342	
300	343	
300	344	
300	345	
300	346	
301	347	
300	348	
299	349	
301	350	
301	351	
301	352	
300	353	
300	354	
299	355	
300	356	
301	356	
301	357	
301	358	
302	359	
302	360	
303	360	
302	361	
301	362	
301	363	
301	364	
301	365	
301	366	
301	367	
302	368	
301	369	
301	370	
301	371	
302	372	
304	373	
303	374	
301	375	
303	376	
303	377	
302	378	
301	379	
301	380	
303	381	
303	382	
303	383	
303	384	
303	385	
303	386	
303	387	
303	388	
304	389	
304	390	
305	391	
305	392	
303	393	
303	394	
303	395	
303	396	
303	397	
303	398	
303	399	
303	400	
303	401	
303	402	
307	403	
307	404	
307	405	
307	406	
307	407	
307	408	
307	409	
309	410	
309	411	
309	412	
309	413	
309	414	
310	415	
310	416	
309	417	
309	418	
310	419	
310	420	
310	421	
310	422	
309	423	
310	423	
309	424	
310	424	
310	425	
310	426	
311	427	
311	428	
311	429	
311	430	
309	431	
309	432	
309	433	
309	434	
309	435	
309	436	
310	437	
310	438	
309	439	
309	440	
309	441	
311	442	
311	443	
311	444	
310	445	
309	446	
310	447	
313	448	
313	449	
312	450	
312	451	
311	452	
311	453	
311	454	
311	455	
312	456	
312	457	
311	458	
310	459	
309	460	
312	461	
311	462	
311	463	
311	464	
311	465	
310	466	
311	467	
311	468	
312	468	
312	469	
312	470	
312	471	
311	472	
311	473	
312	474	
312	475	
311	476	
311	477	
312	478	
312	479	
312	480	
312	481	
311	482	
312	482	
312	483	
312	484	
312	485	
312	486	
312	487	
311	488	
312	489	
312	490	
312	491	
312	492	
311	493	
312	494	
312	495	
311	496	
311	497	
311	498	
312	499	
312	500	
309	501	
309	502	
312	503	
311	504	
310	505	
309	506	
310	507	
310	508	
310	509	
311	510	
309	511	
310	512	
311	513	
310	514	
310	515	
310	516	
310	517	
313	518	
311	519	
311	520	
311	521	
311	522	
311	523	
311	524	
312	525	
312	526	
311	527	
311	528	
312	529	
313	529	
313	530	
314	531	
313	532	
314	532	
313	533	
317	534	
317	535	
315	536	
317	537	
317	538	
317	539	
317	540	
318	541	
319	541	
319	542	
317	543	
320	544	
320	545	
319	546	
320	547	
321	548	
321	549	
319	550	
320	551	
319	552	
320	552	
320	553	
320	554	
319	555	
320	556	
323	557	
323	558	
320	559	
319	560	
319	561	
321	562	
323	563	
322	564	
322	565	
322	566	
322	567	
321	568	
321	569	
321	570	
321	571	
321	572	
321	573	
322	574	
321	575	
323	576	
323	577	
323	578	
322	579	
322	580	
322	581	
321	582	
321	583	
321	584	
321	585	
321	586	
322	587	
322	588	
325	589	
326	590	
323	591	
323	592	
324	593	
324	594	
325	595	
325	596	
324	597	
324	598	
323	599	
323	600	
325	601	
325	602	
323	603	
323	604	
323	605	
323	606	
326	607	
327	608	
323	609	
323	610	
324	611	
325	612	
325	613	
325	614	
324	615	
325	616	
323	617	
324	617	
323	618	
324	619	
326	620	
327	621	
327	622	
327	623	
326	624	
327	624	
326	625	
326	626	
326	627	
327	628	
325	629	
326	630	
326	631	
325	632	
326	633	
326	634	
326	635	
326	636	
326	637	
326	638	
325	639	
326	640	
325	641	
326	642	
326	643	
325	644	
327	644	
325	645	
327	646	
326	647	
326	648	
326	649	
326	650	
326	651	
325	652	
326	653	
327	654	
325	655	
325	656	
325	657	
326	658	
327	659	
328	660	
326	661	
326	662	
325	663	
326	664	
326	665	
326	666	
326	667	
327	668	
327	669	
325	670	
325	671	
325	672	
327	673	
326	674	
327	675	
328	676	
325	677	
326	678	
327	679	
323	680	
327	680	
323	681	
325	682	
323	683	
323	684	
323	685	
324	686	
323	687	
323	688	
323	689	
322	690	
323	690	
323	691	
323	692	
324	693	
324	694	
324	695	
326	696	
324	697	
323	698	
323	699	
324	700	
323	701	
323	702	
324	703	
325	704	
324	705	
324	706	
323	707	
324	708	
323	709	
323	710	
322	711	
322	712	
323	712	
323	713	
324	714	
323	715	
324	716	
324	717	
324	718	
323	719	
324	720	
324	721	
324	722	
324	723	
323	724	
324	724	
323	725	
324	726	
323	727	
323	728	
324	729	
324	730	
324	731	
324	732	
324	733	
324	734	
325	734	
323	735	
323	736	
323	737	
323	738	
323	739	
323	740	
323	741	
323	742	
324	742	
324	743	
323	744	
324	745	
323	746	
323	747	
323	748	
325	749	
325	750	
325	751	
324	752	
325	753	
325	754	
323	755	
323	756	
324	757	
324	758	
323	759	
323	760	
325	761	
324	762	
324	763	
323	764	
323	765	
323	766	
322	767	
321	768	
321	769	
321	770	
321	771	
321	772	
321	773	
321	774	
321	775	
321	776	
321	777	
321	778	
321	779	
321	780	
321	781	
322	782	
322	783	
319	784	
319	785	
319	786	
319	787	
319	788	
321	789	
321	790	
321	791	
319	792	
319	793	
319	794	
319	795	
317	796	
317	797	
321	798	
321	799	
321	800	
317	801	
317	802	
317	803	
319	804	
317	805	
316	806	
319	807	
319	808	
315	809	
315	810	
317	811	
317	812	
315	813	
315	814	
316	815	
317	816	
317	817	
317	818	
315	819	
315	820	
315	821	
315	822	
315	823	
316	823	
315	824	
315	825	
315	826	
315	827	
315	828	
315	829	
316	830	
317	831	
317	832	
316	833	
316	834	
316	835	
316	836	
316	837	
315	838	
317	839	
314	840	
314	841	
317	842	
317	843	
316	844	
315	845	
316	845	
315	846	
315	847	
315	848	
315	849	
316	850	
315	851	
315	852	
315	853	
315	854	
315	855	
315	856	
315	857	
315	858	
315	859	
315	860	
315	861	
315	862	
316	863	
317	864	
315	865	
315	866	
315	867	
316	868	
315	869	
316	870	
317	871	
316	872	
315	873	
315	874	
317	875	
317	876	
317	877	
316	878	
316	879	
315	880	
314	881	
314	882	
314	883	
315	883	
315	884	
318	885	
317	886	
317	887	
315	888	
315	889	
315	890	
317	891	
317	892	
317	893	
317	894	
315	895	
317	896	
317	897	
317	898	
317	899	
315	900	
314	901	
314	902	
314	903	
314	904	
313	905	
314	905	
313	906	
313	907	
313	908	
313	909	
313	910	
315	911	
314	912	
315	913	
315	914	
315	915	
313	916	
313	917	
313	918	
313	919	
313	920	
317	921	
317	922	
325	1049	
329	1061	
329	1083	
333	1088	
333	1089	
331	1092	
