303	298	
303	299	
303	300	
303	301	
305	302	
305	303	
305	304	
305	305	
303	306	
303	307	
305	308	
306	309	
306	310	
306	311	
304	312	
303	313	
304	314	
305	315	
305	316	
305	317	
305	318	
305	319	
305	320	
304	321	
303	322	
303	323	
303	324	
304	325	
304	326	
303	327	
304	328	
304	329	
304	330	
303	331	
304	332	
303	333	
303	334	
303	335	
303	336	
303	337	
302	338	
303	338	
303	339	
302	340	
302	341	
302	342	
302	343	
303	343	
303	344	
303	345	
303	346	
303	347	
303	348	
303	349	
303	350	
303	351	
303	352	
305	353	
305	354	
305	355	
303	356	
303	357	
304	358	
303	359	
303	360	
303	361	
303	362	
303	363	
303	364	
304	365	
303	366	
303	367	
303	368	
303	369	
304	370	
305	371	
305	372	
305	373	
306	374	
303	375	
303	376	
303	377	
303	378	
305	379	
305	380	
305	381	
305	382	
305	383	
305	384	
307	385	
307	386	
305	387	
305	388	
305	389	
305	390	
305	391	
305	392	
306	393	
307	394	
307	395	
307	396	
305	397	
305	398	
305	399	
307	400	
307	401	
307	402	
307	403	
310	404	
309	405	
309	406	
309	407	
309	408	
310	409	
311	410	
311	411	
311	412	
311	413	
311	414	
311	415	
311	416	
311	417	
311	418	
313	419	
313	420	
311	421	
311	422	
311	423	
311	424	
312	425	
312	426	
312	427	
312	428	
313	428	
314	428	
314	429	
314	430	
314	431	
313	432	
311	433	
311	434	
311	435	
312	436	
312	437	
312	438	
311	439	
311	440	
311	441	
311	442	
311	443	
312	444	
312	445	
312	446	
313	447	
314	448	
314	449	
314	450	
313	451	
314	451	
313	452	
313	453	
313	454	
313	455	
313	456	
314	457	
314	458	
314	459	
314	460	
314	461	
314	462	
313	463	
313	464	
313	465	
313	466	
315	466	
315	467	
315	468	
314	469	
314	470	
313	471	
313	472	
314	473	
314	474	
314	475	
313	476	
314	477	
313	478	
313	479	
313	480	
313	481	
314	482	
314	483	
314	484	
314	485	
313	486	
314	486	
313	487	
314	487	
314	488	
314	489	
313	490	
314	490	
315	491	
314	492	
315	493	
315	494	
314	495	
314	496	
315	497	
315	498	
315	499	
314	500	
315	500	
314	501	
315	502	
315	503	
311	504	
313	505	
313	506	
313	507	
313	508	
313	509	
313	510	
312	511	
314	512	
313	513	
313	514	
313	515	
314	516	
314	517	
314	518	
313	519	
315	520	
314	521	
315	521	
314	522	
315	523	
315	524	
314	525	
313	526	
313	527	
314	528	
313	529	
313	530	
315	531	
321	532	
319	533	
319	534	
319	535	
319	536	
319	537	
319	538	
319	539	
319	540	
319	541	
319	542	
319	543	
319	544	
320	545	
320	546	
320	547	
321	548	
321	549	
323	549	
324	550	
325	551	
325	552	
325	553	
321	554	
323	555	
321	556	
322	557	
324	558	
323	559	
323	560	
325	561	
325	562	
324	563	
324	564	
323	565	
324	566	
323	567	
323	568	
323	569	
323	570	
323	571	
323	572	
323	573	
323	574	
323	575	
323	576	
324	577	
324	578	
323	579	
323	580	
324	581	
326	581	
325	582	
325	583	
324	584	
323	585	
327	585	
323	586	
327	587	
326	588	
327	588	
326	589	
327	590	
325	591	
326	592	
327	593	
327	594	
328	595	
327	596	
325	597	
325	598	
325	599	
325	600	
326	601	
326	602	
327	602	
327	603	
328	604	
328	605	
328	606	
328	607	
328	608	
328	609	
328	610	
328	611	
329	612	
325	613	
326	614	
329	614	
328	615	
328	616	
329	617	
328	618	
328	619	
328	620	
328	621	
325	622	
325	623	
327	624	
327	625	
328	626	
329	627	
328	628	
329	629	
329	630	
327	631	
328	632	
328	633	
327	634	
330	635	
328	636	
328	637	
327	638	
328	639	
327	640	
328	640	
328	641	
327	642	
327	643	
328	644	
328	645	
329	646	
328	647	
328	648	
329	649	
328	650	
328	651	
328	652	
327	653	
328	653	
328	654	
328	655	
330	656	
330	657	
330	658	
332	659	
330	660	
330	661	
330	662	
327	663	
328	664	
330	665	
328	666	
330	666	
328	667	
330	668	
330	669	
330	670	
330	671	
327	672	
327	673	
327	674	
327	675	
328	676	
328	677	
327	678	
328	678	
328	679	
328	680	
328	681	
330	682	
328	683	
328	684	
326	685	
326	686	
328	687	
328	688	
328	689	
328	690	
327	691	
327	692	
326	693	
327	694	
325	695	
325	696	
325	697	
325	698	
325	699	
328	700	
328	701	
328	702	
328	703	
327	704	
326	705	
326	706	
327	707	
327	708	
327	709	
325	710	
327	710	
328	711	
328	712	
325	713	
325	714	
327	714	
326	715	
326	716	
326	717	
326	718	
325	719	
326	720	
325	721	
326	722	
326	723	
326	724	
325	725	
325	726	
327	727	
327	728	
325	729	
327	730	
327	731	
327	732	
326	733	
328	734	
327	735	
328	736	
326	737	
325	738	
325	739	
325	740	
327	741	
327	742	
328	743	
328	744	
328	745	
325	746	
325	747	
326	748	
326	749	
327	750	
327	751	
328	752	
329	753	
325	754	
325	755	
325	756	
325	757	
326	758	
326	759	
326	760	
328	761	
328	762	
325	763	
325	764	
325	765	
325	766	
325	767	
326	768	
326	769	
327	770	
327	771	
327	772	
327	773	
327	774	
324	775	
324	776	
323	777	
323	778	
323	779	
325	780	
323	781	
323	782	
323	783	
323	784	
323	785	
325	786	
325	787	
325	788	
321	789	
321	790	
321	791	
321	792	
321	793	
322	794	
321	795	
321	796	
321	797	
322	798	
321	799	
321	800	
319	801	
319	802	
319	803	
321	804	
319	805	
319	806	
319	807	
318	808	
317	809	
318	810	
319	811	
319	812	
317	813	
317	814	
317	815	
318	816	
318	817	
318	818	
317	819	
316	820	
316	821	
316	822	
319	822	
316	823	
318	824	
319	825	
319	826	
318	827	
317	828	
319	829	
319	830	
319	831	
318	832	
319	833	
320	833	
319	834	
319	835	
317	836	
319	836	
317	837	
318	838	
318	839	
318	840	
318	841	
317	842	
317	843	
317	844	
317	845	
317	846	
317	847	
318	848	
317	849	
318	850	
319	851	
317	852	
317	853	
317	854	
317	855	
317	856	
318	857	
319	858	
319	859	
320	860	
320	861	
317	862	
317	863	
317	864	
317	865	
317	866	
317	867	
317	868	
317	869	
317	870	
317	871	
319	872	
317	873	
317	874	
317	875	
317	876	
317	877	
317	878	
319	879	
319	880	
319	881	
319	882	
317	883	
318	884	
317	885	
317	886	
317	887	
317	888	
317	889	
317	890	
317	891	
317	892	
317	893	
317	894	
317	895	
319	896	
321	897	
319	898	
317	899	
317	900	
316	901	
319	901	
316	902	
319	902	
319	903	
317	904	
317	905	
317	906	
318	907	
317	908	
317	909	
317	910	
319	911	
319	912	
319	913	
319	914	
315	915	
315	916	
315	917	
315	918	
315	919	
319	920	
317	921	
317	922	
317	923	
333	1063	
331	1065	
331	1074	
331	1075	
331	1076	
331	1077	
335	1084	
335	1085	
