239	57	
305	297	
305	298	
305	299	
306	300	
307	301	
307	302	
306	303	
306	304	
306	305	
305	306	
305	307	
306	308	
306	309	
306	310	
307	310	
306	311	
307	311	
307	312	
307	313	
306	314	
306	315	
305	316	
305	317	
305	318	
305	319	
305	320	
305	321	
305	322	
305	323	
305	324	
306	325	
305	326	
305	327	
305	328	
305	329	
305	330	
305	331	
305	332	
305	333	
305	334	
304	335	
304	336	
305	337	
305	338	
305	339	
305	340	
305	341	
305	342	
304	343	
305	343	
303	344	
304	344	
303	345	
303	346	
305	347	
304	348	
303	349	
303	350	
305	351	
305	352	
305	353	
305	354	
305	355	
307	356	
307	357	
305	358	
305	359	
305	360	
305	361	
305	362	
305	363	
305	364	
305	365	
306	366	
307	367	
307	368	
305	369	
305	370	
305	371	
306	371	
305	372	
305	373	
306	374	
306	375	
306	376	
306	377	
306	378	
305	379	
305	380	
305	381	
305	382	
307	383	
309	384	
309	385	
307	386	
307	387	
307	388	
307	389	
308	389	
307	390	
307	391	
307	392	
307	393	
309	394	
307	395	
307	396	
309	397	
307	398	
308	398	
307	399	
307	400	
309	401	
309	402	
313	403	
313	404	
313	405	
313	406	
313	407	
312	408	
311	409	
311	410	
312	411	
315	412	
316	413	
315	414	
313	415	
313	416	
315	417	
315	418	
313	419	
315	419	
313	420	
315	421	
313	422	
314	422	
315	423	
315	424	
315	425	
315	426	
315	427	
314	428	
313	429	
313	430	
315	431	
315	432	
315	433	
315	434	
315	435	
315	436	
314	437	
315	438	
315	439	
315	440	
314	441	
314	442	
315	443	
314	444	
315	444	
315	445	
315	446	
314	447	
315	447	
315	448	
315	449	
315	450	
315	451	
315	452	
315	453	
315	454	
316	455	
315	456	
315	457	
315	458	
315	459	
315	460	
316	460	
315	461	
315	462	
316	463	
314	464	
314	465	
317	466	
317	467	
315	468	
315	469	
315	470	
315	471	
315	472	
315	473	
315	474	
315	475	
315	476	
317	477	
317	478	
317	479	
317	480	
317	481	
316	482	
316	483	
315	484	
315	485	
315	486	
315	487	
315	488	
316	489	
317	490	
316	491	
316	492	
316	493	
317	493	
317	494	
316	495	
315	496	
316	496	
315	497	
316	498	
315	499	
317	500	
317	501	
314	502	
315	503	
314	504	
315	504	
314	505	
315	506	
315	507	
316	508	
315	509	
314	510	
314	511	
313	512	
314	512	
313	513	
314	513	
313	514	
313	515	
314	516	
314	517	
315	517	
315	518	
315	519	
315	520	
317	521	
317	522	
315	523	
315	524	
315	525	
315	526	
315	527	
315	528	
318	529	
319	530	
321	531	
321	532	
319	533	
319	534	
319	535	
320	536	
323	537	
323	538	
321	539	
323	539	
321	540	
321	541	
321	542	
321	543	
323	544	
323	545	
324	546	
323	547	
323	548	
323	549	
323	550	
323	551	
323	552	
323	553	
324	554	
324	555	
323	556	
323	557	
323	558	
324	558	
323	559	
323	560	
327	561	
327	562	
325	563	
324	564	
325	565	
325	566	
326	567	
326	568	
326	569	
327	570	
326	571	
326	572	
325	573	
325	574	
326	575	
326	576	
326	577	
326	578	
326	579	
325	580	
325	581	
328	582	
328	583	
328	584	
325	585	
325	586	
326	586	
325	587	
325	588	
327	589	
328	590	
329	591	
329	592	
327	593	
327	594	
328	595	
329	596	
328	597	
328	598	
328	599	
327	600	
328	601	
329	602	
327	603	
328	603	
327	604	
328	604	
327	605	
327	606	
327	607	
330	608	
329	609	
328	610	
328	611	
328	612	
329	613	
329	614	
330	615	
330	616	
330	617	
330	618	
330	619	
330	620	
329	621	
327	622	
330	623	
330	624	
329	625	
330	625	
330	626	
329	627	
329	628	
330	629	
331	629	
331	630	
328	631	
327	632	
330	633	
329	634	
329	635	
329	636	
330	637	
328	638	
329	638	
329	639	
330	640	
330	641	
330	642	
330	643	
330	644	
330	645	
330	646	
330	647	
330	648	
330	649	
331	650	
331	651	
330	652	
332	653	
330	654	
331	655	
332	656	
332	657	
331	658	
331	659	
330	660	
329	661	
330	662	
329	663	
330	664	
329	665	
330	665	
331	666	
330	667	
332	668	
329	669	
332	670	
332	671	
329	672	
332	672	
333	672	
332	673	
330	674	
332	674	
330	675	
330	676	
330	677	
329	678	
329	679	
330	680	
329	681	
328	682	
327	683	
327	684	
327	685	
327	686	
327	687	
328	687	
327	688	
327	689	
328	690	
327	691	
328	692	
328	693	
327	694	
328	695	
328	696	
327	697	
327	698	
330	699	
328	700	
328	701	
328	702	
330	703	
330	704	
328	705	
328	706	
328	707	
329	708	
329	709	
328	710	
327	711	
327	712	
328	713	
328	714	
328	715	
329	716	
328	717	
328	718	
327	719	
328	719	
328	720	
328	721	
327	722	
327	723	
327	724	
328	725	
327	726	
327	727	
328	728	
327	729	
327	730	
328	731	
328	732	
329	733	
328	734	
328	735	
328	736	
330	737	
330	738	
330	739	
327	740	
327	741	
327	742	
327	743	
328	744	
327	745	
328	746	
327	747	
327	748	
327	749	
327	750	
327	751	
327	752	
327	753	
327	754	
327	755	
327	756	
330	756	
330	757	
327	758	
327	759	
327	760	
327	761	
328	762	
328	763	
328	764	
329	765	
329	766	
329	767	
328	768	
328	769	
328	770	
328	771	
325	772	
325	773	
325	774	
326	775	
328	776	
325	777	
325	778	
325	779	
325	780	
329	780	
325	781	
326	781	
326	782	
326	783	
327	784	
327	785	
327	786	
325	787	
325	788	
326	789	
326	790	
327	791	
327	792	
323	793	
323	794	
325	795	
321	796	
325	797	
325	798	
323	799	
323	800	
323	801	
321	802	
321	803	
321	804	
321	805	
321	806	
321	807	
321	808	
319	809	
319	810	
323	811	
323	812	
319	813	
321	814	
321	815	
317	816	
321	816	
317	817	
317	818	
321	819	
321	820	
321	821	
319	822	
318	823	
317	824	
321	825	
321	826	
317	827	
318	828	
318	829	
318	830	
318	831	
320	832	
320	833	
321	834	
317	835	
317	836	
317	837	
318	838	
319	839	
321	840	
321	841	
321	842	
321	843	
320	844	
320	845	
319	846	
319	847	
322	848	
317	849	
321	850	
321	851	
321	852	
321	853	
321	854	
321	855	
321	856	
321	857	
321	858	
320	859	
319	860	
319	861	
319	862	
319	863	
320	864	
321	865	
321	866	
321	867	
321	868	
319	869	
318	870	
319	871	
321	872	
318	873	
321	874	
321	875	
321	876	
321	877	
318	878	
321	879	
321	880	
321	881	
321	882	
321	883	
321	884	
321	885	
321	886	
321	887	
321	888	
319	889	
320	890	
321	891	
321	892	
321	893	
321	894	
321	895	
321	896	
321	897	
321	898	
321	899	
321	900	
321	901	
321	902	
317	903	
318	903	
317	904	
318	904	
318	905	
318	906	
318	907	
318	908	
319	908	
317	909	
317	910	
317	911	
317	912	
317	913	
319	914	
319	915	
319	916	
319	917	
319	918	
317	919	
317	920	
319	921	
337	1071	
333	1072	
