62	
72	
98	
108	
122	
127	
145	
154	
164	
169	
186	
197	
197	
204	
197	
205	
205	
218	
232	
237	
233	
242	
233	
251	
252	
266	
261	
254	
274	
276	
273	
300	
308	
308	
323	
364	
433	
442	
465	
489	
489	
501	
517	
541	
539	
536	
536	
539	
529	
512	
533	
532	
530	
553	
542	
558	
583	
567	
584	
598	
586	
582	
585	
593	
589	
587	
588	
591	
581	
597	
601	
590	
588	
612	
621	
633	
633	
645	
644	
641	
631	
644	
650	
657	
650	
639	
656	
649	
643	
643	
651	
642	
654	
659	
662	
655	
646	
662	
667	
630	
632	
656	
656	
658	
649	
640	
636	
635	
637	
652	
639	
645	
657	
650	
648	
649	
652	
646	
650	
647	
656	
649	
653	
651	
661	
666	
660	
648	
647	
662	
662	
667	
668	
677	
668	
666	
673	
673	
652	
671	
658	
668	
676	
672	
687	
700	
697	
683	
687	
677	
676	
678	
667	
677	
672	
663	
662	
661	
673	
658	
641	
638	
654	
652	
665	
658	
644	
640	
633	
630	
622	
624	
615	
617	
620	
599	
598	
605	
612	
613	
647	
631	
638	
636	
629	
645	
636	
641	
627	
625	
628	
644	
639	
650	
652	
661	
663	
650	
645	
658	
647	
653	
658	
657	
656	
647	
647	
650	
646	
637	
634	
635	
634	
635	
625	
641	
625	
610	
619	
618	
611	
615	
608	
599	
596	
592	
589	
592	
588	
582	
565	
563	
554	
548	
550	
568	
554	
540	
544	
531	
518	
517	
537	
571	
551	
530	
525	
505	
500	
482	
477	
449	
429	
406	
412	
386	
377	
352	
352	
369	
354	
352	
341	
320	
299	
297	
289	
270	
270	
271	
238	
244	
235	
231	
232	
184	
189	
156	
162	
155	
153	
143	
145	
141	
140	
134	
119	
119	
103	
95	
87	
29	
29	
