171	604	
171	605	
171	606	
175	616	
175	617	
175	618	
177	620	
173	621	
175	622	
175	626	
175	627	
177	628	
175	629	
175	630	
177	632	
173	633	
173	634	
175	635	
175	636	
176	637	
176	638	
174	639	
175	640	
175	641	
176	642	
175	643	
176	643	
175	644	
174	645	
174	646	
174	647	
174	648	
174	649	
172	650	
174	651	
174	652	
173	653	
173	654	
171	655	
171	656	
173	657	
172	658	
173	659	
173	660	
172	661	
171	662	
171	663	
169	664	
173	665	
171	666	
173	667	
173	668	
171	670	
171	671	
171	672	
171	673	
171	674	
169	675	
169	676	
169	677	
85	678	
89	918	
