187	513	
187	514	
187	515	
187	516	
187	517	
187	518	
187	519	
189	520	
189	521	
188	522	
187	523	
187	524	
187	525	
189	526	
189	527	
190	528	
189	529	
190	530	
191	531	
191	532	
188	533	
188	534	
190	535	
190	536	
190	537	
190	538	
190	539	
190	540	
191	541	
190	542	
190	543	
190	544	
190	545	
190	546	
190	547	
190	548	
190	549	
188	550	
187	551	
187	552	
188	552	
188	553	
189	554	
187	555	
185	556	
184	557	
185	558	
185	559	
185	560	
185	561	
185	562	
185	563	
184	564	
185	565	
185	566	
183	567	
185	568	
185	582	
185	583	
183	584	
183	585	
183	586	
183	587	
183	588	
189	592	
191	593	
191	594	
191	598	
191	599	
191	600	
191	601	
191	602	
189	604	
189	605	
189	606	
190	607	
190	608	
190	609	
189	610	
190	611	
190	612	
189	613	
190	614	
190	615	
205	616	
190	617	
190	618	
190	619	
190	620	
190	621	
189	622	
189	623	
190	624	
190	625	
191	625	
190	626	
190	627	
190	628	
190	629	
190	630	
188	631	
189	631	
192	632	
192	633	
187	634	
189	635	
189	636	
191	637	
191	638	
191	639	
192	640	
191	641	
191	642	
190	643	
190	644	
190	645	
190	646	
189	647	
189	648	
190	649	
190	650	
191	651	
191	652	
190	653	
191	654	
190	655	
189	656	
190	657	
191	658	
191	659	
189	660	
189	661	
185	662	
187	663	
187	664	
189	665	
189	666	
188	667	
188	668	
187	669	
186	670	
187	670	
187	671	
186	672	
185	673	
186	673	
186	674	
186	675	
186	676	
186	677	
185	678	
185	679	
185	680	
184	681	
186	682	
186	683	
187	683	
186	684	
187	685	
183	686	
183	687	
186	688	
185	689	
185	690	
185	691	
185	692	
183	693	
183	694	
185	696	
