307	295	
307	296	
307	297	
307	298	
307	299	
307	300	
307	301	
309	302	
308	303	
309	303	
307	304	
307	305	
308	306	
308	307	
308	308	
307	309	
307	310	
307	311	
309	312	
309	313	
308	314	
308	315	
307	316	
307	317	
307	318	
308	318	
308	319	
307	320	
307	321	
307	322	
308	323	
307	324	
307	325	
308	326	
308	327	
307	328	
305	329	
305	330	
305	331	
305	332	
307	333	
307	334	
305	335	
305	336	
306	336	
305	337	
305	338	
305	339	
307	340	
307	341	
305	342	
305	343	
305	344	
305	345	
307	346	
307	347	
306	348	
305	349	
307	350	
307	351	
307	352	
309	353	
307	354	
307	355	
307	356	
307	357	
307	358	
307	359	
307	360	
307	361	
307	362	
307	363	
307	364	
307	375	
307	376	
308	377	
307	378	
307	379	
307	380	
307	381	
307	382	
307	383	
308	384	
310	385	
310	386	
309	387	
308	388	
311	389	
310	390	
309	391	
309	392	
309	393	
309	394	
309	395	
311	396	
311	397	
311	398	
311	399	
311	400	
311	401	
309	402	
317	405	
317	406	
319	407	
319	408	
317	409	
317	410	
317	411	
319	412	
319	413	
319	414	
319	415	
318	416	
317	417	
317	418	
317	419	
319	420	
319	421	
319	422	
315	423	
315	424	
317	425	
317	426	
315	427	
315	428	
317	429	
317	430	
317	431	
317	432	
316	433	
316	434	
315	435	
315	436	
316	437	
316	438	
317	439	
317	440	
317	441	
316	442	
316	443	
316	444	
317	444	
316	445	
317	445	
317	446	
316	447	
316	448	
315	449	
315	450	
317	451	
317	452	
317	453	
318	454	
316	455	
316	456	
319	457	
319	458	
318	459	
318	460	
318	461	
318	462	
318	463	
318	464	
318	465	
316	466	
317	467	
317	468	
318	469	
318	470	
317	471	
318	471	
318	472	
318	473	
318	474	
317	475	
317	476	
319	476	
319	477	
317	478	
317	479	
317	480	
317	481	
319	482	
318	483	
318	484	
317	485	
317	486	
317	487	
317	488	
319	489	
317	490	
317	491	
317	492	
317	493	
317	494	
318	495	
318	496	
317	497	
318	498	
318	499	
317	500	
318	501	
316	502	
316	503	
316	504	
315	505	
315	506	
315	507	
316	508	
316	509	
315	510	
316	510	
316	511	
316	512	
316	513	
315	514	
315	515	
315	516	
316	517	
317	518	
318	519	
318	520	
317	521	
318	522	
319	523	
319	524	
319	525	
323	526	
319	527	
319	528	
321	529	
323	530	
321	531	
324	532	
323	533	
321	534	
321	535	
322	536	
323	536	
324	537	
325	538	
325	539	
323	540	
323	541	
323	542	
323	543	
325	544	
325	545	
325	546	
325	547	
325	548	
326	548	
326	549	
325	550	
326	551	
325	552	
325	553	
326	554	
327	555	
327	556	
326	557	
326	558	
326	559	
325	560	
326	561	
327	562	
329	563	
325	564	
329	565	
327	566	
327	567	
327	568	
328	569	
328	570	
328	571	
328	572	
328	573	
327	574	
327	575	
327	576	
328	577	
329	578	
329	579	
327	580	
326	581	
327	582	
329	583	
330	584	
327	585	
329	585	
328	586	
330	587	
330	588	
331	589	
327	590	
328	591	
329	592	
328	593	
328	594	
329	595	
330	596	
331	597	
330	598	
330	599	
330	600	
329	601	
330	602	
329	603	
329	604	
329	605	
329	606	
329	607	
329	608	
330	609	
329	610	
329	611	
329	612	
329	613	
329	614	
329	615	
329	616	
330	617	
331	618	
331	619	
330	620	
332	621	
330	622	
330	623	
330	624	
330	625	
332	626	
332	627	
330	628	
332	629	
332	630	
332	631	
331	632	
331	633	
332	633	
332	634	
333	635	
331	636	
332	637	
332	638	
332	639	
331	640	
332	641	
331	642	
331	643	
331	644	
332	645	
331	646	
331	647	
331	648	
332	649	
331	650	
332	651	
331	652	
332	653	
331	654	
331	655	
331	656	
332	657	
333	658	
332	659	
332	660	
331	661	
332	662	
331	663	
332	664	
332	665	
332	666	
333	667	
333	668	
333	669	
331	670	
331	671	
331	672	
331	673	
331	674	
331	675	
331	676	
331	677	
334	678	
332	679	
332	680	
330	681	
330	682	
329	683	
330	684	
330	685	
329	686	
332	687	
330	688	
330	689	
331	690	
331	691	
329	692	
331	693	
331	694	
330	695	
330	696	
329	697	
332	698	
333	698	
330	699	
330	700	
330	701	
330	702	
330	703	
329	704	
329	705	
329	706	
329	707	
329	708	
329	709	
329	710	
329	711	
329	712	
329	713	
330	714	
330	715	
330	716	
330	717	
330	718	
330	719	
330	720	
331	721	
331	722	
331	723	
330	724	
331	725	
330	726	
330	727	
329	728	
329	729	
330	729	
329	730	
329	731	
329	732	
329	733	
330	734	
329	735	
329	736	
331	737	
331	738	
329	739	
329	740	
330	741	
329	742	
329	743	
330	744	
329	745	
329	746	
329	747	
329	748	
329	749	
329	750	
329	751	
329	752	
329	753	
330	754	
330	755	
330	756	
329	757	
329	758	
329	759	
329	760	
329	761	
329	762	
330	763	
330	764	
331	765	
328	766	
329	767	
329	768	
331	769	
331	770	
331	771	
331	772	
327	773	
327	774	
331	775	
331	776	
327	777	
327	778	
327	779	
328	780	
329	781	
329	782	
329	783	
327	784	
327	785	
327	786	
328	787	
329	788	
328	789	
325	790	
325	791	
325	792	
325	793	
328	794	
327	795	
327	796	
323	797	
323	798	
323	799	
323	800	
323	801	
325	802	
327	803	
327	804	
323	805	
324	806	
325	807	
325	808	
325	809	
322	810	
321	811	
321	812	
321	813	
321	814	
321	815	
321	816	
319	817	
322	818	
321	819	
321	820	
319	821	
319	822	
320	823	
320	824	
319	825	
319	826	
319	827	
319	828	
319	829	
321	830	
323	831	
319	832	
323	832	
323	833	
322	834	
323	835	
323	836	
323	837	
320	838	
320	839	
319	840	
323	841	
323	842	
319	843	
319	844	
319	845	
319	846	
323	847	
323	848	
323	849	
323	850	
323	851	
321	852	
321	853	
321	854	
320	855	
321	855	
323	855	
320	856	
320	857	
323	858	
323	859	
323	860	
323	861	
320	862	
320	863	
320	864	
320	865	
321	866	
321	867	
323	868	
323	869	
323	870	
323	871	
323	872	
319	873	
319	874	
323	875	
321	876	
321	877	
321	878	
322	879	
322	880	
322	881	
323	882	
323	883	
323	884	
319	885	
319	886	
319	887	
323	888	
319	889	
319	890	
319	891	
319	892	
319	893	
319	894	
323	895	
323	896	
323	897	
319	898	
319	899	
319	900	
323	901	
323	902	
319	903	
319	904	
319	905	
319	906	
319	907	
319	908	
319	909	
319	910	
319	911	
319	912	
319	913	
319	914	
319	915	
319	916	
319	917	
319	918	
319	919	
