243	62	
243	63	
313	294	
313	295	
309	296	
313	297	
313	298	
311	299	
311	300	
311	301	
311	302	
311	303	
313	304	
312	305	
311	306	
311	307	
310	308	
310	309	
311	310	
311	311	
313	312	
313	313	
311	314	
311	315	
311	316	
311	317	
309	318	
309	319	
311	320	
311	321	
311	322	
309	323	
309	324	
309	325	
310	326	
310	327	
309	328	
309	329	
310	330	
309	331	
309	332	
309	333	
309	334	
309	335	
308	336	
309	336	
308	337	
308	338	
311	339	
309	340	
309	341	
309	342	
309	343	
309	344	
310	344	
311	344	
311	345	
310	346	
310	347	
309	348	
309	349	
310	350	
312	351	
312	352	
312	353	
311	354	
311	355	
311	356	
311	357	
311	358	
311	361	
312	361	
311	362	
311	363	
311	364	
311	365	
311	366	
311	367	
313	368	
313	369	
311	370	
311	371	
311	372	
311	382	
311	383	
311	384	
311	385	
313	386	
313	387	
313	388	
313	389	
313	390	
311	391	
312	392	
313	392	
313	393	
323	394	
323	395	
323	396	
321	397	
321	398	
323	399	
323	400	
325	401	
325	402	
325	403	
323	404	
323	405	
323	406	
323	407	
323	408	
325	409	
325	410	
325	411	
323	412	
323	413	
323	414	
325	415	
325	416	
324	417	
323	418	
322	419	
322	420	
321	421	
321	422	
321	423	
321	424	
321	425	
322	426	
321	427	
321	428	
321	429	
321	430	
321	431	
321	432	
321	433	
321	434	
320	435	
320	436	
320	437	
320	438	
320	439	
319	440	
319	441	
319	442	
320	443	
320	444	
320	445	
320	446	
321	447	
321	448	
321	449	
320	450	
321	451	
321	452	
320	453	
320	454	
322	454	
323	455	
323	456	
321	457	
322	458	
322	459	
322	460	
322	461	
323	462	
321	463	
321	464	
321	465	
321	466	
321	467	
321	468	
322	468	
322	469	
323	470	
321	471	
322	472	
322	473	
323	474	
323	475	
322	476	
323	477	
323	478	
321	479	
321	480	
320	481	
321	482	
322	482	
322	483	
323	484	
322	485	
323	486	
321	487	
323	487	
322	488	
321	489	
322	490	
322	491	
320	492	
320	493	
323	494	
321	495	
321	496	
321	497	
320	498	
319	499	
322	500	
321	501	
321	502	
321	503	
321	504	
320	505	
321	505	
321	506	
321	507	
320	508	
320	509	
320	510	
319	511	
319	512	
319	513	
321	513	
321	514	
320	515	
320	516	
320	517	
321	517	
321	518	
320	519	
320	520	
323	521	
323	522	
324	523	
325	524	
325	525	
323	526	
323	527	
323	528	
323	529	
325	530	
325	531	
327	532	
327	533	
328	534	
325	535	
325	536	
325	537	
325	538	
325	539	
328	540	
327	541	
327	542	
327	543	
327	544	
327	545	
327	546	
327	547	
329	547	
328	548	
330	548	
329	549	
328	550	
328	551	
328	552	
329	553	
330	554	
329	555	
330	556	
331	556	
329	557	
329	558	
330	559	
329	560	
330	561	
330	562	
329	563	
330	564	
329	565	
329	566	
329	567	
329	568	
329	569	
328	570	
329	571	
330	572	
330	573	
331	574	
331	575	
330	576	
330	577	
332	578	
332	579	
331	580	
333	581	
332	582	
332	583	
333	584	
332	585	
331	586	
331	587	
331	588	
332	589	
332	590	
332	591	
331	592	
332	592	
331	593	
333	594	
333	595	
332	596	
331	597	
332	598	
331	599	
332	600	
331	601	
333	602	
332	603	
331	604	
332	604	
332	605	
332	606	
337	606	
332	607	
331	608	
335	609	
335	610	
334	611	
333	612	
333	613	
336	614	
333	615	
333	616	
333	617	
333	618	
333	619	
333	620	
333	621	
336	622	
334	623	
323	624	
333	625	
333	626	
333	627	
333	628	
334	629	
333	630	
337	631	
336	632	
335	633	
335	634	
335	635	
333	636	
334	637	
334	638	
335	639	
334	640	
336	641	
336	642	
336	643	
336	644	
335	645	
336	646	
336	647	
336	648	
336	649	
336	650	
336	651	
337	651	
336	652	
336	653	
336	654	
335	655	
335	656	
337	657	
338	658	
337	659	
337	660	
337	661	
336	662	
336	663	
335	664	
335	665	
337	666	
337	667	
337	668	
337	669	
337	670	
336	671	
336	672	
336	673	
335	674	
335	675	
335	676	
335	677	
335	678	
334	679	
334	680	
334	681	
333	682	
334	682	
333	683	
333	684	
334	684	
334	685	
333	686	
333	687	
333	688	
334	689	
333	690	
333	691	
334	691	
335	691	
334	692	
334	693	
333	694	
333	695	
333	696	
334	696	
335	697	
336	698	
335	699	
336	699	
335	700	
335	701	
335	702	
335	703	
335	704	
335	705	
334	706	
334	707	
333	708	
333	709	
334	710	
332	711	
334	712	
334	713	
333	714	
333	715	
334	716	
334	717	
335	718	
334	719	
334	720	
335	721	
335	722	
335	723	
334	724	
334	725	
334	726	
334	727	
334	728	
333	729	
334	729	
334	730	
333	731	
333	732	
332	733	
333	734	
335	735	
334	736	
335	737	
333	738	
333	739	
331	740	
333	740	
335	741	
336	741	
335	742	
333	743	
333	744	
333	745	
333	746	
335	747	
335	748	
335	749	
335	750	
335	751	
335	752	
335	753	
335	754	
335	755	
335	756	
335	757	
334	758	
334	759	
331	760	
332	761	
331	762	
331	763	
332	764	
331	765	
332	765	
331	766	
331	767	
331	768	
330	769	
330	770	
330	771	
331	772	
331	773	
333	774	
333	775	
331	776	
331	777	
331	778	
331	779	
331	780	
329	781	
330	782	
329	783	
329	784	
329	785	
330	786	
330	787	
330	788	
330	789	
330	790	
329	791	
329	792	
329	793	
328	794	
331	795	
331	796	
327	797	
328	798	
327	799	
327	800	
328	801	
328	802	
329	803	
329	804	
327	805	
327	806	
329	807	
328	808	
328	809	
327	810	
327	811	
327	812	
323	813	
323	814	
327	815	
327	816	
325	817	
323	818	
323	819	
323	820	
322	821	
323	821	
323	822	
323	823	
323	824	
325	825	
321	826	
325	826	
323	827	
323	828	
324	829	
324	830	
325	830	
324	831	
324	832	
323	833	
323	834	
323	835	
323	836	
323	837	
323	838	
323	839	
323	840	
325	841	
325	842	
325	843	
323	844	
324	845	
323	846	
324	847	
323	848	
323	849	
323	850	
323	851	
323	852	
324	853	
326	854	
323	855	
323	856	
323	857	
323	858	
323	859	
323	860	
324	860	
325	861	
326	862	
323	863	
323	864	
327	865	
325	866	
323	867	
323	868	
323	869	
323	870	
323	871	
323	872	
323	873	
325	874	
325	875	
325	876	
324	877	
325	878	
325	879	
326	880	
326	881	
326	882	
325	883	
325	884	
323	885	
323	886	
323	887	
323	888	
323	889	
323	890	
323	891	
323	892	
323	893	
323	894	
323	895	
323	896	
323	897	
324	898	
325	899	
325	900	
325	901	
325	902	
325	903	
325	904	
325	905	
325	906	
322	907	
322	908	
322	909	
322	910	
324	911	
325	912	
325	913	
325	914	
325	915	
324	916	
325	916	
325	917	
325	918	
321	919	
321	920	
331	1033	
337	1081	
337	1082	
338	1083	
