313	293	
313	294	
313	295	
313	296	
312	297	
313	297	
312	298	
313	298	
312	299	
312	300	
312	301	
313	302	
312	303	
312	304	
312	305	
313	306	
313	307	
313	308	
312	309	
313	309	
312	310	
312	311	
311	312	
311	313	
311	314	
313	315	
313	316	
313	317	
312	318	
311	319	
311	320	
311	321	
311	322	
309	323	
309	324	
309	325	
309	326	
311	327	
311	328	
311	329	
310	330	
310	331	
310	332	
310	333	
309	334	
309	335	
309	336	
309	337	
309	338	
310	339	
310	340	
310	341	
309	342	
309	343	
310	344	
311	345	
311	346	
311	347	
311	348	
311	349	
311	350	
311	351	
312	352	
311	353	
311	354	
311	355	
311	356	
311	357	
311	358	
311	360	
311	361	
311	362	
311	363	
312	364	
313	365	
313	366	
313	367	
313	368	
312	369	
313	369	
311	370	
313	383	
313	384	
311	385	
313	386	
313	387	
313	388	
313	389	
313	390	
323	392	
323	393	
323	394	
325	395	
325	396	
323	397	
324	398	
325	399	
325	400	
327	401	
327	402	
323	403	
323	404	
323	405	
323	406	
323	407	
323	408	
323	409	
323	410	
323	411	
323	412	
323	413	
323	414	
323	415	
325	416	
326	417	
325	418	
324	419	
323	420	
323	421	
323	422	
323	423	
323	424	
323	425	
323	426	
323	427	
322	428	
321	429	
322	429	
322	430	
322	431	
321	432	
321	433	
321	434	
321	435	
321	436	
321	437	
321	438	
321	439	
321	440	
321	441	
321	442	
321	443	
321	444	
321	445	
321	446	
321	447	
321	448	
322	449	
322	450	
323	451	
322	452	
322	453	
323	453	
323	454	
322	455	
322	456	
322	457	
321	458	
322	458	
322	459	
322	460	
321	461	
321	462	
322	463	
322	464	
321	465	
322	465	
321	466	
322	466	
321	467	
321	468	
321	469	
321	470	
321	471	
321	472	
321	473	
321	474	
322	475	
322	476	
322	477	
323	478	
322	479	
322	480	
321	481	
321	482	
322	482	
321	483	
321	484	
321	485	
321	486	
321	487	
321	488	
321	489	
321	490	
322	491	
322	492	
323	493	
323	494	
321	495	
322	496	
322	497	
322	498	
322	499	
323	500	
323	501	
323	502	
322	503	
322	504	
323	505	
323	506	
321	507	
321	508	
322	509	
321	510	
321	511	
322	512	
322	513	
321	514	
321	515	
321	516	
321	517	
323	518	
323	519	
323	520	
323	521	
323	522	
325	523	
325	524	
325	525	
323	526	
327	527	
327	528	
326	529	
325	530	
325	531	
325	532	
325	533	
325	534	
325	535	
327	536	
327	537	
328	538	
329	539	
329	540	
329	541	
329	542	
327	543	
327	544	
327	545	
331	546	
328	547	
327	548	
328	549	
330	550	
330	551	
329	552	
330	553	
329	554	
331	555	
329	556	
331	557	
329	558	
330	559	
330	560	
330	561	
330	562	
330	563	
330	564	
332	565	
332	566	
330	567	
329	568	
332	569	
332	570	
330	571	
333	572	
331	573	
331	574	
332	575	
332	576	
331	577	
333	577	
331	578	
331	579	
331	580	
334	581	
331	582	
334	583	
332	584	
332	585	
334	586	
333	587	
333	588	
333	589	
334	589	
333	590	
334	591	
333	592	
334	592	
333	593	
334	594	
333	595	
334	596	
334	597	
334	598	
335	598	
334	599	
334	600	
334	601	
335	602	
334	603	
334	604	
335	605	
333	606	
334	607	
334	608	
335	609	
334	610	
337	611	
337	612	
336	613	
335	614	
335	615	
339	616	
337	617	
337	618	
336	619	
337	619	
338	620	
336	621	
336	622	
336	623	
335	624	
336	624	
336	625	
336	626	
337	627	
337	628	
337	629	
337	630	
335	631	
335	632	
335	633	
335	634	
335	635	
338	636	
337	637	
336	638	
337	638	
336	639	
337	640	
336	641	
336	642	
336	643	
336	644	
337	645	
336	646	
337	647	
336	648	
336	649	
335	650	
336	651	
335	652	
336	653	
336	654	
337	655	
335	656	
336	656	
338	656	
336	657	
336	658	
337	658	
337	659	
336	660	
337	661	
336	662	
336	663	
336	664	
336	665	
339	666	
339	667	
338	668	
335	669	
335	670	
335	671	
335	672	
335	673	
336	674	
336	675	
335	676	
335	677	
335	678	
336	678	
336	679	
336	680	
336	681	
335	682	
335	683	
335	684	
335	685	
335	686	
336	687	
336	688	
336	689	
334	690	
333	691	
334	692	
334	693	
333	694	
333	695	
333	696	
334	697	
333	698	
334	698	
333	699	
333	700	
333	701	
334	702	
334	703	
333	704	
333	705	
333	706	
333	707	
334	707	
333	708	
333	709	
334	710	
334	711	
334	712	
334	713	
335	714	
334	715	
333	716	
334	716	
335	717	
335	718	
334	719	
334	720	
334	721	
333	722	
334	722	
334	723	
335	724	
335	725	
333	726	
335	727	
336	728	
336	729	
337	729	
336	730	
336	731	
337	732	
336	733	
337	733	
335	734	
333	735	
334	735	
333	736	
333	737	
336	738	
337	739	
337	740	
336	741	
333	742	
335	743	
335	744	
335	745	
333	746	
334	747	
333	748	
333	749	
333	750	
333	751	
336	751	
334	752	
334	753	
335	753	
334	754	
334	755	
333	756	
334	757	
333	758	
333	759	
333	760	
333	761	
334	762	
333	763	
333	764	
333	765	
335	766	
333	767	
333	768	
334	769	
335	769	
335	770	
331	771	
331	772	
332	772	
333	773	
332	774	
332	775	
331	776	
331	777	
333	778	
331	779	
331	780	
331	781	
331	782	
331	783	
333	784	
331	785	
331	786	
331	787	
333	788	
333	789	
333	790	
330	791	
329	792	
329	793	
329	794	
329	795	
329	796	
329	797	
329	798	
330	799	
330	800	
331	801	
327	802	
327	803	
327	804	
327	805	
327	806	
327	807	
327	808	
326	809	
325	810	
329	811	
329	812	
325	813	
325	814	
327	815	
327	816	
323	817	
323	818	
323	819	
323	820	
323	821	
323	822	
323	823	
323	824	
323	825	
326	826	
326	827	
326	828	
325	829	
323	830	
323	831	
323	832	
327	833	
326	834	
326	835	
326	836	
323	837	
323	838	
324	838	
323	839	
324	839	
324	840	
324	841	
324	842	
323	843	
323	844	
326	844	
327	845	
326	846	
326	847	
324	848	
323	849	
323	850	
325	851	
323	852	
324	852	
323	853	
323	854	
324	855	
327	856	
326	857	
326	858	
327	858	
324	859	
324	860	
324	861	
325	862	
325	863	
325	864	
323	865	
323	866	
326	867	
327	868	
326	869	
325	870	
323	871	
323	872	
327	873	
327	874	
325	875	
326	875	
325	876	
323	877	
323	878	
323	879	
325	880	
325	881	
325	882	
325	883	
324	884	
325	884	
323	885	
323	886	
323	887	
324	887	
324	888	
323	889	
323	890	
323	891	
327	892	
327	893	
325	894	
325	895	
325	896	
323	897	
323	898	
323	899	
323	900	
323	901	
323	902	
323	903	
323	904	
323	905	
323	906	
323	907	
323	908	
323	909	
323	910	
323	911	
325	912	
325	913	
325	914	
325	915	
325	916	
325	917	
325	918	
323	919	
323	920	
328	1017	
341	1076	
341	1077	
341	1079	
