313	291	
313	292	
313	293	
313	294	
313	295	
313	296	
313	297	
313	298	
313	299	
315	300	
315	301	
313	302	
313	303	
313	304	
313	305	
313	306	
313	307	
313	308	
313	309	
313	310	
313	311	
313	312	
313	313	
313	314	
313	315	
313	316	
313	317	
313	318	
313	319	
313	320	
313	321	
311	322	
311	323	
311	324	
312	325	
311	326	
311	327	
311	328	
311	329	
312	330	
311	331	
311	332	
312	332	
311	333	
311	334	
311	335	
311	336	
311	337	
312	338	
312	339	
313	339	
311	340	
311	341	
311	342	
311	343	
311	344	
311	345	
312	346	
313	347	
313	348	
313	349	
314	350	
313	351	
313	352	
313	353	
313	354	
313	355	
313	359	
315	360	
315	361	
313	362	
313	363	
313	364	
313	365	
313	366	
314	367	
313	368	
313	385	
315	386	
325	390	
325	391	
325	392	
325	393	
326	394	
327	394	
327	395	
327	396	
328	396	
327	397	
327	398	
325	399	
325	400	
326	401	
327	402	
327	403	
327	404	
327	405	
328	406	
328	407	
326	408	
326	409	
326	410	
325	411	
325	412	
325	413	
327	414	
327	415	
328	416	
327	417	
327	418	
327	419	
327	420	
325	421	
325	422	
323	423	
324	423	
323	424	
326	425	
323	426	
323	427	
323	428	
325	429	
325	430	
325	431	
324	432	
323	433	
323	434	
323	435	
323	436	
324	437	
322	438	
323	439	
325	439	
325	440	
322	441	
322	442	
321	443	
322	443	
321	444	
321	445	
321	446	
321	447	
321	448	
324	449	
324	450	
324	451	
323	452	
323	453	
323	454	
323	455	
323	456	
323	457	
324	458	
323	459	
323	460	
323	461	
325	462	
324	463	
324	464	
324	465	
324	466	
323	467	
323	468	
323	469	
324	470	
323	471	
323	472	
323	473	
324	474	
324	475	
324	476	
323	477	
323	478	
324	478	
324	479	
323	480	
324	481	
324	482	
325	482	
324	483	
324	484	
325	485	
323	486	
324	487	
323	488	
324	489	
323	490	
323	491	
323	492	
323	493	
324	494	
324	495	
324	496	
323	497	
323	498	
323	499	
323	500	
324	501	
323	502	
323	503	
324	504	
323	505	
323	506	
323	507	
323	508	
322	509	
322	510	
322	511	
321	512	
321	513	
322	513	
321	514	
323	515	
322	516	
325	517	
325	518	
324	519	
322	520	
323	520	
323	521	
323	522	
326	523	
326	524	
325	525	
325	526	
326	527	
327	528	
326	529	
325	530	
329	531	
329	532	
327	533	
327	534	
327	535	
329	536	
329	537	
329	538	
328	539	
329	540	
331	541	
331	542	
331	543	
331	544	
331	545	
331	546	
330	547	
331	547	
331	548	
331	549	
331	550	
331	551	
333	552	
330	553	
330	554	
329	555	
332	555	
329	556	
333	557	
333	558	
333	559	
333	560	
333	561	
333	562	
332	563	
332	564	
332	565	
332	566	
331	567	
333	568	
331	569	
331	570	
332	571	
331	572	
331	573	
332	574	
335	575	
335	576	
335	577	
335	578	
334	579	
334	580	
334	581	
333	582	
333	583	
334	584	
333	585	
333	586	
333	587	
334	588	
334	589	
334	590	
333	591	
334	592	
335	592	
335	593	
334	594	
334	595	
333	596	
333	597	
334	598	
334	599	
336	600	
334	601	
338	602	
335	603	
336	604	
336	605	
336	606	
339	607	
339	608	
339	609	
339	610	
336	611	
337	612	
341	613	
341	614	
341	615	
337	616	
337	617	
337	618	
337	619	
339	620	
339	621	
341	622	
337	623	
337	624	
337	625	
337	626	
338	626	
338	627	
341	627	
340	628	
338	629	
339	630	
339	631	
339	632	
339	633	
339	634	
337	635	
337	636	
338	637	
339	638	
339	639	
340	639	
339	640	
338	641	
338	642	
338	643	
337	644	
337	645	
338	646	
337	647	
338	648	
338	649	
337	650	
337	651	
338	652	
338	653	
338	654	
338	655	
337	656	
337	657	
337	658	
338	659	
338	660	
339	661	
339	662	
338	663	
338	664	
338	665	
338	666	
338	667	
338	668	
337	669	
337	670	
339	671	
338	672	
338	673	
339	673	
339	674	
339	675	
340	675	
337	676	
337	677	
338	678	
337	679	
337	680	
339	681	
337	682	
338	683	
338	684	
339	685	
335	686	
339	686	
335	687	
335	688	
336	689	
336	690	
335	691	
335	692	
335	693	
335	694	
335	695	
336	696	
337	697	
336	698	
336	699	
336	700	
335	701	
335	702	
336	703	
335	704	
336	704	
336	705	
335	706	
335	707	
334	708	
334	709	
335	710	
335	711	
336	711	
335	712	
335	713	
334	714	
335	715	
335	716	
336	716	
336	717	
335	718	
335	719	
335	720	
335	721	
336	721	
336	722	
337	723	
336	724	
336	725	
337	725	
335	726	
336	726	
335	727	
335	728	
336	729	
336	730	
335	731	
335	732	
335	733	
335	734	
337	735	
336	736	
336	737	
336	738	
335	739	
335	740	
335	741	
336	742	
335	743	
335	744	
335	745	
335	746	
335	747	
335	748	
336	749	
336	750	
335	751	
336	752	
335	753	
336	754	
336	755	
336	756	
336	757	
337	758	
337	759	
337	760	
336	761	
334	762	
337	763	
337	764	
337	765	
337	766	
337	767	
337	768	
333	769	
337	770	
334	771	
333	772	
333	773	
333	774	
335	775	
335	776	
335	777	
333	778	
333	779	
333	780	
337	780	
334	781	
336	781	
331	782	
335	783	
335	784	
335	785	
334	786	
331	787	
331	788	
332	788	
333	789	
333	790	
331	791	
331	792	
331	793	
333	794	
331	795	
331	796	
331	797	
332	798	
330	799	
329	800	
329	801	
329	802	
330	803	
331	803	
331	804	
329	805	
329	806	
329	807	
327	808	
327	809	
327	810	
329	811	
329	812	
329	813	
327	814	
327	815	
326	816	
325	817	
325	818	
325	819	
325	820	
324	821	
325	821	
325	822	
327	823	
327	824	
323	825	
323	826	
325	827	
326	828	
326	829	
327	830	
327	831	
326	832	
325	833	
329	834	
327	835	
327	836	
327	837	
327	838	
325	839	
325	840	
325	841	
329	841	
325	842	
325	843	
325	844	
325	845	
325	846	
325	847	
325	848	
325	849	
325	850	
325	851	
325	852	
325	853	
325	854	
325	855	
325	856	
326	856	
325	857	
325	858	
326	859	
326	860	
325	861	
325	862	
325	863	
325	864	
325	865	
325	866	
325	867	
325	868	
325	869	
325	870	
325	871	
325	872	
327	873	
327	874	
327	875	
327	876	
327	877	
327	878	
327	879	
327	880	
325	881	
325	882	
327	883	
327	884	
327	885	
327	886	
327	887	
327	888	
328	889	
329	889	
325	890	
325	891	
325	892	
325	893	
327	894	
327	895	
325	896	
325	897	
325	898	
327	899	
327	900	
327	901	
327	902	
325	903	
325	904	
327	905	
326	906	
325	907	
326	908	
327	910	
327	911	
327	912	
325	913	
323	914	
323	915	
323	916	
323	917	
323	918	
323	919	
