247	41	
313	291	
313	292	
313	293	
313	294	
315	294	
315	295	
315	296	
315	297	
313	298	
313	299	
315	300	
314	301	
314	302	
314	303	
315	304	
315	305	
315	306	
315	307	
315	308	
315	309	
315	310	
313	311	
313	312	
313	313	
313	314	
313	315	
313	316	
313	317	
313	318	
313	319	
313	320	
313	321	
313	322	
313	323	
313	324	
313	325	
313	326	
313	327	
313	328	
313	329	
313	330	
311	331	
311	332	
311	333	
312	334	
312	335	
311	336	
311	337	
311	338	
313	339	
313	340	
313	341	
313	342	
314	343	
313	344	
313	345	
313	346	
314	347	
313	348	
313	349	
315	350	
314	351	
315	351	
315	352	
315	353	
313	354	
313	355	
313	356	
313	357	
313	358	
313	359	
313	360	
314	361	
313	362	
313	363	
313	364	
313	365	
315	366	
315	367	
315	368	
327	389	
327	390	
327	391	
327	392	
325	393	
325	394	
325	395	
327	396	
327	397	
327	398	
327	399	
329	400	
329	401	
327	402	
327	403	
327	404	
327	405	
327	406	
327	407	
329	408	
326	409	
326	410	
327	411	
327	412	
329	413	
326	414	
326	415	
326	416	
325	417	
325	418	
328	419	
326	420	
326	421	
327	421	
326	422	
326	423	
326	424	
326	425	
326	426	
325	427	
325	428	
325	429	
324	430	
323	431	
323	432	
323	433	
324	434	
325	435	
325	436	
325	437	
324	438	
324	439	
324	440	
324	441	
324	442	
323	443	
324	444	
324	445	
323	446	
323	447	
324	448	
323	449	
323	450	
325	451	
325	452	
325	453	
324	454	
325	454	
323	455	
325	456	
324	457	
324	458	
324	459	
324	460	
324	461	
323	462	
323	463	
324	464	
325	465	
325	466	
324	467	
326	467	
324	468	
325	469	
325	470	
325	471	
323	472	
323	473	
323	474	
325	474	
323	475	
323	476	
323	477	
323	478	
324	478	
324	479	
325	480	
324	481	
323	482	
323	483	
323	484	
323	485	
324	486	
325	487	
326	487	
325	488	
325	489	
325	490	
325	491	
323	492	
323	493	
323	494	
323	495	
324	496	
323	497	
324	497	
324	498	
323	499	
323	500	
323	501	
324	501	
323	502	
323	503	
323	504	
323	505	
322	506	
323	507	
325	508	
325	509	
322	510	
322	511	
323	512	
323	513	
323	514	
323	515	
323	516	
323	517	
324	518	
324	519	
324	520	
323	521	
325	522	
325	523	
325	524	
325	525	
327	526	
325	527	
325	528	
325	529	
329	530	
327	531	
327	532	
327	533	
329	534	
329	535	
329	536	
329	537	
329	538	
329	539	
330	540	
329	541	
329	542	
329	543	
329	544	
329	545	
329	546	
329	547	
332	548	
333	548	
332	549	
333	550	
333	551	
331	552	
331	553	
333	554	
333	555	
332	556	
332	557	
332	558	
332	559	
332	560	
333	561	
332	562	
331	563	
331	564	
331	565	
331	566	
332	567	
334	568	
335	569	
333	570	
335	571	
335	572	
335	573	
331	574	
332	575	
334	575	
333	576	
333	577	
333	578	
333	579	
333	580	
334	581	
333	582	
334	582	
333	583	
333	584	
333	585	
333	586	
337	587	
337	588	
336	589	
336	590	
335	591	
334	592	
333	593	
334	594	
336	595	
336	596	
334	597	
336	598	
336	599	
336	600	
336	601	
337	602	
337	603	
337	604	
339	605	
339	606	
338	607	
336	608	
339	609	
339	610	
339	611	
337	612	
337	613	
341	614	
341	615	
337	616	
341	617	
339	618	
338	619	
337	620	
337	621	
341	622	
339	623	
339	624	
341	625	
341	626	
338	627	
339	628	
339	629	
339	630	
339	631	
339	632	
339	633	
339	634	
339	635	
331	636	
341	637	
338	638	
339	639	
339	640	
339	641	
338	642	
338	643	
338	644	
339	645	
339	646	
338	647	
338	648	
339	649	
339	650	
338	651	
337	652	
337	653	
337	654	
338	655	
337	656	
338	657	
338	658	
337	659	
337	660	
337	661	
337	662	
338	663	
337	664	
337	665	
337	666	
337	667	
337	668	
337	669	
339	669	
340	670	
337	671	
337	672	
338	672	
338	673	
338	674	
337	675	
337	676	
339	677	
338	678	
337	679	
340	680	
339	681	
337	682	
338	682	
337	683	
337	684	
337	685	
338	686	
338	687	
335	688	
336	689	
337	690	
338	691	
336	692	
335	693	
336	694	
336	695	
336	696	
335	697	
338	698	
336	699	
338	699	
338	700	
338	701	
338	702	
337	703	
338	704	
337	705	
336	706	
335	707	
336	708	
338	709	
338	710	
336	711	
336	712	
336	713	
335	714	
335	715	
337	716	
336	717	
336	718	
336	719	
336	720	
335	721	
335	722	
336	723	
336	724	
336	725	
335	726	
338	727	
338	728	
336	729	
336	730	
336	731	
338	731	
338	732	
335	733	
339	734	
339	735	
335	736	
335	737	
335	738	
335	739	
335	740	
335	741	
335	742	
335	743	
336	744	
337	745	
337	746	
336	747	
335	748	
336	748	
335	749	
336	750	
335	751	
335	752	
336	753	
336	754	
335	755	
335	756	
335	757	
335	758	
335	759	
336	760	
335	761	
335	762	
336	763	
336	764	
335	765	
335	766	
335	767	
335	768	
335	769	
336	770	
336	771	
337	772	
334	773	
333	774	
333	775	
333	776	
336	777	
337	778	
336	779	
334	780	
333	781	
333	782	
333	783	
333	784	
333	785	
332	786	
332	787	
333	788	
334	789	
334	790	
332	791	
331	792	
335	793	
335	794	
331	795	
331	796	
331	797	
330	798	
331	798	
331	799	
331	800	
330	801	
332	801	
331	802	
331	803	
331	804	
329	805	
329	806	
329	807	
329	808	
330	809	
331	810	
329	811	
329	812	
331	813	
330	814	
325	815	
325	816	
329	817	
328	818	
325	819	
326	819	
325	820	
325	821	
326	821	
326	822	
325	823	
325	824	
325	825	
325	826	
325	827	
326	828	
325	829	
325	830	
325	831	
325	832	
325	833	
325	834	
326	835	
326	836	
326	837	
325	838	
325	839	
325	840	
325	841	
325	842	
325	843	
325	844	
325	845	
325	846	
325	847	
325	848	
325	849	
326	850	
327	851	
327	852	
327	853	
329	854	
329	855	
329	856	
329	857	
329	858	
325	859	
325	860	
326	861	
325	862	
325	863	
325	864	
325	865	
327	865	
327	866	
325	867	
325	868	
326	869	
327	870	
325	871	
325	872	
325	873	
325	874	
329	875	
325	876	
325	877	
325	878	
325	879	
325	880	
327	881	
325	882	
325	883	
325	884	
325	885	
325	886	
325	887	
325	888	
325	889	
327	890	
327	891	
327	892	
327	893	
325	894	
325	895	
325	896	
325	897	
325	898	
325	899	
325	900	
325	901	
326	902	
325	903	
325	904	
325	905	
325	906	
329	907	
329	908	
327	909	
325	910	
325	911	
325	912	
325	913	
327	914	
327	915	
327	916	
323	917	
333	1036	
341	1142	
343	1143	
343	1144	
