316	290	
317	291	
317	292	
317	293	
317	294	
317	295	
317	296	
317	297	
317	298	
318	299	
318	300	
317	301	
318	302	
318	303	
317	304	
317	305	
317	306	
316	307	
317	308	
316	309	
316	310	
316	311	
317	312	
317	313	
316	314	
315	315	
315	316	
315	317	
315	318	
315	319	
317	320	
316	321	
315	322	
315	323	
316	324	
316	325	
315	326	
314	327	
314	328	
313	329	
313	330	
313	331	
314	332	
315	333	
315	334	
316	335	
315	336	
315	337	
315	338	
315	339	
317	340	
317	341	
317	342	
315	343	
317	343	
315	344	
315	345	
316	346	
316	347	
317	348	
318	349	
317	350	
316	351	
317	352	
317	353	
317	354	
317	356	
317	357	
319	358	
319	359	
318	360	
317	361	
317	362	
319	363	
319	364	
317	372	
317	373	
319	374	
319	375	
319	376	
329	383	
327	384	
331	385	
331	386	
329	387	
329	388	
329	389	
329	390	
329	391	
329	392	
329	393	
329	394	
329	395	
329	396	
329	397	
331	398	
331	399	
331	400	
331	401	
331	402	
331	403	
333	404	
333	405	
332	406	
332	407	
332	408	
332	409	
331	410	
331	411	
331	412	
331	413	
331	414	
330	415	
331	416	
331	417	
331	418	
329	419	
329	420	
330	421	
329	422	
331	423	
331	424	
330	425	
330	426	
330	427	
330	428	
330	429	
329	430	
328	431	
328	432	
329	433	
329	434	
328	435	
327	436	
326	437	
326	438	
327	438	
327	439	
327	440	
325	441	
326	442	
326	443	
327	444	
327	445	
327	446	
326	447	
327	448	
327	449	
328	450	
328	451	
328	452	
328	453	
327	454	
327	455	
328	456	
327	457	
327	458	
327	459	
328	460	
328	461	
329	462	
329	463	
329	464	
329	465	
327	466	
327	467	
327	468	
329	469	
329	470	
326	471	
327	471	
327	472	
328	473	
327	474	
328	475	
329	476	
329	477	
327	478	
327	479	
327	480	
327	481	
327	482	
327	483	
328	484	
327	485	
328	486	
328	487	
328	488	
327	489	
328	489	
327	490	
328	491	
328	492	
328	493	
328	494	
327	495	
328	496	
327	497	
328	498	
328	499	
329	500	
328	501	
327	502	
327	503	
327	504	
327	505	
326	506	
327	507	
327	508	
326	509	
326	510	
326	511	
325	512	
327	513	
325	514	
325	515	
326	516	
326	517	
328	518	
327	519	
327	520	
328	521	
329	522	
329	523	
327	524	
327	525	
328	525	
329	526	
327	527	
327	528	
327	529	
329	530	
329	531	
329	532	
331	534	
331	535	
331	536	
332	536	
333	537	
333	538	
333	539	
332	540	
331	541	
331	542	
333	543	
333	544	
333	545	
331	546	
335	547	
333	548	
333	549	
333	550	
333	551	
335	552	
335	553	
333	554	
335	555	
334	556	
333	557	
334	557	
334	558	
334	559	
333	560	
333	561	
333	562	
335	562	
334	563	
337	564	
336	565	
335	566	
336	567	
335	568	
336	569	
335	570	
336	571	
336	572	
335	573	
335	574	
337	575	
337	576	
338	577	
339	578	
339	579	
338	580	
337	581	
338	582	
337	583	
337	584	
337	585	
337	586	
338	587	
337	588	
337	589	
338	590	
338	591	
338	592	
339	593	
337	594	
339	595	
339	596	
339	597	
339	598	
339	599	
343	600	
339	601	
341	602	
341	603	
341	604	
341	605	
341	606	
341	607	
341	608	
342	609	
341	610	
342	611	
341	612	
341	613	
342	614	
341	615	
341	616	
342	617	
341	618	
341	619	
342	619	
344	620	
344	621	
341	622	
344	622	
344	623	
344	624	
342	625	
343	625	
342	626	
342	627	
342	628	
341	629	
341	630	
342	631	
343	632	
343	633	
342	634	
344	635	
344	636	
344	637	
344	638	
345	639	
345	640	
341	641	
341	642	
342	643	
342	644	
342	645	
342	646	
342	647	
341	648	
342	649	
342	650	
343	651	
342	652	
342	653	
342	654	
341	655	
342	656	
341	657	
341	658	
341	659	
341	660	
341	661	
343	661	
341	662	
342	663	
342	664	
342	665	
342	666	
342	667	
343	668	
342	669	
341	670	
341	671	
342	672	
341	673	
342	674	
341	675	
342	676	
343	677	
343	678	
342	679	
341	680	
341	681	
340	682	
339	683	
340	684	
343	685	
342	686	
343	687	
339	688	
339	689	
339	690	
340	691	
341	692	
341	693	
341	694	
340	695	
340	696	
341	697	
341	698	
341	699	
340	700	
340	701	
340	702	
339	703	
340	704	
339	705	
339	706	
339	707	
339	708	
339	709	
339	710	
339	711	
339	712	
340	712	
339	713	
339	714	
339	715	
339	716	
338	717	
338	718	
337	719	
338	720	
340	721	
339	722	
339	723	
339	724	
339	725	
339	726	
339	727	
340	727	
339	728	
340	729	
340	730	
340	731	
340	732	
339	733	
340	733	
339	734	
339	735	
338	736	
339	737	
339	738	
339	739	
337	740	
338	740	
341	741	
341	742	
341	743	
341	744	
341	745	
341	746	
341	747	
339	748	
341	749	
341	750	
340	751	
340	752	
340	753	
340	754	
341	755	
341	756	
341	757	
338	758	
337	759	
338	760	
338	761	
337	762	
337	763	
337	764	
337	765	
337	766	
337	767	
337	768	
337	769	
337	770	
337	771	
337	772	
337	773	
337	774	
340	775	
339	776	
339	777	
337	778	
339	779	
339	780	
335	781	
335	782	
338	783	
339	784	
335	785	
335	786	
335	787	
336	788	
335	789	
335	790	
335	791	
335	792	
335	793	
335	794	
334	795	
333	796	
333	797	
333	798	
333	799	
337	800	
333	801	
335	802	
335	803	
335	804	
334	805	
332	806	
335	806	
331	807	
331	808	
331	809	
331	810	
333	811	
331	812	
329	813	
329	814	
331	815	
331	816	
331	817	
328	818	
328	819	
331	820	
331	821	
331	822	
328	823	
327	824	
327	825	
327	826	
330	827	
330	828	
327	829	
327	830	
328	831	
330	832	
327	833	
331	834	
329	835	
329	836	
330	837	
327	838	
327	839	
327	840	
328	840	
328	841	
327	842	
328	842	
328	843	
331	844	
331	845	
331	846	
331	847	
330	848	
330	849	
331	850	
331	851	
327	852	
331	853	
331	854	
331	855	
331	856	
331	857	
331	858	
331	859	
331	860	
327	861	
329	862	
331	863	
331	864	
331	865	
331	866	
327	867	
327	868	
327	869	
327	870	
327	871	
331	872	
329	873	
331	874	
331	875	
331	876	
331	877	
331	878	
331	879	
331	880	
329	881	
329	882	
327	883	
327	884	
331	885	
331	886	
327	887	
327	888	
327	889	
327	890	
331	891	
331	892	
331	893	
329	894	
329	895	
328	896	
329	896	
331	897	
331	898	
327	899	
327	900	
327	901	
327	902	
327	903	
327	904	
331	905	
331	906	
327	907	
327	908	
327	909	
327	910	
327	911	
327	912	
329	913	
327	914	
327	915	
327	916	
327	917	
327	918	
327	919	
335	1017	
347	1104	
