321	288	
321	289	
319	290	
319	291	
319	292	
320	293	
321	294	
321	295	
320	296	
319	297	
319	298	
319	299	
319	300	
320	301	
320	302	
320	303	
319	304	
319	305	
320	306	
320	307	
320	308	
319	309	
319	310	
319	311	
320	312	
320	313	
319	314	
319	315	
318	316	
318	317	
319	318	
318	319	
318	320	
318	321	
318	322	
318	323	
319	324	
319	325	
319	326	
317	327	
317	328	
318	329	
318	330	
318	331	
318	332	
317	333	
318	334	
317	335	
317	336	
317	337	
318	337	
319	338	
320	339	
320	340	
319	341	
319	342	
319	343	
321	344	
321	345	
321	346	
319	347	
319	348	
319	349	
320	349	
319	350	
319	351	
319	352	
319	353	
320	354	
321	355	
319	356	
321	357	
319	358	
321	359	
321	360	
323	361	
321	362	
321	363	
321	364	
323	370	
323	371	
323	372	
323	373	
323	374	
321	375	
321	376	
321	377	
321	378	
331	379	
331	382	
331	383	
331	384	
335	385	
335	386	
332	387	
332	388	
334	390	
334	391	
333	392	
333	393	
334	394	
334	395	
333	396	
333	397	
334	398	
334	399	
334	400	
333	401	
335	402	
335	403	
335	404	
335	405	
335	406	
335	407	
335	408	
335	409	
334	410	
334	411	
335	412	
335	413	
334	414	
334	415	
334	416	
334	417	
333	418	
334	419	
333	420	
335	421	
335	422	
332	423	
334	424	
334	425	
334	426	
333	427	
332	428	
331	429	
331	430	
331	431	
332	432	
332	433	
331	434	
331	435	
331	436	
331	437	
330	438	
331	438	
330	439	
331	439	
330	440	
330	441	
330	442	
329	443	
329	444	
329	445	
330	446	
330	447	
330	448	
330	449	
329	450	
330	451	
330	452	
330	453	
332	454	
331	455	
331	456	
332	457	
332	458	
330	459	
331	460	
331	461	
331	462	
331	463	
330	464	
330	465	
329	466	
331	467	
331	468	
332	469	
332	470	
332	471	
329	472	
330	473	
331	474	
329	475	
329	476	
329	477	
331	478	
331	479	
331	480	
332	480	
331	481	
331	482	
331	483	
330	484	
330	485	
333	486	
330	487	
330	488	
332	489	
332	490	
332	491	
332	492	
332	493	
331	494	
331	495	
331	496	
331	497	
331	498	
330	499	
331	500	
330	501	
331	502	
330	503	
329	504	
329	505	
330	506	
330	507	
331	508	
331	509	
331	510	
331	511	
330	512	
330	513	
331	514	
330	515	
330	516	
330	517	
329	518	
329	519	
329	520	
329	521	
329	522	
330	522	
332	523	
332	524	
333	525	
333	526	
331	527	
331	528	
331	529	
331	530	
331	531	
333	532	
333	533	
333	534	
335	535	
335	536	
335	537	
335	538	
335	539	
335	540	
333	541	
333	542	
337	543	
336	544	
337	545	
336	546	
336	547	
336	548	
336	549	
335	550	
335	551	
336	552	
335	553	
337	554	
337	555	
338	556	
337	557	
339	558	
339	559	
339	560	
339	561	
340	562	
340	563	
340	564	
340	565	
339	566	
339	567	
339	568	
339	569	
339	570	
340	571	
339	572	
339	573	
340	574	
339	575	
340	576	
339	577	
341	578	
340	579	
339	580	
339	581	
340	582	
341	583	
341	584	
340	585	
340	586	
339	587	
340	587	
341	588	
341	589	
343	590	
341	591	
341	592	
342	593	
343	594	
343	595	
345	596	
342	597	
343	598	
343	599	
347	600	
347	601	
343	602	
343	603	
343	604	
344	605	
344	606	
345	607	
346	608	
346	609	
345	610	
346	611	
346	612	
347	613	
347	614	
346	615	
346	616	
346	617	
345	618	
346	619	
346	620	
346	621	
346	622	
347	623	
348	624	
345	625	
346	626	
346	627	
345	628	
347	629	
346	630	
346	631	
345	632	
345	633	
345	634	
345	635	
346	636	
346	637	
346	638	
346	639	
346	640	
345	641	
345	642	
345	643	
345	644	
345	645	
345	646	
345	647	
345	648	
345	649	
346	650	
346	651	
347	652	
347	653	
343	654	
343	655	
344	656	
344	657	
346	657	
344	658	
345	659	
346	660	
345	661	
345	662	
346	663	
345	664	
346	665	
346	666	
346	667	
343	668	
343	669	
344	670	
345	671	
345	672	
345	673	
344	674	
346	675	
346	676	
346	677	
345	678	
345	679	
344	680	
343	681	
343	682	
347	683	
343	684	
343	685	
343	686	
342	687	
344	687	
345	688	
345	689	
345	690	
344	691	
342	692	
341	693	
341	694	
342	695	
342	696	
341	697	
342	698	
341	699	
342	700	
342	701	
342	702	
341	703	
342	704	
343	705	
344	706	
344	707	
344	708	
341	709	
341	710	
341	711	
344	712	
341	713	
342	714	
341	715	
341	716	
341	717	
342	718	
342	719	
341	720	
342	721	
341	722	
342	722	
343	723	
343	724	
343	725	
341	726	
341	727	
342	727	
341	728	
341	729	
344	730	
341	731	
341	732	
342	733	
343	734	
343	735	
342	736	
341	737	
341	738	
341	739	
341	740	
342	741	
341	742	
341	743	
341	744	
341	745	
341	746	
343	747	
344	748	
343	749	
342	750	
341	751	
341	752	
341	753	
341	754	
341	755	
342	756	
342	757	
342	758	
343	759	
342	760	
341	761	
343	762	
341	763	
341	764	
341	765	
341	766	
341	767	
341	768	
341	769	
342	770	
342	771	
342	772	
342	773	
340	774	
339	775	
339	776	
339	777	
339	778	
339	779	
339	780	
339	781	
342	782	
342	783	
341	784	
339	785	
338	786	
337	787	
338	788	
341	789	
341	790	
339	791	
340	791	
337	792	
337	793	
337	794	
338	795	
338	796	
337	797	
337	798	
337	799	
337	800	
337	801	
337	802	
335	803	
335	804	
335	805	
335	806	
335	807	
335	808	
336	808	
336	809	
333	810	
335	811	
335	812	
333	813	
333	814	
335	815	
335	816	
331	817	
331	818	
331	819	
331	820	
331	821	
330	822	
333	823	
331	824	
332	825	
332	826	
331	827	
331	828	
331	829	
331	830	
331	831	
331	832	
331	833	
331	834	
330	835	
330	836	
331	837	
331	838	
333	839	
332	840	
333	841	
333	842	
333	843	
333	844	
333	845	
334	846	
334	847	
331	848	
331	849	
331	850	
331	851	
331	852	
331	853	
331	854	
331	855	
331	856	
331	857	
331	858	
331	859	
331	860	
331	861	
331	862	
331	863	
331	864	
329	865	
333	866	
333	867	
333	868	
333	869	
329	870	
329	871	
331	872	
331	873	
331	874	
331	875	
331	876	
332	876	
333	877	
333	878	
331	879	
331	880	
333	881	
333	882	
333	883	
333	884	
331	885	
331	886	
331	887	
330	888	
333	889	
331	890	
332	890	
330	891	
330	892	
333	893	
333	894	
331	895	
331	896	
331	897	
331	898	
330	899	
330	900	
333	901	
333	902	
329	903	
329	904	
329	905	
331	906	
331	907	
331	908	
329	909	
329	910	
329	911	
329	912	
333	913	
333	914	
329	915	
329	916	
333	917	
337	1011	
351	1087	
