325	284	
327	286	
327	287	
327	288	
327	289	
327	290	
327	291	
327	292	
327	293	
329	294	
329	295	
328	296	
327	297	
328	298	
328	299	
328	300	
328	301	
328	302	
328	303	
325	304	
325	305	
325	306	
326	307	
327	308	
327	309	
327	310	
327	311	
325	312	
325	313	
325	314	
325	315	
326	316	
325	317	
325	318	
324	319	
323	320	
323	321	
324	322	
325	323	
324	324	
325	324	
323	325	
325	326	
325	327	
325	328	
325	329	
325	330	
325	331	
325	332	
325	333	
327	334	
327	335	
326	336	
325	337	
326	338	
325	339	
325	340	
325	341	
326	342	
326	343	
326	344	
326	345	
326	346	
326	347	
326	348	
326	349	
327	350	
327	351	
327	352	
329	353	
329	354	
327	355	
327	356	
327	357	
327	358	
327	359	
329	360	
329	361	
329	362	
329	363	
329	364	
329	365	
329	366	
337	375	
337	376	
338	378	
339	379	
339	380	
339	381	
339	382	
339	383	
343	384	
342	385	
343	386	
343	387	
340	388	
341	389	
343	390	
343	391	
341	392	
341	393	
341	394	
341	395	
341	396	
343	397	
341	398	
341	399	
341	400	
341	401	
341	402	
341	403	
342	404	
342	405	
342	406	
342	407	
343	408	
343	409	
343	410	
341	411	
341	412	
341	413	
342	414	
342	415	
342	416	
343	417	
343	418	
343	419	
343	420	
343	421	
342	422	
339	423	
339	424	
340	425	
339	426	
339	427	
341	428	
341	429	
340	430	
339	431	
341	432	
338	433	
338	434	
338	435	
338	436	
338	437	
338	438	
338	439	
338	440	
338	441	
337	442	
337	443	
337	444	
338	445	
338	446	
338	447	
338	448	
338	449	
339	450	
337	451	
337	452	
338	453	
337	454	
337	455	
338	456	
338	457	
338	458	
338	459	
338	460	
337	461	
338	462	
337	463	
338	463	
338	464	
338	465	
337	466	
338	467	
338	468	
338	469	
337	470	
337	471	
337	472	
337	473	
337	474	
338	474	
338	475	
338	476	
337	477	
337	478	
337	479	
337	480	
338	481	
338	482	
338	483	
338	484	
338	485	
337	486	
337	487	
337	488	
337	489	
337	490	
339	490	
338	491	
338	492	
338	493	
338	494	
338	495	
338	496	
338	497	
339	497	
338	498	
337	499	
338	499	
338	500	
338	501	
339	502	
339	503	
339	504	
339	505	
339	506	
336	507	
339	507	
337	508	
338	509	
338	510	
338	511	
339	511	
336	512	
337	513	
336	514	
336	515	
335	516	
336	517	
336	518	
336	519	
336	520	
336	521	
337	522	
338	522	
337	523	
337	524	
337	525	
338	526	
337	527	
337	528	
339	529	
339	530	
339	531	
339	532	
339	533	
339	534	
340	535	
340	536	
341	537	
341	538	
342	539	
343	540	
341	541	
342	542	
341	543	
341	544	
342	545	
342	546	
341	547	
343	548	
343	549	
344	550	
343	551	
343	552	
344	553	
345	554	
343	555	
343	556	
343	557	
343	558	
346	558	
345	559	
345	560	
343	561	
343	562	
343	563	
343	564	
344	565	
345	566	
344	567	
344	568	
346	569	
346	570	
345	571	
345	572	
345	573	
345	574	
346	575	
341	576	
345	577	
346	578	
347	579	
347	580	
348	581	
349	582	
349	583	
350	583	
350	584	
351	585	
351	586	
351	587	
351	588	
349	589	
353	590	
349	591	
349	592	
350	593	
350	594	
350	595	
350	596	
350	597	
350	598	
350	599	
349	600	
353	601	
351	602	
350	603	
350	604	
351	605	
351	606	
351	607	
351	608	
351	609	
351	610	
351	611	
351	612	
351	613	
351	614	
352	615	
351	616	
351	617	
352	618	
351	619	
351	620	
351	621	
355	622	
352	623	
351	624	
351	625	
352	626	
351	627	
355	627	
351	628	
351	629	
352	630	
352	631	
354	632	
352	633	
352	634	
353	635	
353	636	
353	637	
353	638	
353	639	
353	640	
354	641	
351	642	
354	643	
353	644	
354	645	
353	646	
354	646	
354	647	
353	648	
354	648	
354	649	
353	650	
353	651	
354	652	
354	653	
354	654	
354	655	
351	656	
354	656	
355	656	
353	657	
353	658	
353	659	
353	660	
353	661	
352	662	
353	662	
352	663	
352	664	
352	665	
352	666	
352	667	
351	668	
351	669	
351	670	
352	671	
353	671	
352	672	
352	673	
351	674	
352	675	
353	676	
351	677	
353	678	
353	679	
351	680	
351	681	
351	682	
351	683	
352	684	
351	685	
351	686	
351	687	
352	688	
349	689	
349	690	
349	691	
349	692	
350	692	
350	693	
349	694	
349	695	
350	696	
350	697	
350	698	
350	699	
350	700	
350	701	
351	702	
350	703	
349	704	
349	705	
349	706	
349	707	
350	708	
349	709	
350	709	
349	710	
351	711	
352	712	
351	713	
351	714	
349	715	
349	716	
351	717	
351	718	
349	719	
349	720	
349	721	
349	722	
349	723	
349	724	
349	725	
349	726	
350	727	
350	728	
350	729	
350	730	
351	731	
351	732	
351	733	
351	734	
351	735	
350	736	
350	737	
351	738	
349	739	
350	740	
350	741	
348	742	
349	743	
349	744	
349	745	
351	746	
351	747	
351	748	
351	749	
351	750	
351	751	
348	752	
349	753	
348	754	
349	755	
349	756	
349	757	
348	758	
347	759	
348	760	
347	761	
347	762	
348	763	
348	764	
347	765	
348	766	
347	767	
347	768	
347	769	
347	770	
347	771	
347	772	
347	773	
347	774	
347	775	
347	776	
347	777	
348	777	
347	778	
348	779	
347	780	
347	781	
347	782	
346	783	
346	784	
349	785	
349	786	
345	787	
345	788	
345	789	
349	790	
347	791	
346	792	
345	793	
345	794	
345	795	
345	796	
343	797	
343	798	
347	799	
347	800	
347	801	
347	802	
343	803	
343	804	
342	805	
342	806	
342	807	
342	808	
341	809	
341	810	
341	811	
342	812	
342	813	
341	814	
343	814	
339	815	
339	816	
341	817	
341	818	
339	819	
339	820	
337	821	
337	822	
337	823	
337	824	
337	825	
337	826	
337	827	
337	828	
339	829	
339	830	
339	831	
339	832	
339	833	
336	834	
337	835	
337	836	
336	837	
337	837	
339	838	
339	839	
339	840	
337	841	
337	842	
337	843	
337	844	
339	845	
339	846	
337	847	
337	848	
337	849	
337	850	
337	851	
337	852	
339	853	
339	854	
339	855	
339	856	
339	857	
335	858	
335	859	
337	860	
337	861	
337	862	
337	863	
337	864	
336	865	
336	866	
335	867	
336	868	
339	869	
339	870	
339	871	
339	872	
339	873	
337	874	
337	875	
337	876	
339	877	
337	878	
337	879	
337	880	
339	881	
339	882	
339	883	
339	884	
339	885	
339	886	
339	887	
336	888	
336	889	
337	890	
337	891	
335	892	
335	893	
335	894	
335	895	
335	896	
335	897	
335	898	
335	899	
335	900	
335	901	
335	902	
335	903	
335	904	
335	905	
335	906	
335	907	
335	908	
335	909	
335	910	
337	913	
337	914	
347	1037	
347	1038	
349	1039	
359	1088	
