259	65	
259	66	
327	285	
327	286	
327	287	
327	288	
329	289	
329	290	
329	291	
327	292	
327	293	
328	293	
328	294	
328	295	
328	296	
327	297	
327	298	
327	299	
328	300	
329	301	
328	302	
329	302	
328	303	
327	304	
327	305	
327	306	
327	307	
327	308	
327	309	
327	310	
327	311	
327	312	
327	313	
327	314	
327	315	
327	316	
327	317	
327	318	
327	319	
327	320	
325	321	
325	322	
325	323	
325	324	
325	325	
325	326	
325	327	
325	328	
325	329	
325	330	
325	331	
327	332	
327	333	
327	334	
328	335	
327	336	
327	337	
327	338	
327	339	
327	340	
327	341	
327	342	
327	343	
328	344	
328	345	
328	346	
327	347	
328	348	
327	349	
327	350	
327	351	
327	352	
327	354	
327	355	
329	356	
329	357	
329	358	
329	359	
329	360	
329	361	
329	362	
329	363	
329	364	
330	365	
329	366	
329	367	
329	368	
341	376	
341	377	
339	378	
339	379	
339	380	
341	381	
341	382	
343	383	
341	384	
341	385	
342	386	
343	387	
343	388	
341	389	
341	390	
341	391	
342	392	
342	393	
342	394	
342	395	
342	396	
342	397	
343	398	
343	399	
343	400	
343	401	
342	402	
345	403	
345	404	
343	405	
343	406	
343	407	
344	408	
344	409	
344	410	
342	411	
342	412	
342	413	
342	414	
341	415	
342	416	
342	417	
342	418	
343	419	
342	420	
342	421	
342	422	
341	423	
341	424	
342	425	
343	426	
341	427	
342	428	
342	429	
341	430	
341	431	
340	432	
339	433	
339	434	
339	435	
340	436	
339	437	
340	438	
339	439	
339	440	
339	441	
338	442	
338	443	
338	444	
339	444	
339	445	
339	446	
339	447	
339	448	
339	449	
339	450	
339	451	
339	452	
339	453	
339	454	
339	455	
340	456	
340	457	
339	458	
340	459	
340	460	
340	461	
341	462	
341	463	
341	464	
340	465	
339	466	
340	466	
339	467	
339	468	
339	469	
340	470	
340	471	
339	472	
338	473	
338	474	
338	475	
338	476	
338	477	
339	478	
339	479	
339	480	
339	481	
340	482	
339	483	
339	484	
339	485	
339	486	
339	487	
339	488	
339	489	
339	490	
339	491	
341	492	
339	493	
338	494	
341	495	
341	496	
341	497	
339	498	
339	499	
339	500	
338	501	
339	502	
338	503	
338	504	
338	505	
339	506	
339	507	
338	508	
338	509	
337	510	
337	511	
337	512	
338	513	
337	514	
337	515	
337	516	
338	516	
337	517	
337	518	
337	519	
337	520	
337	521	
337	522	
337	523	
340	524	
340	525	
339	526	
339	527	
340	528	
340	529	
342	530	
339	531	
339	532	
340	533	
341	534	
341	535	
342	536	
343	537	
342	538	
343	538	
342	539	
341	540	
342	541	
343	542	
344	542	
341	543	
341	544	
341	545	
343	546	
343	547	
343	548	
343	549	
343	550	
343	551	
346	552	
347	552	
345	553	
345	554	
345	555	
345	556	
345	557	
343	558	
343	559	
344	560	
347	561	
347	562	
347	563	
347	564	
347	565	
346	566	
346	567	
346	568	
346	569	
349	570	
349	571	
348	572	
347	573	
347	574	
348	575	
349	576	
347	577	
347	578	
351	579	
350	580	
349	581	
351	582	
349	583	
349	584	
349	585	
349	586	
351	587	
351	588	
351	589	
350	590	
350	591	
350	592	
353	593	
353	594	
353	595	
353	596	
354	597	
354	598	
351	599	
352	600	
353	601	
353	602	
352	603	
352	604	
350	605	
351	606	
351	607	
351	608	
352	609	
353	609	
352	610	
352	611	
355	612	
351	613	
351	614	
354	615	
353	616	
353	617	
354	618	
355	619	
355	620	
352	621	
352	622	
354	623	
355	624	
355	625	
355	626	
354	627	
355	628	
355	629	
356	630	
353	631	
353	632	
355	633	
355	634	
355	635	
355	636	
354	637	
354	638	
353	639	
353	640	
353	641	
353	642	
353	643	
353	644	
353	645	
353	646	
354	647	
354	648	
355	649	
355	650	
354	651	
353	652	
353	653	
353	654	
353	655	
353	656	
354	657	
354	658	
353	659	
353	660	
354	661	
353	662	
354	662	
355	663	
353	664	
353	665	
353	666	
353	667	
353	668	
354	669	
354	670	
355	671	
355	672	
355	673	
353	674	
353	675	
353	676	
354	677	
353	678	
351	679	
351	680	
352	680	
351	681	
352	682	
352	683	
351	684	
354	684	
354	685	
354	686	
355	687	
351	688	
351	689	
351	690	
351	691	
351	692	
351	693	
353	694	
350	695	
349	696	
350	697	
350	698	
352	699	
351	700	
352	701	
353	702	
353	703	
352	704	
353	705	
353	706	
352	707	
353	707	
349	708	
349	709	
350	709	
349	710	
349	711	
349	712	
349	713	
349	714	
349	715	
349	716	
349	717	
349	718	
349	719	
349	720	
350	721	
350	722	
350	723	
349	724	
349	725	
349	726	
353	727	
350	728	
351	729	
350	730	
350	731	
349	732	
349	733	
349	734	
350	734	
350	735	
350	736	
349	737	
350	738	
349	739	
349	740	
349	741	
349	742	
349	743	
349	744	
349	745	
349	746	
349	747	
349	748	
350	748	
349	749	
349	750	
349	751	
349	752	
349	753	
349	754	
349	755	
353	756	
352	757	
353	757	
349	758	
349	759	
350	760	
351	761	
352	762	
351	763	
349	764	
352	765	
348	766	
349	766	
348	767	
349	768	
349	769	
349	770	
349	771	
349	772	
349	773	
348	774	
349	775	
348	776	
348	777	
347	778	
351	778	
351	779	
350	780	
349	781	
348	782	
347	783	
347	784	
347	785	
347	786	
348	786	
348	787	
347	788	
347	789	
347	790	
345	791	
345	792	
346	792	
348	793	
345	794	
345	795	
345	796	
345	797	
347	798	
345	799	
343	800	
347	801	
347	802	
345	803	
345	804	
343	805	
343	806	
345	807	
345	808	
345	809	
341	810	
342	811	
342	812	
342	813	
345	814	
343	815	
343	816	
339	817	
339	818	
339	819	
343	820	
339	821	
339	822	
339	823	
337	824	
337	825	
337	826	
337	827	
337	828	
338	829	
338	830	
338	831	
337	832	
337	833	
337	834	
337	835	
337	836	
337	837	
337	838	
337	839	
337	840	
337	841	
337	842	
337	843	
337	844	
337	845	
341	846	
341	847	
337	848	
337	849	
337	850	
337	851	
337	852	
337	853	
337	854	
337	855	
337	856	
337	857	
337	858	
339	859	
337	860	
337	861	
337	862	
337	863	
337	864	
338	865	
338	866	
337	867	
337	868	
337	869	
337	870	
337	871	
339	872	
339	873	
339	874	
337	875	
337	876	
337	877	
337	878	
337	879	
337	880	
341	881	
341	882	
337	883	
337	884	
337	885	
337	886	
337	887	
337	888	
337	889	
337	890	
337	891	
337	892	
337	893	
339	894	
339	895	
339	896	
339	897	
339	898	
339	899	
339	900	
337	901	
337	902	
335	903	
335	904	
335	905	
339	906	
337	907	
337	908	
335	909	
335	910	
335	911	
335	912	
335	913	
335	914	
347	1025	
357	1086	
357	1087	
359	1092	
357	1093	
