189	508	
189	509	
189	510	
189	511	
187	512	
187	513	
187	514	
191	515	
191	516	
191	517	
190	518	
191	518	
190	519	
189	520	
189	521	
191	522	
191	523	
192	524	
192	525	
192	526	
189	527	
190	528	
193	529	
193	530	
193	531	
193	532	
193	533	
193	534	
192	535	
192	536	
193	537	
193	538	
193	539	
191	540	
191	541	
191	542	
192	543	
193	544	
193	545	
192	546	
192	547	
192	548	
191	549	
191	550	
192	551	
192	552	
191	553	
190	554	
190	555	
190	556	
190	557	
187	558	
187	559	
187	560	
187	561	
187	562	
188	563	
187	564	
186	565	
187	566	
187	567	
187	568	
185	569	
185	571	
185	572	
185	573	
185	574	
185	575	
187	576	
187	577	
185	578	
187	579	
187	580	
187	581	
187	582	
187	583	
191	588	
193	589	
193	590	
195	592	
195	593	
195	594	
191	595	
191	596	
193	597	
193	598	
193	599	
195	600	
195	601	
195	602	
195	603	
195	604	
195	605	
194	606	
195	607	
193	608	
193	609	
194	609	
193	610	
193	611	
192	612	
193	612	
192	613	
192	614	
193	614	
194	614	
193	615	
192	616	
192	617	
191	618	
191	619	
191	620	
191	621	
192	621	
192	622	
192	623	
193	624	
195	625	
195	626	
195	627	
191	628	
191	629	
191	630	
192	631	
193	632	
194	633	
194	634	
194	635	
193	636	
192	637	
192	638	
195	639	
195	640	
195	641	
195	642	
195	643	
195	644	
195	645	
195	646	
195	647	
195	648	
195	649	
195	650	
191	651	
191	652	
191	653	
191	654	
191	655	
191	656	
191	657	
192	658	
192	659	
192	660	
192	661	
192	662	
190	663	
189	664	
189	665	
191	666	
189	667	
189	668	
189	669	
189	670	
190	671	
190	672	
190	673	
190	674	
191	674	
191	675	
191	676	
188	677	
187	678	
188	678	
188	679	
190	680	
188	681	
188	682	
188	683	
188	684	
188	685	
188	686	
188	687	
189	687	
188	688	
186	689	
185	690	
188	691	
187	692	
187	693	
183	699	
183	700	
185	701	
185	702	
185	703	
103	747	
103	748	
193	1089	
