331	285	
332	285	
331	286	
331	287	
329	288	
329	289	
330	290	
331	291	
331	292	
330	293	
330	294	
330	295	
331	296	
330	297	
330	298	
330	299	
330	300	
330	301	
330	302	
330	303	
330	304	
330	305	
330	306	
330	307	
330	308	
329	309	
329	310	
329	311	
329	312	
329	313	
329	314	
328	315	
329	316	
329	317	
328	318	
328	319	
327	320	
327	321	
327	322	
327	323	
327	324	
327	325	
327	326	
327	327	
327	328	
327	329	
329	330	
329	331	
329	332	
331	333	
330	334	
329	335	
329	336	
330	336	
330	337	
329	338	
329	339	
329	340	
331	341	
331	342	
331	343	
329	344	
329	345	
329	346	
330	347	
330	348	
330	349	
329	350	
329	351	
331	352	
331	353	
331	354	
333	355	
331	356	
331	357	
331	358	
331	359	
332	360	
331	361	
331	362	
331	363	
331	364	
332	365	
332	366	
332	367	
333	368	
332	369	
333	370	
333	371	
333	372	
341	375	
341	376	
341	377	
345	378	
345	379	
345	380	
343	381	
343	382	
343	383	
344	383	
343	384	
343	385	
343	386	
343	387	
343	388	
345	389	
345	390	
344	391	
344	392	
345	393	
345	394	
344	395	
345	396	
345	397	
345	398	
345	399	
345	400	
345	401	
345	402	
347	403	
347	404	
346	405	
346	406	
345	407	
346	407	
346	408	
346	409	
347	410	
347	411	
347	412	
345	413	
347	414	
347	415	
347	416	
344	417	
344	418	
344	419	
346	420	
346	421	
346	422	
345	423	
346	424	
346	425	
343	426	
344	427	
344	428	
343	429	
344	430	
344	431	
343	432	
343	433	
344	434	
344	435	
342	436	
342	437	
342	438	
342	439	
342	440	
342	441	
341	442	
342	442	
342	443	
342	444	
341	445	
341	446	
342	446	
342	447	
342	448	
342	449	
341	450	
342	451	
342	452	
341	453	
342	454	
342	455	
342	456	
342	457	
342	458	
342	459	
342	460	
342	461	
341	462	
342	463	
342	464	
342	465	
342	466	
341	467	
341	468	
341	469	
341	470	
341	471	
341	472	
342	473	
342	474	
343	475	
343	476	
343	477	
340	478	
340	479	
340	480	
342	481	
342	482	
342	483	
342	484	
342	485	
342	486	
342	487	
342	488	
341	489	
342	490	
342	491	
341	492	
341	493	
342	493	
342	494	
342	495	
342	496	
341	497	
342	497	
342	498	
341	499	
342	499	
342	500	
342	501	
342	502	
342	503	
342	504	
341	505	
341	506	
341	507	
341	508	
341	509	
341	510	
342	510	
341	511	
340	512	
341	513	
340	514	
339	515	
339	516	
339	517	
339	518	
339	519	
339	520	
340	520	
340	521	
340	522	
341	523	
342	524	
341	525	
341	526	
341	527	
341	528	
341	529	
341	530	
341	531	
341	532	
341	533	
342	534	
343	535	
343	536	
343	537	
343	538	
343	539	
343	540	
343	541	
343	542	
343	543	
343	544	
345	545	
345	546	
345	547	
347	548	
347	549	
346	550	
347	550	
346	551	
346	552	
346	553	
345	554	
346	555	
347	556	
347	557	
347	558	
347	559	
345	560	
346	561	
346	562	
347	563	
347	564	
347	565	
348	566	
348	567	
348	568	
348	569	
347	570	
350	571	
349	572	
349	573	
349	574	
351	575	
352	576	
351	577	
351	578	
352	579	
351	580	
352	581	
352	582	
353	582	
353	583	
355	584	
352	585	
352	586	
351	587	
352	588	
352	589	
352	590	
353	591	
353	592	
354	592	
353	593	
354	593	
353	594	
354	595	
353	596	
353	597	
353	598	
354	598	
353	599	
354	600	
354	601	
353	602	
356	603	
355	604	
355	605	
354	606	
354	607	
354	608	
355	609	
355	610	
355	611	
355	612	
355	613	
356	613	
357	614	
357	615	
357	616	
357	617	
356	618	
356	619	
356	620	
356	621	
359	622	
355	623	
355	624	
356	625	
356	626	
357	627	
355	628	
356	629	
356	630	
357	631	
356	632	
356	633	
356	634	
356	635	
355	636	
355	637	
357	638	
357	639	
357	640	
357	641	
357	642	
358	643	
358	644	
357	645	
356	646	
358	647	
357	648	
357	649	
357	650	
358	651	
357	652	
357	653	
356	654	
358	655	
356	656	
355	657	
355	658	
357	659	
356	660	
355	661	
355	662	
355	663	
355	664	
357	665	
355	666	
356	667	
355	668	
356	669	
355	670	
356	671	
356	672	
355	673	
356	674	
356	675	
355	676	
353	677	
354	677	
354	678	
355	679	
355	680	
356	680	
356	681	
356	682	
356	683	
355	684	
357	685	
356	686	
357	687	
357	688	
357	689	
356	690	
355	691	
354	692	
354	693	
355	694	
354	695	
353	696	
353	697	
353	698	
353	699	
353	700	
353	701	
352	702	
352	703	
352	704	
352	705	
352	706	
352	707	
352	708	
352	709	
353	709	
352	710	
351	711	
353	711	
353	712	
353	713	
352	714	
354	715	
351	716	
352	717	
352	718	
351	719	
352	720	
351	721	
352	722	
352	723	
351	724	
352	724	
351	725	
352	726	
354	727	
351	728	
351	729	
355	729	
351	730	
351	731	
354	732	
355	733	
355	734	
354	735	
354	736	
354	737	
355	738	
352	739	
354	739	
351	740	
352	740	
351	741	
351	742	
351	743	
351	744	
352	745	
352	746	
354	747	
354	748	
354	749	
352	750	
351	751	
351	752	
351	753	
351	754	
355	755	
351	756	
351	757	
351	758	
351	759	
351	760	
351	761	
351	762	
351	763	
351	764	
351	765	
351	766	
350	767	
350	768	
353	769	
351	770	
351	771	
351	772	
351	773	
351	774	
352	775	
352	776	
351	777	
351	778	
350	779	
350	780	
349	781	
352	782	
352	783	
351	784	
349	785	
350	785	
349	786	
349	787	
349	788	
349	789	
349	790	
351	791	
351	792	
347	793	
347	794	
347	795	
348	795	
347	796	
350	797	
351	798	
347	799	
347	800	
347	801	
347	802	
349	803	
349	804	
345	805	
345	806	
347	807	
346	808	
345	809	
345	810	
343	811	
343	812	
343	813	
344	814	
343	815	
343	816	
341	817	
341	818	
341	819	
341	820	
343	821	
343	822	
343	823	
343	824	
339	825	
339	826	
339	827	
339	828	
339	829	
339	830	
339	831	
339	832	
339	833	
339	834	
339	835	
339	836	
339	837	
339	838	
339	839	
339	840	
339	841	
339	842	
341	843	
343	844	
339	845	
339	846	
339	847	
340	848	
341	849	
342	850	
340	851	
339	852	
339	853	
339	854	
339	855	
339	856	
339	857	
339	858	
339	859	
339	860	
339	861	
339	862	
339	863	
339	864	
339	865	
339	866	
339	867	
339	868	
339	869	
339	870	
341	871	
341	872	
339	873	
339	874	
341	875	
342	876	
339	877	
339	878	
343	879	
342	880	
339	881	
339	882	
341	883	
342	884	
339	885	
339	886	
339	887	
341	888	
341	889	
341	890	
339	891	
339	892	
339	893	
341	894	
337	895	
337	896	
337	897	
341	900	
341	901	
341	902	
337	903	
337	904	
339	905	
339	906	
337	907	
337	908	
337	909	
337	910	
337	911	
337	913	
351	1023	
351	1024	
351	1025	
355	1065	
355	1066	
