334	282	
333	283	
333	284	
333	285	
335	286	
335	287	
334	288	
333	289	
334	289	
333	290	
334	291	
334	292	
333	293	
334	293	
334	294	
334	295	
334	296	
333	297	
334	297	
333	298	
333	299	
333	300	
334	301	
333	302	
333	303	
333	304	
333	305	
334	306	
333	307	
333	308	
332	309	
332	310	
332	311	
332	312	
332	313	
332	314	
331	315	
331	316	
331	317	
331	318	
330	319	
331	320	
331	321	
332	322	
333	323	
333	324	
331	325	
331	326	
331	327	
331	328	
332	329	
333	330	
333	331	
333	332	
334	333	
333	334	
333	335	
334	336	
334	337	
333	338	
333	339	
334	340	
334	341	
334	342	
334	343	
334	344	
333	345	
333	346	
333	347	
333	348	
334	349	
335	350	
335	351	
335	352	
333	355	
334	356	
335	357	
335	358	
335	360	
335	361	
335	362	
335	363	
336	364	
337	365	
337	366	
335	367	
336	368	
335	369	
335	370	
345	374	
347	375	
347	376	
347	377	
346	378	
349	379	
349	380	
347	381	
348	381	
347	382	
347	383	
348	384	
348	385	
347	386	
348	387	
348	388	
349	389	
349	390	
349	391	
349	392	
349	393	
350	394	
351	395	
351	396	
349	397	
349	398	
350	399	
349	400	
349	401	
349	402	
349	403	
349	404	
349	405	
349	406	
350	407	
350	408	
350	409	
350	410	
350	411	
350	412	
350	413	
350	414	
350	415	
350	416	
348	417	
348	418	
349	419	
349	420	
348	421	
348	422	
348	423	
347	424	
347	425	
347	426	
348	427	
348	428	
347	429	
347	430	
347	431	
347	432	
348	433	
348	434	
346	435	
347	435	
346	436	
345	437	
346	438	
346	439	
346	440	
346	441	
346	442	
346	443	
345	444	
345	445	
345	446	
345	447	
345	448	
345	449	
345	450	
345	451	
345	452	
345	453	
345	454	
346	455	
345	456	
346	456	
345	457	
345	458	
345	459	
345	460	
346	461	
346	462	
346	463	
346	464	
345	465	
345	466	
346	467	
346	468	
346	469	
346	470	
345	471	
345	472	
345	473	
345	474	
345	475	
345	476	
346	477	
346	478	
346	479	
346	480	
346	481	
345	482	
346	483	
345	484	
346	485	
346	486	
347	487	
347	488	
347	489	
348	490	
347	491	
346	492	
345	493	
346	494	
346	495	
346	496	
346	497	
346	498	
346	499	
346	500	
347	500	
346	501	
345	502	
345	503	
347	504	
346	505	
345	506	
346	506	
345	507	
345	508	
344	509	
344	510	
345	511	
345	512	
345	513	
346	514	
344	515	
344	516	
343	517	
343	518	
344	518	
345	519	
343	520	
344	521	
344	522	
343	523	
343	524	
346	524	
345	525	
345	526	
346	526	
345	527	
346	528	
346	529	
345	530	
345	531	
345	532	
345	533	
345	534	
345	535	
345	536	
345	537	
347	538	
347	539	
347	540	
347	541	
347	542	
349	543	
348	544	
349	544	
348	545	
349	546	
348	547	
350	547	
348	548	
349	549	
348	550	
347	551	
348	552	
348	553	
348	554	
349	555	
349	556	
352	557	
351	558	
351	559	
351	560	
351	561	
352	562	
351	563	
351	564	
353	565	
353	566	
353	567	
354	568	
354	569	
355	569	
355	570	
353	571	
353	572	
357	573	
357	574	
357	575	
354	576	
355	576	
356	577	
357	577	
356	578	
356	579	
356	580	
357	581	
356	582	
356	583	
356	584	
356	585	
357	586	
357	587	
357	588	
357	589	
358	590	
356	591	
355	592	
357	593	
357	594	
358	594	
357	595	
358	596	
358	597	
358	598	
358	599	
357	600	
357	601	
357	602	
357	603	
357	604	
358	605	
357	606	
360	607	
359	608	
359	609	
361	610	
360	611	
359	612	
360	612	
360	613	
360	614	
361	615	
362	616	
362	617	
360	618	
360	619	
361	620	
360	621	
360	622	
361	623	
360	624	
360	625	
359	626	
359	627	
359	628	
359	629	
360	629	
359	630	
360	631	
360	632	
362	633	
362	634	
360	635	
360	636	
360	637	
360	638	
360	639	
360	640	
359	641	
360	642	
359	643	
359	644	
359	645	
361	646	
360	647	
360	648	
359	649	
360	649	
362	650	
360	651	
362	652	
362	653	
360	654	
363	654	
362	655	
362	656	
359	657	
362	657	
359	658	
359	659	
359	660	
359	661	
360	662	
360	663	
360	664	
360	665	
360	666	
361	666	
361	667	
361	668	
361	669	
360	670	
360	671	
360	672	
360	673	
360	674	
360	675	
359	676	
359	677	
359	678	
360	679	
359	680	
359	681	
360	681	
360	682	
360	683	
360	684	
360	685	
360	686	
359	687	
359	688	
360	689	
360	690	
357	691	
357	692	
356	693	
356	694	
359	695	
358	696	
358	697	
357	698	
357	699	
357	700	
358	701	
359	702	
359	703	
358	704	
359	705	
359	706	
357	707	
359	707	
358	708	
358	709	
357	710	
357	711	
357	712	
357	713	
357	714	
359	715	
355	716	
359	716	
355	717	
356	718	
355	719	
358	720	
358	721	
359	722	
355	723	
358	723	
355	724	
356	724	
355	725	
355	726	
355	727	
355	728	
354	729	
354	730	
356	731	
355	732	
355	733	
357	734	
356	735	
356	736	
356	737	
355	738	
355	739	
356	739	
357	740	
355	741	
355	742	
355	743	
354	744	
355	745	
355	746	
355	747	
355	748	
355	749	
355	750	
355	751	
355	752	
355	753	
355	754	
355	755	
355	756	
355	757	
355	758	
355	759	
355	760	
355	761	
356	762	
355	763	
356	763	
355	764	
355	765	
355	766	
355	767	
355	768	
356	769	
355	770	
355	771	
354	772	
355	773	
355	774	
354	775	
353	776	
353	777	
354	778	
354	779	
354	780	
354	781	
353	782	
353	783	
353	784	
353	785	
353	786	
353	787	
353	788	
353	789	
353	790	
353	791	
352	792	
356	792	
352	793	
353	794	
352	795	
352	796	
352	797	
351	798	
354	799	
354	800	
353	801	
353	802	
350	803	
349	804	
349	805	
349	806	
349	807	
349	808	
349	809	
351	810	
351	811	
351	812	
347	813	
347	814	
347	815	
347	816	
347	817	
345	818	
345	819	
345	820	
345	821	
345	822	
345	823	
347	824	
343	825	
343	826	
345	827	
345	828	
344	829	
343	830	
342	831	
342	832	
344	833	
344	834	
345	835	
345	836	
343	837	
343	838	
343	839	
343	840	
343	841	
343	842	
343	843	
345	844	
344	845	
343	846	
343	847	
343	848	
345	849	
345	850	
345	851	
345	852	
344	853	
343	854	
343	855	
343	856	
343	857	
342	858	
343	859	
343	860	
342	861	
342	862	
343	863	
345	864	
341	865	
342	866	
345	867	
345	868	
345	869	
343	870	
343	871	
343	872	
343	873	
343	874	
345	875	
345	876	
341	877	
341	878	
341	879	
341	880	
345	881	
341	882	
341	883	
341	884	
341	885	
341	886	
341	887	
343	888	
343	889	
343	890	
341	891	
341	892	
341	893	
343	894	
343	895	
343	896	
340	897	
341	898	
340	900	
339	901	
343	902	
343	903	
343	904	
343	905	
339	906	
339	907	
339	908	
339	909	
339	910	
339	911	
339	912	
339	913	
345	981	
353	1023	
357	1027	
363	1085	
363	1086	
363	1087	
363	1090	
363	1091	
365	1092	
365	1093	
