337	282	
337	283	
337	284	
337	285	
339	286	
339	287	
337	288	
337	289	
338	290	
338	291	
339	292	
339	293	
338	294	
338	295	
338	296	
337	297	
337	298	
338	299	
338	300	
337	301	
337	302	
337	303	
337	304	
337	305	
337	306	
337	307	
337	308	
337	309	
337	310	
337	311	
335	312	
336	313	
337	314	
336	315	
336	316	
335	317	
335	318	
335	319	
335	320	
336	321	
337	322	
336	323	
337	324	
337	325	
335	326	
335	327	
337	328	
337	329	
337	330	
337	331	
337	332	
337	333	
337	334	
337	335	
339	336	
339	337	
337	338	
337	339	
338	340	
338	341	
337	342	
337	343	
338	344	
339	345	
339	346	
339	347	
339	348	
338	349	
339	350	
339	351	
339	352	
337	353	
339	354	
339	355	
339	356	
339	363	
339	364	
339	365	
339	366	
339	367	
339	368	
339	369	
339	370	
349	371	
349	374	
349	375	
349	376	
351	377	
351	378	
351	379	
351	380	
351	381	
351	382	
351	383	
351	384	
352	385	
352	386	
353	387	
353	388	
353	389	
353	390	
353	391	
353	392	
354	393	
353	394	
354	394	
353	395	
354	396	
354	397	
354	398	
355	399	
354	400	
354	401	
353	402	
354	403	
353	404	
353	405	
353	406	
353	407	
354	407	
354	408	
354	409	
354	410	
354	411	
354	412	
353	413	
353	414	
354	415	
353	416	
353	417	
353	418	
353	419	
352	420	
352	421	
352	422	
352	423	
352	424	
352	425	
352	426	
351	427	
352	427	
352	428	
353	429	
353	430	
351	431	
352	432	
352	433	
353	433	
352	434	
350	435	
350	436	
351	437	
349	438	
349	439	
349	440	
349	441	
349	442	
349	443	
349	444	
349	445	
349	446	
349	447	
350	448	
350	449	
350	450	
350	451	
349	452	
349	453	
349	454	
349	455	
349	456	
349	457	
350	458	
350	459	
349	460	
350	460	
350	461	
350	462	
349	463	
350	464	
350	465	
349	466	
350	466	
349	467	
349	468	
349	469	
350	470	
350	471	
351	471	
350	472	
349	473	
349	474	
350	475	
349	476	
349	477	
348	478	
349	479	
349	480	
350	481	
350	482	
350	483	
350	484	
349	485	
350	486	
350	487	
350	488	
350	489	
349	490	
350	490	
349	491	
349	492	
349	493	
350	494	
350	495	
349	496	
350	496	
350	497	
350	498	
349	499	
350	500	
349	501	
349	502	
349	503	
350	504	
350	505	
350	506	
350	507	
350	508	
350	509	
350	510	
348	511	
348	512	
348	513	
347	514	
348	514	
347	515	
347	516	
348	517	
348	518	
347	519	
348	520	
348	521	
348	522	
348	523	
349	524	
349	525	
350	526	
351	527	
351	528	
349	529	
351	529	
349	530	
350	530	
349	531	
349	532	
350	533	
350	534	
349	535	
349	536	
352	537	
349	538	
353	538	
350	539	
351	540	
351	541	
351	542	
351	543	
351	544	
352	545	
351	546	
351	547	
351	548	
352	548	
355	549	
355	550	
353	551	
353	552	
353	553	
356	554	
353	555	
357	555	
353	556	
355	557	
355	558	
355	559	
355	560	
359	561	
359	562	
359	563	
357	564	
358	565	
357	566	
358	566	
357	567	
357	568	
359	569	
359	570	
358	571	
357	572	
360	573	
360	574	
359	575	
359	576	
360	577	
359	578	
360	579	
360	580	
359	581	
359	582	
359	583	
360	583	
360	584	
361	585	
361	586	
362	587	
360	588	
360	589	
362	590	
362	591	
363	592	
360	593	
360	594	
361	595	
361	596	
361	597	
361	598	
361	599	
361	600	
362	601	
363	601	
363	602	
365	603	
365	604	
365	605	
364	606	
362	607	
361	608	
362	608	
364	608	
364	609	
362	610	
364	610	
365	610	
365	611	
365	612	
364	613	
364	614	
364	615	
364	616	
363	617	
363	618	
363	619	
364	620	
364	621	
365	621	
364	622	
364	623	
365	624	
364	625	
363	626	
363	627	
363	628	
363	629	
363	630	
363	631	
364	632	
364	633	
364	634	
364	635	
365	635	
364	636	
364	637	
363	638	
363	639	
365	640	
363	641	
364	642	
365	643	
363	644	
363	645	
362	646	
363	647	
363	648	
363	649	
363	650	
364	651	
365	651	
363	652	
364	653	
364	654	
365	655	
365	656	
365	657	
364	658	
365	658	
365	659	
367	660	
366	661	
366	662	
365	663	
363	664	
364	665	
363	666	
363	667	
363	668	
364	668	
363	669	
364	670	
364	671	
365	671	
363	672	
363	673	
364	674	
363	675	
364	676	
364	677	
363	678	
364	679	
363	680	
363	681	
363	682	
363	683	
363	684	
363	685	
363	686	
363	687	
362	688	
362	689	
362	690	
362	691	
362	692	
361	693	
361	694	
361	695	
360	696	
361	697	
362	698	
362	699	
361	700	
362	701	
361	702	
362	702	
361	703	
362	704	
361	705	
362	706	
362	707	
361	708	
361	709	
361	710	
360	711	
360	712	
359	713	
359	714	
362	715	
362	716	
362	717	
360	718	
359	719	
359	720	
360	721	
360	722	
359	723	
360	723	
361	724	
362	724	
361	725	
362	725	
361	726	
362	726	
362	727	
361	728	
362	728	
362	729	
361	730	
361	731	
360	732	
359	733	
361	733	
361	734	
360	735	
359	736	
359	737	
359	738	
360	739	
361	740	
361	741	
359	742	
360	743	
362	744	
362	745	
360	746	
362	746	
360	747	
359	748	
360	749	
359	750	
359	751	
359	752	
359	753	
359	754	
360	754	
360	755	
362	756	
360	757	
361	758	
361	759	
362	760	
362	761	
362	762	
363	763	
362	764	
360	765	
360	766	
359	767	
363	768	
363	769	
360	770	
360	771	
361	772	
361	773	
357	774	
361	774	
361	775	
358	776	
359	777	
359	778	
357	779	
357	780	
357	781	
357	782	
357	783	
357	784	
357	785	
357	786	
357	787	
357	788	
357	789	
357	790	
355	791	
355	792	
359	793	
356	794	
357	794	
355	795	
355	796	
355	797	
355	798	
355	799	
357	800	
357	801	
357	802	
357	803	
353	804	
353	805	
353	806	
353	807	
357	808	
356	809	
353	810	
353	811	
351	812	
351	813	
351	814	
355	815	
351	816	
349	817	
349	818	
349	819	
349	820	
349	821	
349	822	
347	823	
347	824	
347	825	
347	826	
347	827	
346	828	
345	829	
345	830	
345	831	
345	832	
349	833	
349	834	
345	835	
345	836	
345	837	
347	838	
347	839	
347	840	
347	841	
346	842	
345	843	
345	844	
345	845	
345	846	
346	847	
347	848	
345	849	
345	850	
345	851	
345	852	
345	853	
345	854	
345	855	
345	856	
345	857	
345	858	
345	859	
345	860	
345	861	
345	862	
345	863	
345	864	
345	865	
345	866	
347	867	
347	868	
345	869	
345	870	
345	871	
345	872	
344	873	
344	874	
345	875	
345	876	
347	877	
347	878	
347	879	
343	881	
343	882	
343	885	
343	886	
343	887	
343	888	
343	889	
343	890	
343	891	
343	892	
345	893	
345	894	
343	895	
343	896	
343	897	
345	898	
347	899	
347	900	
342	902	
341	905	
342	905	
345	907	
345	908	
345	909	
345	910	
351	1003	
359	1031	
363	1037	
369	1078	
369	1079	
367	1080	
371	1095	
371	1096	
