341	282	
341	283	
341	284	
343	285	
343	286	
343	287	
341	288	
341	289	
341	290	
341	291	
341	292	
341	293	
343	294	
343	295	
341	296	
341	297	
342	297	
341	298	
341	299	
341	300	
341	301	
341	302	
341	303	
341	304	
341	305	
342	306	
342	307	
341	308	
341	309	
341	310	
340	311	
340	312	
340	313	
339	314	
339	315	
340	316	
340	317	
340	318	
339	319	
339	320	
339	321	
339	322	
339	323	
339	324	
339	325	
340	326	
340	327	
339	328	
343	329	
341	330	
341	331	
341	332	
341	333	
341	334	
341	335	
341	336	
341	337	
342	338	
341	339	
341	340	
341	341	
342	342	
341	343	
341	344	
341	345	
343	346	
343	347	
343	348	
343	349	
343	350	
343	351	
343	352	
344	353	
344	354	
344	355	
344	356	
343	357	
343	358	
344	359	
343	360	
344	361	
343	362	
343	363	
343	364	
343	365	
343	366	
344	367	
344	368	
343	369	
343	370	
353	372	
353	373	
353	374	
353	375	
353	376	
355	377	
357	378	
357	379	
357	380	
356	381	
355	382	
355	383	
355	384	
356	385	
356	386	
358	387	
358	388	
358	389	
357	390	
357	391	
356	392	
355	393	
356	394	
357	395	
357	396	
359	397	
358	398	
358	399	
357	400	
357	401	
357	402	
358	403	
358	404	
357	405	
357	406	
357	407	
357	408	
357	409	
357	410	
357	411	
357	412	
358	413	
356	414	
356	415	
357	416	
357	417	
356	418	
357	419	
356	420	
356	421	
356	422	
356	423	
356	424	
356	425	
356	426	
356	427	
355	428	
354	429	
354	430	
353	431	
353	432	
354	433	
353	434	
353	435	
353	436	
355	437	
355	438	
355	439	
353	440	
354	440	
353	441	
354	441	
354	442	
355	443	
355	444	
354	445	
352	446	
352	447	
352	448	
353	449	
354	450	
354	451	
353	452	
353	453	
353	454	
353	455	
354	456	
354	457	
355	457	
354	458	
355	458	
354	459	
355	459	
354	460	
354	461	
353	462	
355	463	
354	464	
354	465	
353	466	
353	467	
354	467	
353	468	
353	469	
353	470	
353	471	
353	472	
355	472	
355	473	
355	474	
355	475	
352	476	
353	477	
353	478	
354	479	
354	480	
353	481	
354	481	
353	482	
354	482	
354	483	
354	484	
355	485	
354	486	
355	486	
354	487	
354	488	
355	489	
355	490	
354	491	
354	492	
355	493	
353	494	
354	495	
354	496	
353	497	
353	498	
353	499	
353	500	
353	501	
354	502	
354	503	
353	504	
353	505	
354	506	
353	507	
352	508	
352	509	
352	510	
353	511	
353	512	
352	513	
351	514	
351	515	
353	516	
352	517	
352	518	
351	519	
351	520	
351	521	
351	522	
351	523	
352	524	
352	525	
353	526	
353	527	
353	528	
354	529	
354	530	
353	531	
354	532	
353	533	
357	534	
357	535	
357	536	
355	537	
355	538	
355	539	
357	540	
357	541	
358	542	
357	543	
357	544	
357	545	
357	546	
357	547	
357	548	
357	549	
357	550	
359	551	
359	552	
357	553	
358	554	
361	555	
359	556	
359	557	
359	558	
359	559	
359	560	
360	561	
359	562	
363	563	
363	564	
361	565	
361	566	
363	567	
363	568	
362	569	
361	570	
361	571	
361	572	
361	573	
361	574	
361	575	
361	576	
365	576	
361	577	
361	578	
363	578	
363	579	
363	580	
364	581	
364	582	
363	583	
363	584	
364	585	
363	586	
363	587	
366	588	
365	589	
365	590	
365	591	
366	592	
365	593	
365	594	
365	595	
365	596	
365	597	
365	598	
365	599	
366	600	
365	601	
366	601	
365	602	
365	603	
365	604	
365	605	
366	605	
365	606	
366	606	
365	607	
366	607	
366	608	
366	609	
368	610	
368	611	
367	612	
368	613	
368	614	
367	615	
368	616	
367	617	
368	617	
367	618	
368	619	
368	620	
366	621	
367	622	
369	623	
368	624	
368	625	
367	626	
368	627	
367	628	
367	629	
367	630	
366	631	
369	632	
369	633	
369	634	
368	635	
369	636	
369	637	
368	638	
369	639	
368	640	
368	641	
367	642	
367	643	
367	644	
370	645	
368	646	
367	647	
368	648	
368	649	
369	650	
368	651	
367	652	
367	653	
368	654	
367	655	
368	655	
368	656	
368	657	
367	658	
371	658	
370	659	
368	660	
369	661	
368	662	
368	663	
367	664	
368	664	
367	665	
368	666	
367	667	
370	668	
367	669	
366	670	
369	671	
369	672	
370	673	
369	674	
369	675	
367	676	
368	677	
369	677	
369	678	
368	679	
367	680	
367	681	
368	682	
367	683	
369	684	
369	685	
369	686	
370	686	
369	687	
366	688	
366	689	
365	690	
366	690	
367	691	
367	692	
367	693	
364	694	
364	695	
363	696	
363	697	
364	698	
363	699	
363	700	
364	701	
365	701	
364	702	
366	703	
365	704	
365	705	
365	706	
364	707	
365	708	
364	709	
365	709	
365	710	
365	711	
364	712	
365	713	
364	714	
365	715	
364	716	
366	717	
366	718	
367	719	
363	720	
363	721	
363	722	
363	723	
364	723	
364	724	
363	725	
363	726	
364	727	
363	728	
366	728	
364	729	
364	730	
364	731	
364	732	
365	733	
363	734	
363	735	
362	736	
364	736	
363	737	
363	738	
363	739	
363	740	
363	741	
363	742	
365	743	
364	744	
364	745	
364	746	
363	747	
364	748	
364	749	
364	750	
365	750	
364	751	
364	752	
363	753	
363	754	
363	755	
363	756	
363	757	
363	758	
363	759	
363	760	
365	761	
365	762	
365	763	
365	764	
365	765	
363	766	
363	767	
364	768	
363	769	
363	770	
363	771	
361	772	
365	773	
365	774	
365	775	
365	776	
361	777	
361	778	
361	779	
361	780	
362	780	
362	781	
361	782	
361	783	
361	784	
361	785	
361	786	
361	787	
361	788	
361	789	
359	790	
360	791	
361	792	
360	793	
359	794	
359	795	
359	796	
359	797	
359	798	
359	799	
359	800	
358	801	
358	802	
359	803	
359	804	
357	805	
357	806	
357	807	
357	808	
357	809	
357	810	
357	811	
355	812	
355	813	
355	814	
358	815	
357	816	
353	817	
353	818	
353	819	
353	820	
353	821	
353	822	
353	823	
353	824	
351	825	
350	826	
350	827	
349	828	
353	829	
353	830	
353	831	
349	832	
349	833	
349	834	
349	835	
349	836	
349	837	
349	838	
349	839	
349	840	
349	841	
349	842	
351	843	
351	844	
349	845	
349	846	
349	847	
349	848	
349	849	
349	850	
351	851	
351	852	
351	853	
349	854	
349	855	
349	856	
351	857	
351	858	
347	859	
347	860	
347	861	
347	862	
347	863	
347	864	
347	865	
347	866	
347	867	
347	868	
347	869	
347	870	
348	871	
351	872	
347	874	
347	875	
347	876	
349	877	
349	878	
347	879	
347	880	
347	881	
347	882	
347	883	
347	884	
349	885	
349	886	
349	887	
349	888	
345	889	
345	890	
345	891	
345	892	
347	893	
347	894	
345	895	
345	896	
345	897	
345	898	
345	899	
345	900	
345	901	
347	902	
345	903	
345	904	
345	905	
347	906	
347	907	
347	908	
349	965	
347	966	
347	967	
373	1078	
373	1079	
369	1080	
369	1081	
373	1083	
373	1084	
373	1085	
371	1086	
371	1087	
371	1096	
371	1097	
371	1098	
371	1099	
373	1100	
373	1101	
371	1102	
371	1103	
369	1142	
