342	283	
342	284	
343	285	
344	286	
342	287	
343	288	
343	289	
344	290	
343	291	
343	292	
343	293	
343	294	
343	295	
343	296	
343	297	
342	298	
343	299	
343	300	
343	301	
342	302	
342	303	
342	304	
342	305	
341	306	
342	306	
341	307	
341	308	
341	309	
341	310	
341	311	
341	312	
342	312	
342	313	
341	314	
341	315	
341	316	
341	317	
339	318	
341	318	
339	319	
339	320	
339	321	
341	322	
341	323	
341	324	
341	325	
342	325	
341	326	
341	327	
342	328	
343	329	
341	330	
341	331	
342	332	
342	333	
342	334	
343	335	
342	336	
343	336	
343	337	
343	338	
343	339	
343	340	
343	341	
343	342	
343	343	
343	344	
343	345	
343	346	
343	347	
343	348	
344	349	
344	350	
345	350	
344	351	
344	352	
344	353	
344	354	
344	355	
344	356	
344	357	
343	358	
343	359	
343	360	
345	361	
345	362	
345	363	
344	364	
345	365	
345	366	
345	367	
345	368	
345	369	
345	370	
345	371	
345	372	
355	373	
355	374	
357	375	
355	376	
355	377	
355	378	
355	379	
355	380	
356	381	
356	382	
359	383	
359	384	
359	385	
357	386	
357	387	
357	388	
358	389	
358	390	
358	391	
358	392	
358	393	
358	394	
358	395	
358	396	
358	397	
358	398	
358	399	
358	400	
357	401	
357	402	
358	403	
359	404	
358	405	
358	406	
357	407	
357	408	
357	409	
358	410	
358	411	
359	412	
358	413	
358	414	
357	415	
358	416	
358	417	
358	418	
357	419	
357	420	
357	421	
358	421	
357	422	
357	423	
356	424	
356	425	
357	425	
357	426	
356	427	
356	428	
356	429	
356	430	
356	431	
355	432	
355	433	
355	434	
356	435	
357	436	
354	437	
353	438	
355	439	
355	440	
355	441	
355	442	
354	443	
354	444	
355	445	
355	446	
354	447	
354	448	
354	449	
354	450	
354	451	
354	452	
354	453	
354	454	
354	455	
353	456	
353	457	
353	458	
353	459	
353	460	
354	460	
353	461	
354	462	
354	463	
353	464	
354	465	
354	466	
354	467	
355	468	
354	469	
353	470	
354	470	
355	471	
354	472	
354	473	
354	474	
353	475	
355	475	
354	476	
355	477	
354	478	
353	479	
353	480	
353	481	
353	482	
354	483	
354	484	
354	485	
354	486	
354	487	
354	488	
354	489	
354	490	
354	491	
353	492	
354	492	
355	493	
354	494	
354	495	
354	496	
353	497	
354	498	
354	499	
355	499	
354	500	
354	501	
355	502	
353	503	
355	503	
354	504	
355	505	
354	506	
354	507	
354	508	
354	509	
354	510	
355	511	
353	512	
352	513	
353	514	
353	515	
354	516	
353	517	
353	518	
352	519	
352	520	
353	521	
353	522	
353	523	
353	524	
353	525	
353	526	
355	527	
355	528	
355	529	
355	530	
354	531	
357	532	
357	533	
357	534	
357	535	
357	536	
357	537	
357	538	
357	539	
358	540	
357	541	
357	542	
357	543	
357	544	
357	545	
357	546	
358	547	
359	548	
361	549	
361	550	
359	551	
359	552	
359	553	
359	554	
361	555	
359	556	
363	557	
363	558	
360	559	
360	560	
360	561	
361	562	
361	563	
362	564	
361	565	
361	566	
361	567	
361	568	
363	569	
364	570	
363	571	
363	572	
362	573	
362	574	
365	575	
363	576	
363	577	
363	578	
363	579	
363	580	
363	581	
363	582	
363	583	
363	584	
364	585	
365	586	
365	587	
365	588	
366	588	
365	589	
366	590	
367	591	
367	592	
365	593	
365	594	
365	595	
365	596	
369	597	
368	598	
366	599	
368	600	
367	601	
367	602	
368	602	
369	603	
369	604	
368	605	
368	606	
368	607	
368	608	
368	609	
368	610	
367	611	
367	612	
367	613	
368	614	
368	615	
367	616	
367	617	
367	618	
367	619	
367	620	
369	621	
369	622	
367	623	
367	624	
367	625	
368	626	
368	627	
368	628	
370	628	
370	629	
368	630	
370	631	
369	632	
370	632	
367	633	
369	633	
367	634	
368	634	
368	635	
369	635	
368	636	
369	636	
368	637	
368	638	
370	639	
370	640	
370	641	
369	642	
369	643	
369	644	
369	645	
368	646	
369	647	
369	648	
369	649	
369	650	
369	651	
369	652	
369	653	
369	654	
369	655	
370	656	
371	657	
371	658	
370	659	
371	660	
367	661	
369	662	
369	663	
368	664	
369	665	
369	666	
367	667	
367	668	
371	669	
371	670	
368	671	
366	672	
366	673	
367	673	
367	674	
367	675	
367	676	
367	677	
368	678	
368	679	
368	680	
367	681	
367	682	
368	683	
368	684	
367	685	
368	686	
368	687	
368	688	
369	689	
369	690	
365	691	
365	692	
368	693	
368	694	
366	695	
365	696	
365	697	
365	698	
365	699	
365	700	
366	701	
366	702	
366	703	
365	704	
366	705	
367	706	
366	707	
366	708	
368	709	
367	710	
367	711	
365	712	
365	713	
366	713	
365	714	
366	715	
365	716	
364	717	
366	718	
366	719	
365	720	
365	721	
366	721	
365	722	
365	723	
365	724	
365	725	
364	726	
364	727	
365	728	
364	729	
365	730	
365	731	
365	732	
366	733	
365	734	
365	735	
365	736	
365	737	
365	738	
363	739	
364	740	
364	741	
365	742	
365	743	
365	744	
365	745	
366	745	
367	745	
367	746	
367	747	
367	748	
366	749	
366	750	
365	751	
367	751	
367	752	
367	753	
367	754	
367	755	
365	756	
364	757	
366	758	
367	759	
367	760	
367	761	
364	762	
365	762	
364	763	
363	764	
363	765	
363	766	
366	766	
363	767	
363	768	
365	768	
363	769	
366	770	
366	771	
363	772	
363	773	
364	774	
364	775	
363	776	
363	777	
363	778	
365	779	
365	780	
363	781	
361	782	
361	783	
361	784	
361	785	
362	785	
364	786	
364	787	
364	788	
361	789	
361	790	
361	791	
361	792	
361	793	
361	794	
359	795	
359	796	
359	797	
363	798	
360	799	
359	800	
359	801	
359	802	
359	803	
359	804	
359	805	
359	806	
359	807	
357	808	
357	809	
357	810	
357	811	
361	812	
361	813	
355	814	
355	815	
355	816	
356	817	
357	818	
353	819	
353	820	
353	821	
353	822	
353	823	
354	824	
355	825	
355	826	
353	827	
353	828	
351	829	
351	830	
349	831	
349	832	
353	833	
353	834	
349	835	
349	836	
349	837	
349	838	
349	839	
349	840	
349	841	
349	842	
349	843	
349	844	
349	845	
349	846	
349	847	
349	848	
349	849	
349	850	
352	851	
351	852	
349	853	
349	854	
349	855	
349	856	
349	857	
349	858	
349	859	
349	860	
349	861	
349	862	
349	863	
349	864	
349	865	
349	866	
347	869	
347	870	
349	871	
349	872	
351	873	
351	874	
347	875	
347	876	
347	879	
347	880	
347	881	
347	882	
347	883	
347	884	
349	885	
347	886	
347	887	
347	888	
347	889	
349	890	
349	891	
349	892	
347	893	
347	894	
347	895	
347	896	
347	897	
345	898	
345	899	
345	900	
347	901	
347	902	
345	903	
345	904	
345	905	
345	906	
345	907	
345	908	
347	909	
347	910	
349	973	
349	974	
357	995	
371	1065	
373	1067	
371	1077	
371	1078	
371	1079	
371	1086	
371	1087	
373	1089	
373	1092	
