273	75	
343	280	
343	281	
345	282	
343	283	
343	284	
343	285	
343	286	
343	287	
345	287	
344	288	
343	289	
344	289	
343	290	
343	291	
343	292	
345	293	
345	294	
345	295	
343	296	
343	297	
344	298	
343	299	
343	300	
343	301	
343	302	
343	303	
343	304	
343	305	
343	306	
343	307	
343	308	
342	309	
342	310	
342	311	
341	312	
341	313	
342	314	
342	315	
343	316	
342	317	
341	318	
342	318	
341	319	
341	320	
341	321	
341	322	
341	323	
341	324	
342	325	
342	326	
342	327	
342	328	
343	329	
343	330	
343	331	
343	332	
343	333	
345	334	
345	335	
345	336	
345	337	
345	338	
345	339	
344	340	
343	341	
343	342	
345	343	
345	344	
344	345	
343	346	
343	347	
343	348	
345	349	
345	350	
346	351	
346	352	
345	353	
347	354	
346	355	
347	356	
345	358	
344	359	
345	359	
345	360	
346	361	
346	362	
345	363	
346	364	
345	365	
345	366	
345	367	
346	368	
345	369	
345	370	
345	371	
357	373	
357	374	
355	375	
359	376	
359	377	
356	378	
356	379	
357	380	
357	381	
357	382	
357	383	
358	384	
357	385	
357	386	
359	387	
358	388	
358	389	
359	390	
358	391	
359	392	
359	393	
360	394	
361	395	
361	396	
358	397	
358	398	
358	399	
358	400	
358	401	
361	402	
361	403	
361	404	
359	405	
359	406	
359	407	
359	408	
359	409	
359	410	
360	411	
360	412	
358	413	
358	414	
359	415	
358	416	
359	416	
358	417	
358	418	
358	419	
359	420	
358	421	
358	422	
358	423	
358	424	
358	425	
357	426	
357	427	
357	428	
358	429	
359	430	
356	431	
356	432	
356	433	
355	434	
355	435	
355	436	
356	437	
355	438	
355	439	
356	440	
356	441	
356	442	
355	443	
356	443	
355	444	
354	445	
355	446	
355	447	
356	448	
356	449	
356	450	
356	451	
356	452	
356	453	
356	454	
355	455	
355	456	
355	457	
356	458	
356	459	
355	460	
356	460	
355	461	
355	462	
355	463	
355	464	
357	465	
357	466	
357	467	
357	468	
356	469	
357	469	
358	470	
357	471	
357	472	
357	473	
356	474	
354	475	
354	476	
355	477	
355	478	
354	479	
354	480	
355	481	
355	482	
356	483	
356	484	
355	485	
356	486	
356	487	
356	488	
356	489	
356	490	
357	491	
356	492	
355	493	
354	494	
355	495	
355	496	
355	497	
355	498	
356	498	
356	499	
354	500	
354	501	
354	502	
354	503	
354	504	
354	505	
355	505	
355	506	
354	507	
354	508	
356	509	
353	510	
353	511	
354	511	
354	512	
353	513	
353	514	
354	515	
354	516	
353	517	
355	518	
352	519	
353	520	
353	521	
353	522	
354	523	
355	524	
355	525	
355	526	
355	527	
355	528	
355	529	
355	530	
357	531	
357	532	
357	533	
357	534	
357	535	
359	536	
357	537	
357	538	
357	539	
357	540	
357	541	
361	542	
358	543	
357	544	
359	545	
359	546	
359	547	
359	548	
359	549	
359	550	
359	551	
359	552	
359	553	
360	554	
361	555	
361	556	
361	557	
361	558	
363	559	
363	560	
363	561	
364	561	
365	562	
363	563	
363	564	
363	565	
363	566	
363	567	
363	568	
363	569	
362	570	
361	571	
362	572	
364	573	
364	574	
363	575	
364	576	
364	577	
364	578	
367	579	
367	580	
364	581	
365	582	
366	583	
366	584	
366	585	
366	586	
365	587	
366	588	
367	589	
368	590	
366	591	
366	592	
368	593	
369	594	
368	595	
369	596	
369	597	
369	598	
369	599	
369	600	
368	601	
367	602	
370	603	
370	604	
370	605	
367	606	
367	607	
367	608	
368	609	
367	610	
369	611	
369	612	
369	613	
369	614	
368	615	
369	616	
369	617	
369	618	
370	619	
371	620	
370	621	
369	622	
369	623	
370	624	
370	625	
369	626	
370	627	
370	628	
369	629	
369	630	
369	631	
370	632	
370	633	
370	634	
369	635	
370	636	
369	637	
369	638	
369	639	
370	640	
369	641	
370	641	
371	642	
369	643	
370	643	
370	644	
370	645	
369	646	
369	647	
370	648	
369	649	
369	650	
370	651	
370	652	
370	653	
370	654	
370	655	
370	656	
370	657	
370	658	
369	659	
369	660	
369	661	
369	662	
369	663	
369	664	
370	665	
369	666	
368	667	
371	668	
371	669	
370	670	
369	671	
368	672	
369	672	
368	673	
370	674	
370	675	
369	676	
368	677	
369	678	
369	679	
369	680	
368	681	
368	682	
367	683	
367	684	
368	684	
367	685	
367	686	
367	687	
368	687	
367	688	
368	689	
369	690	
367	691	
367	692	
370	693	
371	694	
365	695	
366	695	
365	696	
365	697	
365	698	
366	699	
366	700	
365	701	
368	702	
367	703	
367	704	
367	705	
365	706	
368	707	
365	708	
366	709	
366	710	
365	711	
365	712	
365	713	
365	714	
365	715	
365	716	
365	717	
365	718	
366	719	
366	720	
366	721	
366	722	
365	723	
365	724	
365	725	
367	726	
366	727	
366	728	
366	729	
365	730	
366	730	
366	731	
366	732	
367	732	
365	733	
368	733	
368	734	
369	735	
365	736	
366	737	
365	738	
366	739	
366	740	
365	741	
365	742	
365	743	
365	744	
366	745	
365	746	
365	747	
366	748	
365	749	
366	749	
365	750	
365	751	
365	752	
366	752	
365	753	
366	754	
367	755	
367	756	
368	757	
369	758	
365	759	
366	760	
366	761	
365	762	
365	763	
365	764	
365	765	
365	766	
365	767	
365	768	
367	769	
367	770	
367	771	
363	772	
363	773	
363	774	
363	775	
363	776	
363	777	
364	778	
364	779	
363	780	
363	781	
363	782	
363	783	
363	784	
363	785	
363	786	
362	787	
362	788	
364	789	
363	790	
362	791	
361	792	
361	793	
361	794	
361	795	
361	796	
361	797	
361	798	
361	799	
361	800	
361	801	
360	802	
361	802	
359	803	
359	804	
359	805	
359	806	
359	807	
359	808	
359	809	
359	810	
359	811	
358	812	
358	813	
357	814	
357	815	
357	816	
356	817	
357	818	
357	819	
353	820	
353	821	
353	822	
357	823	
357	824	
353	825	
353	826	
355	827	
355	828	
351	829	
351	830	
352	831	
351	832	
352	833	
351	834	
351	835	
350	836	
350	837	
349	838	
349	839	
349	840	
353	841	
350	842	
351	843	
351	844	
352	845	
349	846	
349	847	
349	848	
349	849	
349	850	
349	851	
349	852	
349	853	
349	854	
351	855	
351	856	
351	857	
349	858	
349	859	
349	860	
349	861	
351	862	
352	863	
353	864	
349	865	
349	866	
349	867	
349	868	
349	869	
349	870	
349	871	
351	872	
351	873	
349	874	
348	875	
351	877	
351	878	
347	879	
347	880	
347	881	
347	882	
347	883	
347	884	
347	885	
347	886	
347	887	
347	888	
349	889	
349	890	
347	891	
347	892	
347	893	
347	894	
347	895	
347	896	
347	897	
347	898	
347	899	
347	900	
349	901	
348	902	
347	903	
347	904	
347	905	
347	906	
349	907	
349	908	
349	963	
351	965	
351	966	
351	967	
351	968	
353	977	
355	985	
353	987	
353	988	
353	989	
367	1045	
369	1065	
373	1069	
375	1082	
375	1083	
