277	49	
345	282	
345	283	
346	284	
345	285	
345	286	
346	287	
347	288	
346	289	
345	290	
345	291	
345	292	
345	293	
345	294	
345	295	
345	296	
345	297	
345	298	
345	299	
345	300	
345	301	
345	302	
345	303	
344	304	
344	305	
344	306	
344	307	
344	308	
344	309	
344	310	
343	311	
343	312	
343	313	
343	314	
343	315	
343	316	
343	317	
342	318	
345	319	
345	320	
345	321	
343	322	
343	323	
343	324	
343	325	
345	326	
345	327	
345	328	
344	329	
344	330	
344	331	
345	332	
345	333	
346	333	
345	334	
345	335	
345	336	
345	337	
345	338	
345	339	
345	340	
345	341	
347	342	
347	343	
347	344	
347	345	
347	346	
346	347	
345	348	
346	349	
346	350	
347	351	
347	352	
347	353	
347	354	
347	355	
347	356	
347	357	
347	358	
347	359	
347	360	
347	361	
347	362	
347	363	
349	364	
349	365	
349	366	
348	367	
348	368	
348	369	
347	370	
347	371	
359	372	
359	373	
359	374	
359	375	
357	376	
357	377	
358	378	
359	379	
359	380	
358	381	
359	382	
359	383	
359	384	
359	385	
359	386	
359	387	
360	388	
360	389	
361	389	
360	390	
360	391	
361	392	
361	393	
361	394	
361	395	
361	396	
361	397	
360	398	
361	399	
361	400	
361	401	
361	402	
363	403	
360	404	
363	404	
361	405	
362	406	
363	407	
363	408	
362	409	
360	410	
361	411	
361	412	
362	413	
362	414	
361	415	
361	416	
360	417	
360	418	
361	418	
361	419	
360	420	
360	421	
360	422	
359	423	
359	424	
359	425	
359	426	
359	427	
359	428	
360	429	
360	430	
360	431	
361	432	
357	433	
358	433	
358	434	
357	435	
357	436	
357	437	
357	438	
357	439	
357	440	
358	440	
357	441	
357	442	
357	443	
357	444	
357	445	
357	446	
357	447	
357	448	
357	449	
357	450	
358	451	
359	452	
358	453	
357	454	
357	455	
358	455	
358	456	
357	457	
357	458	
358	459	
358	460	
358	461	
357	462	
357	463	
357	464	
358	465	
357	466	
358	467	
357	468	
358	469	
357	470	
357	471	
358	472	
358	473	
358	474	
358	475	
359	476	
358	477	
358	478	
357	479	
357	480	
356	481	
356	482	
356	483	
356	484	
358	485	
358	486	
357	487	
357	488	
357	489	
357	490	
356	491	
357	492	
357	493	
358	494	
358	495	
357	496	
358	497	
356	498	
358	498	
357	499	
356	500	
356	501	
355	502	
356	502	
357	503	
356	504	
357	504	
356	505	
357	505	
356	506	
356	507	
356	508	
356	509	
355	510	
355	511	
355	512	
357	513	
357	514	
355	515	
356	515	
355	516	
355	517	
356	518	
355	519	
355	520	
355	521	
356	522	
356	523	
355	524	
355	525	
356	526	
357	527	
357	528	
357	529	
357	530	
357	531	
357	532	
358	533	
359	534	
359	535	
359	536	
359	537	
359	538	
359	539	
360	540	
359	541	
359	542	
363	543	
362	544	
361	545	
361	546	
361	547	
361	548	
361	549	
361	550	
361	551	
361	552	
362	553	
362	554	
362	555	
362	556	
363	557	
363	558	
363	559	
364	560	
362	561	
363	562	
363	563	
363	564	
365	565	
365	566	
365	567	
365	568	
365	569	
366	570	
365	571	
365	572	
366	572	
365	573	
366	574	
366	575	
367	576	
368	577	
368	578	
365	579	
367	580	
367	581	
368	582	
368	583	
367	584	
368	585	
367	586	
368	587	
368	588	
368	589	
369	590	
369	591	
369	592	
369	593	
369	594	
368	595	
367	596	
368	596	
369	597	
369	598	
369	599	
369	600	
369	601	
369	602	
371	603	
371	604	
371	605	
370	606	
369	607	
369	608	
372	609	
369	610	
369	611	
369	612	
369	613	
369	614	
369	615	
372	616	
369	617	
370	618	
370	619	
369	620	
369	621	
370	622	
370	623	
373	624	
373	625	
373	626	
373	627	
371	628	
371	629	
371	630	
370	631	
371	631	
370	632	
371	633	
372	634	
371	635	
371	636	
371	637	
371	638	
372	638	
371	639	
371	640	
372	641	
372	642	
372	643	
372	644	
372	645	
372	646	
372	647	
371	648	
372	648	
372	649	
372	650	
372	651	
373	652	
373	653	
373	654	
372	655	
372	656	
372	657	
372	658	
371	659	
371	660	
372	661	
371	662	
372	663	
371	664	
371	665	
371	666	
372	667	
372	668	
371	669	
372	670	
371	671	
372	672	
372	673	
372	674	
370	675	
371	676	
369	677	
370	677	
370	678	
370	679	
371	680	
370	681	
371	682	
371	683	
371	684	
372	685	
369	686	
372	686	
369	687	
370	688	
368	689	
370	690	
369	691	
370	692	
369	693	
369	694	
369	695	
368	696	
368	697	
367	698	
367	699	
367	700	
367	701	
367	702	
367	703	
368	704	
369	704	
368	705	
368	706	
368	707	
368	708	
368	709	
368	710	
369	711	
369	712	
369	713	
368	714	
368	715	
367	716	
367	717	
367	718	
367	719	
368	720	
368	721	
367	722	
367	723	
367	724	
368	725	
368	726	
368	727	
368	728	
368	729	
369	730	
369	731	
368	732	
368	733	
368	734	
368	735	
368	736	
367	737	
368	738	
368	739	
367	740	
367	741	
367	742	
368	742	
368	743	
367	744	
368	744	
367	745	
367	746	
367	747	
367	748	
368	749	
368	750	
368	751	
368	752	
368	753	
368	754	
368	755	
367	756	
367	757	
368	758	
367	759	
367	760	
368	761	
368	762	
368	763	
367	764	
369	764	
369	765	
368	766	
369	766	
367	767	
366	768	
369	769	
369	770	
366	771	
365	772	
365	773	
365	774	
365	775	
365	776	
369	777	
369	778	
369	779	
368	780	
368	781	
365	782	
365	783	
365	784	
365	785	
365	786	
366	787	
367	788	
367	789	
367	790	
363	791	
363	792	
363	793	
367	794	
363	795	
363	796	
365	797	
365	798	
365	799	
365	800	
365	801	
363	802	
361	803	
361	804	
361	805	
363	806	
364	807	
365	808	
359	809	
359	810	
361	811	
361	812	
359	813	
359	814	
359	815	
359	816	
359	817	
357	818	
357	819	
355	820	
355	821	
355	822	
355	823	
355	824	
355	825	
355	826	
353	827	
353	828	
353	829	
355	829	
355	830	
353	831	
353	832	
353	833	
355	834	
353	835	
354	836	
355	837	
351	838	
351	839	
351	840	
352	840	
354	841	
355	842	
351	843	
351	844	
351	845	
351	846	
355	847	
355	848	
351	849	
351	850	
351	851	
351	852	
351	853	
351	854	
351	855	
351	856	
351	857	
351	858	
351	859	
351	860	
351	861	
353	862	
353	863	
353	864	
351	865	
351	866	
353	867	
353	868	
350	869	
350	870	
349	871	
349	872	
349	873	
349	874	
349	875	
349	876	
349	877	
353	878	
353	879	
353	880	
349	881	
349	882	
349	883	
349	884	
351	885	
351	886	
351	887	
349	888	
349	889	
349	890	
351	891	
351	892	
351	893	
351	894	
351	895	
351	896	
350	897	
351	897	
349	898	
348	899	
348	900	
351	901	
351	902	
351	903	
351	904	
347	905	
347	906	
349	907	
349	908	
351	963	
351	964	
351	965	
351	966	
351	969	
353	971	
353	972	
355	977	
355	978	
353	979	
353	980	
357	982	
357	983	
363	1005	
361	1009	
363	1011	
371	1067	
374	1069	
