279	53	
279	54	
279	55	
279	56	
279	57	
349	281	
349	282	
347	283	
347	284	
347	285	
347	286	
349	287	
349	288	
349	289	
348	290	
348	291	
348	292	
348	293	
348	294	
347	295	
347	296	
347	297	
347	298	
347	299	
347	300	
347	301	
347	302	
347	303	
347	304	
347	305	
346	306	
346	307	
347	308	
346	309	
346	310	
346	311	
346	312	
346	313	
345	314	
345	315	
346	316	
345	317	
345	318	
345	319	
345	320	
345	321	
345	322	
345	323	
346	324	
347	324	
347	325	
345	326	
345	327	
347	328	
347	329	
347	330	
347	331	
347	332	
347	333	
347	334	
348	335	
348	336	
348	337	
348	338	
349	339	
349	340	
350	341	
349	342	
348	343	
349	344	
350	345	
350	346	
348	347	
349	348	
348	349	
349	350	
349	351	
349	352	
349	353	
350	353	
351	354	
350	355	
350	356	
349	357	
349	358	
349	359	
349	360	
350	360	
351	361	
351	362	
349	363	
351	364	
351	365	
350	366	
349	367	
349	368	
349	369	
351	370	
351	371	
351	372	
361	375	
361	376	
359	377	
363	378	
363	379	
361	380	
361	381	
361	382	
361	383	
363	384	
363	385	
363	386	
362	387	
363	388	
363	389	
364	390	
365	391	
361	392	
361	393	
362	394	
363	395	
363	396	
363	397	
363	398	
363	399	
363	400	
363	401	
363	402	
363	403	
363	404	
363	405	
363	406	
363	407	
363	408	
364	409	
365	410	
365	411	
364	412	
363	413	
363	414	
363	415	
362	416	
363	417	
363	418	
362	419	
362	420	
363	420	
363	421	
362	422	
362	423	
362	424	
361	425	
361	426	
361	427	
361	428	
361	429	
361	430	
362	430	
362	431	
362	432	
362	433	
362	434	
360	435	
360	436	
359	437	
359	438	
359	439	
359	440	
360	441	
360	442	
359	443	
359	444	
359	445	
360	446	
360	447	
359	448	
360	449	
361	450	
361	451	
360	452	
360	453	
360	454	
359	455	
359	456	
359	457	
359	458	
359	459	
359	460	
360	461	
361	461	
362	462	
361	463	
359	464	
359	465	
359	466	
360	466	
360	467	
360	468	
360	469	
360	470	
360	471	
359	472	
360	472	
360	473	
360	474	
358	475	
359	476	
359	477	
360	477	
360	478	
361	479	
361	480	
361	481	
360	482	
360	483	
360	484	
360	485	
360	486	
358	487	
360	487	
358	488	
358	489	
361	490	
359	491	
359	492	
359	493	
360	494	
361	495	
358	496	
360	497	
359	498	
359	499	
360	500	
360	501	
358	502	
358	503	
357	504	
358	504	
359	505	
359	506	
359	507	
359	508	
359	509	
359	510	
358	511	
357	512	
357	513	
357	514	
357	515	
358	516	
357	517	
358	517	
357	518	
357	519	
357	520	
357	521	
358	521	
358	522	
359	523	
359	524	
357	525	
358	526	
359	527	
359	528	
359	529	
359	530	
359	531	
359	532	
361	533	
361	534	
361	535	
361	536	
361	537	
361	538	
362	539	
362	540	
362	541	
363	542	
363	543	
363	544	
363	545	
365	546	
365	547	
363	548	
363	549	
367	550	
367	551	
365	552	
365	553	
365	554	
365	555	
365	556	
365	557	
365	558	
366	559	
365	560	
366	560	
366	561	
366	562	
366	563	
366	564	
367	565	
368	566	
367	567	
367	568	
367	569	
367	570	
367	571	
367	572	
367	573	
368	573	
367	574	
368	575	
371	576	
367	577	
367	578	
371	579	
369	580	
369	581	
371	582	
371	583	
372	584	
371	585	
369	586	
371	587	
371	588	
371	589	
371	590	
371	591	
371	592	
371	593	
371	594	
370	595	
373	596	
371	597	
371	598	
371	599	
371	600	
371	601	
372	602	
374	603	
371	604	
371	605	
371	606	
370	607	
370	608	
371	609	
374	610	
371	611	
371	612	
371	613	
371	614	
371	615	
371	616	
371	617	
372	617	
374	618	
371	619	
374	620	
373	621	
372	622	
375	623	
374	624	
375	625	
371	626	
371	627	
373	628	
374	629	
371	630	
373	631	
373	632	
373	633	
373	634	
373	635	
373	636	
374	637	
375	638	
376	639	
373	640	
373	641	
373	642	
374	642	
373	643	
373	644	
374	645	
374	646	
373	647	
373	648	
373	649	
374	650	
374	651	
374	652	
373	653	
372	654	
373	655	
374	656	
374	657	
374	658	
374	659	
374	660	
373	661	
374	661	
373	662	
374	663	
373	664	
373	665	
374	666	
374	667	
374	668	
374	669	
374	670	
374	671	
374	672	
373	673	
373	674	
374	675	
375	676	
374	677	
374	678	
374	679	
373	680	
375	681	
372	682	
372	683	
373	683	
373	684	
371	685	
372	686	
371	687	
371	688	
373	689	
373	690	
372	691	
372	692	
371	693	
371	694	
371	695	
372	696	
371	697	
372	698	
372	699	
371	700	
371	701	
371	702	
371	703	
372	704	
372	705	
373	706	
370	707	
370	708	
369	709	
371	710	
369	711	
369	712	
369	713	
369	714	
370	715	
369	716	
369	717	
369	718	
373	719	
369	720	
371	721	
369	722	
370	722	
369	723	
369	724	
369	725	
370	726	
370	727	
369	728	
369	729	
369	730	
369	731	
370	732	
369	733	
371	734	
371	735	
370	736	
370	737	
372	737	
370	738	
370	739	
369	740	
369	741	
369	742	
369	743	
369	744	
369	745	
370	746	
369	747	
371	748	
370	749	
369	750	
369	751	
369	752	
369	753	
369	754	
370	754	
370	755	
369	756	
369	757	
368	758	
368	759	
368	760	
372	761	
369	762	
372	762	
369	763	
372	763	
369	764	
369	765	
369	766	
370	767	
371	768	
369	769	
369	770	
368	771	
368	772	
368	773	
367	774	
368	774	
369	775	
371	776	
371	777	
367	778	
367	779	
367	780	
367	781	
367	782	
369	783	
369	784	
369	785	
366	786	
367	787	
367	788	
367	789	
365	790	
368	791	
367	792	
366	793	
369	794	
369	795	
365	796	
369	796	
365	797	
365	798	
365	799	
365	800	
365	801	
365	802	
365	803	
365	804	
365	805	
365	806	
363	807	
363	808	
363	809	
361	810	
363	811	
365	812	
365	813	
361	814	
361	815	
361	816	
361	817	
362	817	
363	818	
363	819	
359	820	
357	821	
357	822	
357	823	
357	824	
359	825	
358	826	
359	826	
356	827	
356	828	
355	829	
359	830	
359	831	
355	832	
359	832	
357	833	
356	834	
355	835	
356	836	
353	837	
353	838	
354	838	
354	839	
355	840	
357	841	
353	842	
353	843	
353	844	
353	845	
354	846	
353	847	
353	848	
353	849	
353	850	
353	851	
353	852	
353	853	
353	854	
353	855	
354	856	
355	857	
355	858	
355	859	
355	860	
355	861	
354	862	
355	863	
353	864	
355	864	
355	865	
355	866	
351	867	
351	868	
355	869	
353	870	
351	871	
351	872	
351	873	
351	874	
353	875	
353	876	
353	877	
354	878	
351	879	
351	880	
351	881	
351	882	
351	883	
351	884	
351	885	
351	886	
352	887	
353	888	
353	889	
353	890	
353	891	
353	892	
353	893	
353	894	
353	895	
351	896	
351	897	
350	898	
349	899	
349	900	
349	901	
349	902	
353	903	
353	904	
349	905	
349	906	
351	907	
353	907	
353	908	
353	909	
353	910	
359	979	
359	980	
357	985	
357	986	
357	987	
373	1059	
