351	281	
350	282	
351	283	
351	284	
351	285	
351	286	
350	287	
350	288	
350	289	
349	290	
350	290	
350	291	
350	292	
350	293	
350	294	
351	294	
349	295	
350	296	
350	297	
350	298	
350	299	
349	300	
349	301	
349	302	
349	303	
349	304	
349	305	
348	306	
347	307	
348	308	
349	309	
349	310	
349	311	
349	312	
348	313	
347	314	
348	315	
348	316	
348	317	
347	318	
347	319	
349	320	
349	321	
348	322	
348	323	
349	324	
349	325	
349	326	
349	327	
351	328	
351	329	
349	330	
349	331	
349	332	
349	333	
349	334	
349	335	
350	336	
350	337	
349	338	
350	339	
350	340	
350	341	
350	342	
351	342	
351	343	
350	344	
350	345	
351	346	
351	347	
351	348	
351	349	
351	350	
351	351	
352	352	
353	353	
351	354	
352	354	
351	355	
351	356	
351	357	
351	358	
351	359	
351	360	
352	361	
352	362	
353	362	
352	363	
352	364	
352	365	
352	366	
352	367	
354	368	
354	369	
353	370	
353	371	
353	372	
362	375	
363	376	
363	377	
363	378	
363	379	
365	380	
365	381	
365	382	
365	383	
365	384	
365	385	
364	386	
364	387	
364	388	
365	389	
364	390	
364	391	
364	392	
365	393	
365	394	
364	395	
364	396	
365	397	
366	398	
367	398	
366	399	
366	400	
366	401	
366	402	
366	403	
366	404	
365	405	
365	406	
365	407	
366	408	
366	409	
366	410	
364	411	
367	412	
367	413	
367	414	
367	415	
364	416	
367	416	
367	417	
366	418	
365	419	
365	420	
364	421	
364	422	
364	423	
363	424	
364	424	
363	425	
365	425	
363	426	
363	427	
363	428	
363	429	
365	429	
362	430	
362	431	
362	432	
362	433	
361	434	
361	435	
361	436	
361	437	
361	438	
361	439	
361	440	
361	441	
361	442	
361	443	
361	444	
361	445	
362	446	
361	447	
361	448	
361	449	
361	450	
361	451	
363	452	
361	453	
362	453	
362	454	
362	455	
362	456	
361	457	
362	457	
362	458	
362	459	
361	460	
361	461	
362	462	
361	463	
361	464	
362	464	
361	465	
361	466	
361	467	
362	468	
361	469	
362	470	
363	471	
363	472	
361	473	
361	474	
361	475	
361	476	
361	477	
361	478	
361	479	
361	480	
361	481	
361	482	
362	483	
361	484	
361	485	
362	486	
362	487	
361	488	
362	488	
361	489	
361	490	
361	491	
361	492	
362	492	
361	493	
362	494	
361	495	
361	496	
362	497	
361	498	
362	498	
361	499	
362	500	
362	501	
362	502	
361	503	
360	504	
360	505	
361	506	
361	507	
360	508	
360	509	
360	510	
361	511	
361	512	
361	513	
360	514	
361	515	
361	516	
360	517	
359	518	
359	519	
359	520	
359	521	
359	522	
360	523	
361	524	
361	525	
361	526	
361	527	
361	528	
361	529	
361	530	
361	531	
362	532	
364	533	
364	534	
365	535	
364	536	
363	537	
363	538	
363	539	
363	540	
363	541	
367	542	
365	543	
365	544	
365	545	
366	546	
366	547	
366	548	
367	549	
366	550	
366	551	
369	552	
368	553	
368	554	
368	555	
365	556	
369	557	
367	558	
367	559	
368	560	
368	561	
369	562	
369	563	
369	564	
369	565	
369	566	
369	567	
369	568	
369	569	
369	570	
369	571	
370	572	
369	573	
370	574	
370	575	
374	575	
372	576	
371	577	
372	577	
371	578	
371	579	
372	580	
372	581	
373	582	
371	583	
371	584	
371	585	
372	586	
372	587	
372	588	
372	589	
373	590	
373	591	
372	592	
373	593	
374	594	
373	595	
374	596	
374	597	
374	598	
373	599	
374	600	
374	601	
374	602	
373	603	
373	604	
373	605	
373	606	
373	607	
374	608	
373	609	
373	610	
375	611	
374	612	
373	613	
375	614	
375	615	
373	616	
376	616	
374	617	
376	618	
374	619	
376	620	
376	621	
374	622	
375	622	
375	623	
375	624	
376	625	
377	626	
376	627	
376	628	
376	629	
376	630	
374	631	
374	632	
374	633	
375	634	
375	635	
375	636	
375	637	
375	638	
379	639	
375	640	
375	641	
375	642	
375	643	
374	644	
375	645	
375	646	
376	647	
376	648	
375	649	
376	650	
376	651	
375	652	
379	653	
378	654	
376	655	
376	656	
375	657	
375	658	
376	659	
376	660	
375	661	
374	662	
375	663	
375	664	
376	665	
375	666	
376	667	
376	668	
375	669	
375	670	
375	671	
376	672	
376	673	
376	674	
376	675	
375	676	
375	677	
375	678	
376	678	
375	679	
375	680	
375	681	
376	681	
376	682	
376	683	
375	684	
375	685	
376	686	
376	687	
376	688	
376	689	
374	690	
375	691	
375	692	
375	693	
375	694	
373	695	
373	696	
371	697	
371	698	
371	699	
371	700	
371	701	
371	702	
373	703	
374	704	
374	705	
374	706	
374	707	
373	708	
372	709	
372	710	
372	711	
373	712	
372	713	
372	714	
372	715	
374	715	
374	716	
371	717	
371	718	
371	719	
371	720	
371	721	
372	721	
371	722	
373	723	
372	724	
374	724	
373	725	
373	726	
373	727	
373	728	
374	728	
374	729	
372	730	
373	731	
373	732	
373	733	
373	734	
373	735	
371	736	
373	736	
371	737	
371	738	
371	739	
371	740	
371	741	
371	742	
373	743	
371	744	
371	745	
373	746	
372	747	
372	748	
371	749	
371	750	
371	751	
371	752	
372	752	
371	753	
372	754	
373	755	
373	756	
375	757	
375	758	
371	759	
371	760	
371	761	
371	762	
371	763	
371	764	
371	765	
371	766	
371	767	
372	767	
372	768	
372	769	
371	770	
371	771	
370	772	
369	773	
370	773	
369	774	
370	775	
369	776	
369	777	
369	778	
369	779	
369	780	
370	781	
371	782	
369	783	
369	784	
369	785	
369	786	
373	787	
372	788	
371	789	
370	790	
369	791	
369	792	
368	793	
369	793	
369	794	
369	795	
367	796	
367	797	
367	798	
367	799	
367	800	
369	801	
369	802	
369	803	
369	804	
365	805	
365	806	
365	807	
365	808	
364	809	
365	810	
366	810	
367	811	
367	812	
363	813	
363	814	
363	815	
363	816	
364	817	
365	818	
361	819	
361	820	
361	821	
361	822	
363	823	
359	824	
360	825	
357	826	
357	827	
357	828	
357	829	
357	830	
361	831	
361	832	
359	833	
357	834	
359	834	
357	835	
357	836	
357	837	
357	838	
356	839	
356	840	
356	841	
356	842	
355	843	
355	844	
355	845	
357	846	
356	847	
355	848	
355	849	
355	850	
356	851	
356	852	
356	853	
356	854	
356	855	
357	856	
357	857	
355	858	
355	859	
357	860	
355	861	
355	862	
355	863	
354	864	
354	865	
354	866	
354	867	
354	868	
356	869	
356	870	
357	870	
357	871	
356	872	
356	873	
356	874	
356	875	
353	876	
353	877	
353	878	
353	879	
353	880	
353	881	
353	882	
354	883	
353	884	
353	885	
353	886	
353	887	
353	888	
353	889	
356	890	
353	891	
353	892	
353	893	
353	894	
352	895	
355	896	
355	897	
355	898	
355	899	
355	900	
353	901	
353	902	
353	903	
352	904	
355	905	
355	906	
353	907	
353	908	
353	909	
353	910	
353	911	
355	912	
353	957	
359	981	
369	1013	
367	1020	
