349	281	
349	282	
349	283	
350	284	
351	285	
350	286	
350	287	
349	288	
350	289	
351	290	
352	290	
350	291	
350	292	
351	293	
352	294	
352	295	
350	296	
350	297	
350	298	
350	299	
350	300	
350	301	
350	302	
349	303	
349	304	
349	305	
349	306	
349	307	
349	308	
349	309	
349	310	
348	311	
349	312	
349	313	
348	314	
348	315	
348	316	
349	317	
348	318	
348	319	
348	320	
348	321	
347	322	
348	323	
348	324	
349	324	
349	325	
349	326	
351	327	
351	328	
351	329	
350	330	
350	331	
350	332	
350	333	
350	334	
351	335	
351	336	
351	337	
351	338	
353	339	
350	340	
351	341	
351	342	
350	343	
353	344	
353	345	
352	346	
351	347	
351	348	
352	349	
351	350	
351	351	
352	352	
352	353	
352	354	
352	355	
352	356	
352	357	
352	358	
352	359	
352	360	
352	361	
353	361	
353	362	
353	363	
353	364	
352	365	
353	366	
353	367	
354	368	
354	369	
355	369	
351	370	
353	371	
353	372	
361	375	
361	376	
363	377	
363	378	
363	379	
365	380	
365	381	
364	382	
364	383	
364	384	
364	385	
365	385	
365	386	
365	387	
365	388	
365	389	
365	390	
365	391	
365	392	
365	393	
365	394	
365	395	
365	396	
366	396	
365	397	
365	398	
366	399	
366	400	
365	401	
366	402	
366	403	
366	404	
366	405	
365	406	
365	407	
366	408	
365	409	
366	410	
366	411	
366	412	
366	413	
365	414	
365	415	
365	416	
367	417	
366	418	
366	419	
365	420	
365	421	
366	421	
364	422	
364	423	
364	424	
364	425	
364	426	
364	427	
364	428	
364	429	
364	430	
364	431	
363	432	
363	433	
363	434	
363	435	
363	436	
362	437	
362	438	
362	439	
362	440	
362	441	
362	442	
363	443	
363	444	
362	445	
362	446	
361	447	
361	448	
361	449	
361	450	
362	451	
362	452	
364	453	
362	454	
361	455	
362	456	
362	457	
362	458	
362	459	
361	460	
361	461	
361	462	
361	463	
361	464	
361	465	
362	466	
361	467	
362	468	
361	469	
361	470	
361	471	
361	472	
361	473	
361	474	
361	475	
361	476	
361	477	
361	478	
363	479	
363	480	
361	481	
361	482	
361	483	
361	484	
361	485	
361	486	
361	487	
361	488	
361	489	
361	490	
361	491	
362	492	
361	493	
362	493	
362	494	
362	495	
362	496	
362	497	
361	498	
361	499	
362	500	
362	501	
362	502	
361	503	
361	504	
362	505	
360	506	
363	507	
362	508	
360	509	
360	510	
363	511	
361	512	
361	513	
360	514	
360	515	
360	516	
359	517	
360	518	
359	519	
360	520	
360	521	
360	522	
359	523	
360	523	
361	524	
361	525	
361	526	
361	527	
361	528	
361	529	
361	530	
361	531	
365	532	
363	533	
363	534	
363	535	
363	536	
363	537	
363	538	
363	539	
363	540	
367	540	
367	541	
366	542	
366	543	
366	544	
365	545	
365	546	
365	547	
365	548	
366	549	
366	550	
369	551	
369	552	
368	553	
369	553	
367	554	
368	554	
368	555	
367	556	
367	557	
367	558	
367	559	
368	560	
371	561	
368	562	
370	563	
369	564	
370	565	
371	566	
370	567	
369	568	
369	569	
369	570	
370	571	
370	572	
371	573	
373	574	
373	575	
373	576	
372	577	
373	577	
371	578	
371	579	
372	580	
372	581	
372	582	
372	583	
375	584	
374	585	
375	586	
374	587	
374	588	
373	589	
373	590	
374	590	
374	591	
373	592	
374	593	
373	594	
373	595	
374	596	
373	597	
376	598	
376	599	
375	600	
375	601	
374	602	
373	603	
376	604	
376	605	
375	606	
374	607	
373	608	
376	609	
376	610	
373	611	
373	612	
374	613	
375	614	
375	615	
374	616	
374	617	
373	618	
374	618	
373	619	
374	620	
374	621	
377	621	
377	622	
378	622	
377	623	
377	624	
375	625	
375	626	
376	627	
375	628	
376	629	
376	630	
373	631	
374	632	
375	633	
375	634	
375	635	
375	636	
375	637	
375	638	
375	639	
375	640	
375	641	
375	642	
375	643	
376	644	
376	645	
375	646	
375	647	
375	648	
376	649	
375	650	
377	651	
377	652	
378	653	
377	654	
377	655	
375	656	
375	657	
375	658	
375	659	
378	659	
377	660	
378	660	
379	661	
378	662	
379	663	
378	664	
377	665	
376	666	
375	667	
376	668	
376	669	
375	670	
376	671	
376	672	
376	673	
377	674	
378	675	
378	676	
377	677	
376	678	
376	679	
375	680	
375	681	
376	681	
376	682	
377	683	
375	684	
375	685	
375	686	
375	687	
375	688	
376	689	
375	690	
375	691	
374	692	
375	692	
373	693	
373	694	
374	694	
373	695	
374	696	
372	697	
374	698	
373	699	
373	700	
374	700	
374	701	
373	702	
373	703	
374	704	
373	705	
374	706	
374	707	
372	708	
372	709	
374	710	
373	711	
373	712	
372	713	
372	714	
373	715	
373	716	
374	716	
374	717	
374	718	
373	719	
373	720	
373	721	
373	722	
372	723	
373	724	
373	725	
373	726	
373	727	
373	728	
373	729	
373	730	
373	731	
373	732	
373	733	
373	734	
371	735	
373	736	
373	737	
374	738	
374	739	
374	740	
373	741	
373	742	
371	743	
371	744	
371	745	
371	746	
371	747	
371	748	
371	749	
374	750	
374	751	
374	752	
371	753	
372	754	
373	755	
373	756	
373	757	
373	758	
373	759	
371	760	
371	761	
371	762	
371	763	
371	764	
371	765	
371	766	
371	767	
371	768	
371	769	
372	770	
371	771	
372	772	
371	773	
371	774	
371	775	
371	776	
371	777	
369	778	
371	779	
371	780	
370	781	
369	782	
369	783	
369	784	
369	785	
370	786	
369	787	
370	788	
369	789	
369	790	
369	791	
369	792	
369	793	
368	794	
368	795	
368	796	
367	797	
367	798	
367	799	
369	800	
369	801	
369	802	
367	803	
367	804	
366	805	
366	806	
367	807	
367	808	
365	809	
369	810	
369	811	
368	812	
363	813	
363	814	
363	815	
363	816	
364	817	
365	818	
361	819	
361	820	
363	821	
363	822	
363	823	
361	824	
359	825	
359	826	
360	827	
361	828	
357	829	
357	830	
357	831	
358	832	
360	833	
360	834	
357	835	
357	836	
359	837	
359	838	
355	839	
359	839	
358	840	
356	841	
357	842	
359	843	
359	844	
359	845	
358	846	
356	847	
355	848	
355	849	
355	850	
355	851	
355	852	
355	853	
358	854	
358	855	
357	856	
357	857	
355	858	
355	859	
355	860	
355	861	
355	862	
356	863	
357	864	
357	865	
357	866	
357	867	
357	868	
357	869	
355	870	
356	871	
357	871	
356	872	
357	873	
354	874	
354	875	
354	876	
354	877	
354	878	
353	879	
354	880	
354	881	
354	882	
355	883	
355	884	
355	885	
355	886	
353	887	
354	887	
353	888	
353	889	
354	890	
354	891	
354	892	
353	893	
354	893	
355	894	
354	895	
354	896	
355	896	
353	897	
353	898	
353	899	
353	900	
355	901	
351	902	
355	902	
352	903	
352	904	
352	905	
355	906	
355	907	
351	908	
351	909	
352	910	
355	911	
355	912	
355	918	
355	919	
355	949	
355	950	
357	951	
357	952	
355	957	
355	958	
357	959	
361	975	
359	983	
363	985	
367	1018	
367	1019	
379	1098	
379	1099	
