353	280	
352	281	
352	282	
353	283	
355	284	
354	285	
354	287	
353	288	
353	289	
353	290	
354	291	
354	292	
353	293	
353	294	
353	295	
353	296	
353	297	
353	298	
352	299	
354	300	
353	301	
353	302	
353	303	
353	304	
353	305	
353	306	
352	307	
352	308	
352	309	
352	310	
352	311	
351	312	
351	313	
351	314	
351	315	
351	316	
351	317	
351	318	
351	319	
351	320	
352	321	
353	321	
351	322	
351	323	
351	324	
352	324	
352	325	
352	326	
352	327	
352	328	
352	329	
352	330	
353	331	
353	332	
353	333	
353	334	
353	335	
353	336	
353	337	
354	338	
355	339	
354	340	
353	341	
354	342	
354	343	
355	344	
356	345	
355	346	
355	347	
355	348	
356	349	
355	350	
356	351	
355	352	
355	353	
355	354	
355	355	
355	356	
355	357	
355	358	
355	359	
355	360	
355	361	
356	362	
356	363	
356	364	
356	365	
356	366	
355	367	
355	368	
356	369	
356	370	
355	371	
355	372	
355	373	
365	376	
365	377	
365	378	
366	379	
366	380	
369	381	
367	382	
367	383	
369	384	
369	385	
369	386	
367	387	
367	388	
367	389	
367	390	
367	391	
367	392	
367	393	
367	394	
367	395	
367	396	
369	397	
369	398	
370	399	
368	400	
368	401	
368	402	
368	403	
369	404	
369	405	
369	406	
369	407	
368	408	
368	409	
368	410	
368	411	
368	412	
368	413	
368	414	
368	415	
368	416	
368	417	
368	418	
367	419	
367	420	
367	421	
368	422	
368	423	
368	424	
369	424	
367	425	
369	425	
369	426	
369	427	
369	428	
366	429	
366	430	
366	431	
367	432	
367	433	
366	434	
367	435	
367	436	
367	437	
366	438	
366	439	
364	440	
364	441	
364	442	
364	443	
364	444	
365	445	
365	446	
365	447	
364	448	
364	449	
364	450	
363	451	
364	451	
363	452	
363	453	
363	454	
364	455	
364	456	
365	457	
366	458	
365	459	
365	460	
365	461	
365	462	
366	463	
366	464	
365	465	
365	466	
366	467	
365	468	
365	469	
366	470	
365	471	
366	472	
363	473	
364	474	
364	475	
364	476	
364	477	
364	478	
363	479	
363	480	
367	481	
367	482	
367	483	
366	484	
364	485	
363	486	
364	487	
365	488	
364	489	
364	490	
364	491	
366	491	
365	492	
364	493	
365	494	
365	495	
366	496	
365	497	
364	498	
365	499	
365	500	
365	501	
364	502	
365	502	
364	503	
364	504	
364	505	
364	506	
364	507	
363	508	
363	509	
363	510	
363	511	
364	512	
364	513	
364	514	
363	515	
363	516	
363	517	
363	518	
365	519	
365	520	
365	521	
365	522	
363	523	
364	523	
363	524	
363	525	
366	526	
365	527	
365	528	
364	529	
364	530	
364	531	
366	532	
366	533	
366	534	
365	535	
369	536	
367	537	
367	538	
367	539	
367	540	
367	541	
367	542	
367	543	
367	544	
368	545	
369	546	
369	547	
371	548	
369	549	
369	550	
369	551	
369	552	
371	553	
371	554	
370	555	
372	556	
372	557	
371	558	
371	559	
371	560	
371	561	
371	562	
371	563	
373	564	
374	565	
375	566	
374	567	
374	568	
373	569	
373	570	
373	571	
373	572	
373	573	
373	574	
373	575	
375	576	
375	577	
376	578	
376	579	
376	580	
375	581	
375	582	
375	583	
375	584	
375	585	
375	586	
375	587	
376	588	
378	589	
377	590	
377	591	
377	592	
377	593	
378	594	
378	595	
377	596	
377	597	
378	598	
376	599	
378	600	
379	601	
377	602	
377	603	
378	604	
378	605	
378	606	
378	607	
376	608	
376	609	
377	610	
377	611	
378	612	
378	613	
378	614	
377	615	
377	616	
378	617	
379	618	
380	619	
379	620	
377	621	
377	622	
378	623	
377	624	
377	625	
378	626	
377	627	
377	628	
377	629	
377	630	
380	631	
379	632	
377	633	
378	633	
377	634	
377	635	
377	636	
378	637	
377	638	
377	639	
377	640	
377	641	
377	642	
378	643	
380	644	
380	645	
380	646	
379	647	
379	648	
380	649	
379	650	
380	650	
379	651	
379	652	
380	653	
378	654	
378	655	
381	655	
383	656	
378	657	
380	658	
380	659	
379	660	
378	661	
378	662	
381	662	
379	663	
379	664	
379	665	
380	666	
379	667	
379	668	
379	669	
377	670	
380	671	
380	672	
381	673	
378	674	
377	675	
378	675	
379	676	
379	677	
378	678	
379	679	
381	680	
377	681	
381	681	
378	682	
381	683	
377	684	
378	685	
380	686	
378	687	
379	688	
378	689	
378	690	
378	691	
379	692	
380	692	
379	693	
379	694	
377	695	
377	696	
379	697	
379	698	
377	699	
377	700	
378	701	
375	702	
376	703	
375	704	
375	705	
375	706	
375	707	
375	708	
375	709	
376	710	
377	711	
378	712	
377	713	
376	714	
376	715	
375	716	
375	717	
375	718	
375	719	
376	720	
376	721	
378	722	
375	723	
375	724	
376	725	
376	726	
375	727	
375	728	
375	729	
375	730	
375	731	
375	732	
375	733	
375	734	
378	735	
375	736	
376	736	
375	737	
375	738	
376	739	
375	740	
376	740	
375	741	
376	741	
378	742	
378	743	
375	744	
378	745	
378	746	
377	747	
378	748	
376	749	
376	750	
375	751	
375	752	
376	753	
376	754	
376	755	
376	756	
377	757	
375	758	
376	759	
376	760	
375	761	
375	762	
375	763	
375	764	
376	765	
375	766	
375	767	
375	768	
375	769	
377	770	
377	771	
373	772	
377	773	
375	774	
374	775	
375	775	
375	776	
376	777	
373	778	
373	779	
373	780	
373	781	
373	782	
373	783	
373	784	
374	785	
375	786	
373	787	
373	788	
373	789	
373	790	
371	791	
371	792	
371	793	
371	794	
371	795	
371	796	
371	797	
371	798	
371	799	
373	800	
369	801	
369	802	
369	803	
369	804	
369	805	
369	806	
369	807	
369	808	
370	809	
371	810	
371	811	
371	812	
371	813	
370	814	
371	814	
367	815	
367	816	
365	817	
365	818	
365	819	
363	820	
365	821	
365	822	
365	823	
365	824	
363	825	
363	826	
361	827	
361	828	
361	829	
361	830	
363	831	
363	832	
359	833	
359	834	
360	835	
363	835	
360	836	
363	836	
360	837	
359	838	
362	839	
363	840	
363	841	
363	842	
362	843	
361	844	
359	845	
359	846	
359	847	
359	848	
359	849	
359	850	
359	851	
359	852	
359	853	
359	854	
359	855	
359	856	
359	857	
359	858	
359	859	
359	860	
359	861	
361	862	
361	863	
361	864	
361	865	
357	866	
357	867	
357	868	
358	869	
358	870	
357	871	
357	872	
361	873	
361	874	
360	875	
360	876	
360	877	
358	878	
358	879	
358	880	
358	881	
358	882	
358	883	
357	884	
357	885	
357	886	
359	887	
359	888	
355	889	
356	889	
359	890	
359	891	
359	892	
359	893	
359	894	
359	895	
358	896	
357	897	
356	898	
356	899	
356	900	
357	900	
357	901	
356	902	
355	903	
355	904	
355	905	
355	906	
355	907	
355	908	
355	909	
355	910	
355	911	
355	912	
355	913	
357	914	
359	915	
359	916	
355	917	
355	918	
355	919	
355	920	
359	921	
359	922	
355	924	
355	925	
355	926	
357	929	
357	930	
355	931	
355	932	
355	933	
355	934	
357	942	
357	943	
359	944	
359	945	
359	946	
359	947	
359	949	
359	950	
359	951	
357	953	
357	954	
361	955	
361	956	
363	975	
363	981	
363	982	
365	990	
365	991	
365	992	
367	1006	
367	1007	
371	1023	
383	1097	
383	1098	
