353	280	
353	281	
355	282	
354	283	
353	285	
354	286	
354	287	
354	288	
354	289	
354	290	
354	291	
354	292	
354	293	
354	294	
354	295	
353	296	
353	297	
355	298	
355	299	
355	300	
355	301	
354	302	
353	303	
353	304	
353	305	
353	306	
352	307	
352	308	
352	309	
353	309	
353	310	
353	311	
353	312	
353	313	
352	314	
352	315	
352	316	
352	317	
352	318	
352	319	
352	320	
352	321	
352	322	
352	323	
353	324	
353	325	
353	326	
353	327	
355	328	
355	329	
355	330	
353	331	
353	332	
353	333	
353	334	
354	335	
354	336	
354	337	
354	338	
355	339	
355	340	
356	341	
355	342	
355	343	
355	344	
355	345	
355	346	
355	347	
355	348	
355	349	
355	350	
355	351	
355	352	
355	353	
356	354	
356	355	
356	356	
356	357	
357	358	
357	359	
356	360	
357	361	
356	362	
356	363	
357	364	
357	365	
357	366	
357	367	
357	368	
357	369	
357	370	
357	371	
357	372	
357	373	
357	374	
368	377	
367	378	
367	379	
369	380	
369	381	
368	382	
367	383	
367	384	
368	385	
370	386	
371	387	
368	388	
367	389	
371	390	
368	391	
368	392	
367	393	
368	394	
369	395	
371	396	
370	397	
370	398	
371	399	
371	400	
371	401	
369	402	
369	403	
369	404	
369	405	
370	405	
369	406	
369	407	
370	408	
371	409	
368	410	
368	411	
368	412	
369	413	
371	414	
371	415	
371	416	
371	417	
370	418	
371	418	
368	419	
368	420	
368	421	
367	422	
367	423	
367	424	
368	424	
369	425	
368	426	
367	427	
367	428	
368	429	
368	430	
368	431	
368	432	
366	433	
366	434	
368	435	
365	436	
365	437	
365	438	
365	439	
365	440	
365	441	
366	441	
365	442	
365	443	
365	444	
365	445	
365	446	
365	447	
365	448	
365	449	
365	450	
365	451	
366	452	
365	453	
365	454	
366	454	
366	455	
365	456	
365	457	
365	458	
365	459	
366	460	
365	461	
365	462	
365	463	
366	463	
365	464	
366	465	
366	466	
366	467	
365	468	
365	469	
366	470	
366	471	
366	472	
365	473	
366	473	
366	474	
365	475	
365	476	
365	477	
365	478	
365	479	
365	480	
365	481	
366	482	
366	483	
365	484	
366	485	
366	486	
366	487	
365	488	
366	489	
365	490	
365	491	
366	492	
365	493	
365	494	
365	495	
366	496	
366	497	
366	498	
365	499	
365	500	
365	501	
365	502	
367	503	
367	504	
366	505	
365	506	
366	507	
366	508	
365	509	
366	509	
366	510	
365	511	
365	512	
364	513	
364	514	
364	515	
363	516	
363	517	
363	518	
364	519	
363	520	
364	521	
364	522	
364	523	
364	524	
364	525	
365	526	
367	527	
365	528	
365	529	
365	530	
365	531	
367	532	
367	533	
367	534	
367	535	
367	536	
369	537	
369	538	
367	539	
367	540	
367	541	
369	542	
369	543	
371	544	
371	545	
369	546	
369	547	
369	548	
369	549	
371	550	
371	551	
370	552	
370	553	
371	554	
371	555	
371	556	
371	557	
373	558	
373	559	
371	560	
371	561	
371	562	
375	563	
375	564	
375	565	
375	566	
373	567	
373	568	
373	569	
375	570	
374	571	
374	572	
376	573	
376	574	
375	575	
375	576	
376	577	
377	578	
377	579	
375	580	
374	581	
374	582	
376	583	
375	584	
375	585	
377	585	
376	586	
378	587	
377	588	
377	589	
377	590	
377	591	
377	592	
377	593	
377	594	
378	595	
378	596	
378	597	
378	598	
378	599	
378	600	
379	601	
380	601	
378	602	
379	603	
378	604	
377	605	
377	606	
377	607	
381	608	
377	609	
379	610	
378	611	
378	612	
378	613	
378	614	
377	615	
377	616	
378	616	
377	617	
377	618	
379	618	
378	619	
379	620	
378	621	
378	622	
377	623	
378	623	
377	624	
380	625	
380	626	
379	627	
379	628	
380	629	
379	630	
379	631	
380	632	
380	633	
379	634	
379	635	
380	636	
381	637	
379	638	
379	639	
379	640	
379	641	
379	642	
379	643	
379	644	
379	645	
379	646	
378	647	
378	648	
379	649	
379	650	
381	651	
380	652	
380	653	
380	654	
380	655	
379	656	
379	657	
379	658	
380	659	
379	660	
380	661	
380	662	
379	663	
379	664	
379	665	
379	666	
379	667	
380	668	
380	669	
381	670	
380	671	
380	672	
380	673	
379	674	
380	674	
380	675	
380	676	
379	677	
378	678	
379	679	
379	680	
379	681	
379	682	
380	683	
379	684	
379	685	
379	686	
377	687	
378	687	
378	688	
380	689	
379	690	
381	690	
379	691	
377	692	
379	693	
379	694	
379	695	
377	696	
377	697	
377	698	
378	699	
377	700	
377	701	
378	701	
377	702	
377	703	
377	704	
375	705	
376	706	
376	707	
378	708	
375	709	
379	709	
375	710	
377	711	
377	712	
377	713	
378	714	
377	715	
377	716	
378	717	
378	718	
378	719	
378	720	
376	721	
377	721	
376	722	
375	723	
376	724	
376	725	
377	726	
375	727	
377	727	
377	728	
377	729	
377	730	
376	731	
376	732	
377	732	
377	733	
377	734	
377	735	
378	736	
377	737	
377	738	
375	739	
375	740	
375	741	
378	742	
378	743	
377	744	
377	745	
378	746	
378	747	
375	748	
378	748	
376	749	
376	750	
375	751	
375	752	
375	753	
375	754	
375	755	
375	756	
376	757	
376	758	
376	759	
379	760	
375	761	
375	762	
375	763	
375	764	
375	765	
376	766	
376	767	
377	768	
377	769	
375	770	
375	771	
375	772	
375	773	
377	774	
377	775	
377	776	
377	777	
375	778	
376	779	
376	780	
373	781	
373	782	
374	783	
374	784	
374	785	
374	786	
375	787	
375	788	
374	789	
373	790	
377	791	
375	792	
375	793	
373	794	
375	795	
375	796	
372	797	
371	798	
371	799	
371	800	
370	801	
371	802	
373	803	
373	804	
373	805	
371	806	
371	807	
371	808	
369	809	
369	810	
368	811	
367	812	
367	813	
368	814	
369	815	
369	816	
367	817	
367	818	
365	819	
365	820	
365	821	
367	822	
367	823	
367	824	
363	825	
363	826	
363	827	
363	828	
363	829	
361	830	
361	831	
361	832	
363	833	
363	834	
363	835	
363	836	
363	837	
364	837	
363	838	
363	839	
363	840	
363	841	
363	842	
362	843	
361	844	
360	845	
362	846	
361	847	
361	848	
360	849	
360	850	
363	851	
359	852	
359	853	
360	854	
361	855	
361	856	
363	857	
363	858	
359	859	
359	860	
359	861	
360	862	
359	863	
359	864	
359	865	
360	866	
360	867	
360	868	
361	869	
361	870	
360	871	
359	872	
359	873	
357	874	
359	875	
359	876	
357	877	
361	878	
360	879	
361	880	
357	881	
361	881	
357	882	
358	883	
358	884	
357	885	
357	886	
357	887	
357	888	
359	889	
361	890	
361	891	
357	892	
357	893	
357	894	
357	895	
357	896	
357	897	
357	898	
359	899	
359	900	
359	901	
359	902	
357	903	
357	904	
357	905	
357	906	
357	907	
358	908	
358	909	
358	910	
357	911	
355	912	
359	913	
359	914	
359	915	
359	916	
355	919	
357	937	
357	938	
357	940	
356	941	
357	942	
357	943	
357	944	
357	945	
357	946	
359	947	
361	951	
361	952	
365	969	
365	970	
363	971	
367	981	
367	1002	
373	1027	
385	1088	
385	1089	
383	1097	
383	1098	
383	1099	
