354	280	
355	281	
355	282	
354	283	
353	284	
355	285	
354	286	
355	287	
353	288	
354	289	
355	290	
355	291	
355	292	
354	293	
355	293	
354	294	
354	295	
354	296	
354	297	
354	298	
354	299	
354	300	
354	301	
354	302	
355	303	
355	304	
355	305	
353	306	
353	307	
353	308	
353	309	
353	310	
353	311	
353	312	
352	313	
353	314	
352	315	
352	316	
351	317	
352	318	
352	319	
352	320	
352	321	
355	322	
353	323	
353	324	
353	325	
353	326	
353	327	
353	328	
353	329	
353	330	
354	331	
355	331	
354	332	
354	333	
357	334	
355	335	
355	336	
355	337	
355	338	
355	339	
355	340	
356	341	
356	342	
357	342	
355	343	
355	344	
355	345	
355	346	
355	347	
356	347	
355	348	
355	349	
357	350	
356	351	
357	351	
357	352	
356	353	
356	354	
356	355	
357	356	
357	357	
357	358	
357	359	
357	360	
357	361	
357	362	
357	363	
357	364	
359	365	
357	366	
357	367	
357	368	
358	369	
358	370	
358	371	
357	372	
357	373	
367	377	
369	378	
369	379	
369	380	
369	381	
369	382	
367	383	
367	384	
367	385	
368	386	
367	387	
369	388	
369	389	
369	390	
369	391	
370	392	
369	393	
369	394	
370	395	
370	396	
369	397	
369	398	
369	399	
369	400	
369	401	
369	402	
369	403	
369	404	
369	405	
370	406	
371	407	
371	408	
370	409	
369	410	
369	411	
369	412	
369	413	
369	414	
371	415	
371	416	
371	417	
368	418	
368	419	
368	420	
368	421	
367	422	
367	423	
368	424	
368	425	
368	426	
368	427	
369	428	
367	429	
367	430	
366	431	
366	432	
366	433	
365	434	
366	435	
366	436	
366	437	
366	438	
366	439	
367	439	
367	440	
367	441	
367	442	
366	443	
367	443	
366	444	
365	445	
365	446	
365	447	
366	447	
365	448	
367	449	
367	450	
366	451	
366	452	
365	453	
366	453	
366	454	
366	455	
366	456	
368	457	
368	458	
366	459	
367	459	
366	460	
368	460	
367	461	
367	462	
365	463	
366	463	
366	464	
366	465	
366	466	
366	467	
366	468	
367	468	
367	469	
365	470	
365	471	
365	472	
365	473	
366	474	
366	475	
368	476	
366	477	
366	478	
365	479	
366	479	
366	480	
366	481	
366	482	
366	483	
366	484	
366	485	
366	486	
366	487	
366	488	
366	489	
365	490	
366	490	
365	491	
366	492	
365	493	
366	494	
366	495	
366	496	
366	497	
366	498	
366	499	
365	500	
366	500	
365	501	
365	502	
365	503	
365	504	
366	505	
366	506	
366	507	
366	508	
366	509	
366	510	
366	511	
366	512	
363	513	
363	514	
366	515	
366	516	
366	517	
365	518	
364	519	
363	520	
364	521	
363	522	
365	523	
365	524	
365	525	
366	526	
365	527	
365	528	
365	529	
365	530	
368	531	
367	532	
367	533	
367	534	
367	535	
367	536	
367	537	
369	538	
369	539	
369	540	
369	541	
367	542	
369	543	
369	544	
369	545	
369	546	
369	547	
371	548	
371	549	
373	550	
369	551	
369	552	
371	553	
371	554	
371	555	
371	556	
372	556	
371	557	
371	558	
372	559	
373	560	
375	561	
375	562	
372	563	
373	563	
372	564	
372	565	
373	565	
373	566	
373	567	
373	568	
373	569	
374	570	
375	571	
375	572	
375	573	
375	574	
375	575	
375	576	
375	577	
376	578	
376	579	
377	580	
378	581	
378	582	
378	583	
377	584	
377	585	
377	586	
377	587	
377	588	
378	589	
377	590	
377	591	
377	592	
378	593	
378	594	
378	595	
378	596	
378	597	
378	598	
378	599	
378	600	
379	601	
378	602	
379	603	
378	604	
378	605	
379	605	
379	606	
379	607	
380	608	
380	609	
377	610	
378	611	
377	612	
377	613	
379	614	
379	615	
381	616	
378	617	
377	618	
377	619	
378	620	
379	621	
380	622	
380	623	
381	624	
381	625	
380	626	
380	627	
379	628	
379	629	
379	630	
379	631	
379	632	
379	633	
378	634	
379	635	
379	636	
379	637	
379	638	
381	639	
379	640	
379	641	
379	642	
379	643	
379	644	
379	645	
379	646	
379	647	
379	648	
379	649	
379	650	
380	651	
379	652	
381	653	
380	654	
381	655	
381	656	
379	657	
379	658	
382	659	
379	660	
380	661	
379	662	
379	663	
379	664	
383	665	
380	666	
380	667	
381	668	
379	669	
382	669	
381	670	
379	671	
380	672	
379	673	
379	674	
380	674	
379	675	
379	676	
378	677	
379	678	
380	679	
379	680	
379	681	
379	682	
380	683	
379	684	
380	685	
380	686	
380	687	
381	687	
380	688	
379	689	
379	690	
380	691	
380	692	
379	693	
381	694	
381	695	
381	696	
377	697	
377	698	
378	699	
377	700	
377	701	
378	701	
377	702	
377	703	
379	704	
377	705	
376	706	
377	707	
377	708	
377	709	
377	710	
377	711	
377	712	
377	713	
377	714	
377	715	
377	716	
378	717	
378	718	
379	718	
377	719	
378	720	
376	721	
376	722	
376	723	
375	724	
377	725	
377	726	
377	727	
378	728	
377	729	
378	730	
377	731	
377	732	
378	732	
378	733	
377	734	
378	734	
377	735	
377	736	
379	737	
379	738	
379	739	
379	740	
379	741	
376	742	
377	743	
377	744	
377	745	
378	746	
378	747	
377	748	
375	749	
375	750	
379	751	
380	752	
377	753	
377	754	
378	755	
378	756	
375	757	
375	758	
379	759	
379	760	
379	761	
378	762	
377	763	
377	764	
378	765	
376	766	
375	767	
375	768	
375	769	
376	770	
378	771	
378	772	
379	773	
379	774	
375	775	
376	776	
375	777	
375	778	
375	779	
375	780	
375	781	
374	782	
374	783	
373	784	
373	785	
373	786	
373	787	
373	788	
373	789	
374	790	
376	790	
373	791	
373	792	
373	793	
373	794	
373	795	
373	796	
373	797	
372	798	
371	799	
371	800	
371	801	
371	802	
371	803	
371	804	
371	805	
373	806	
370	807	
369	808	
369	809	
369	810	
370	811	
371	812	
371	813	
368	814	
367	815	
367	816	
367	817	
367	818	
367	819	
365	820	
365	821	
365	822	
365	823	
363	824	
363	825	
363	826	
365	827	
365	828	
363	829	
363	830	
363	831	
362	832	
361	833	
361	834	
363	835	
361	836	
361	837	
361	838	
361	839	
361	840	
362	841	
362	842	
361	843	
361	844	
363	845	
363	846	
361	847	
361	848	
361	849	
361	850	
363	851	
362	852	
360	853	
361	854	
361	855	
361	856	
362	857	
362	858	
362	859	
362	860	
362	861	
360	862	
361	863	
361	864	
360	865	
359	866	
360	867	
361	868	
359	869	
359	870	
359	871	
359	872	
359	873	
359	874	
359	875	
359	876	
359	877	
359	878	
359	879	
359	880	
358	881	
359	881	
361	882	
360	883	
361	883	
361	884	
359	885	
361	886	
361	887	
361	888	
361	889	
359	890	
361	890	
359	891	
359	892	
357	893	
357	894	
360	895	
359	896	
357	897	
357	898	
360	899	
358	900	
358	901	
357	902	
357	903	
357	904	
357	905	
356	906	
356	907	
357	908	
357	909	
357	910	
357	911	
357	912	
359	913	
359	914	
359	915	
359	916	
359	917	
357	937	
357	938	
357	939	
357	940	
357	941	
357	942	
361	943	
360	944	
357	945	
357	946	
357	947	
357	948	
359	951	
359	952	
359	953	
357	955	
365	981	
369	985	
377	1025	
375	1026	
373	1027	
