287	73	
357	281	
357	282	
356	283	
359	284	
357	285	
357	286	
357	287	
357	288	
357	289	
357	290	
357	291	
357	292	
357	293	
359	294	
358	295	
357	296	
357	297	
357	298	
357	299	
357	300	
357	301	
357	302	
357	303	
357	304	
357	305	
355	306	
356	306	
355	307	
357	308	
357	309	
355	310	
355	311	
355	312	
355	313	
355	314	
355	315	
355	316	
355	317	
355	318	
355	319	
355	320	
355	321	
357	322	
357	323	
357	324	
355	325	
355	326	
356	326	
357	327	
357	328	
357	329	
357	330	
356	331	
359	332	
359	333	
357	334	
357	335	
357	336	
357	337	
357	338	
357	339	
357	340	
358	341	
357	342	
358	342	
357	343	
358	344	
358	345	
359	346	
359	347	
359	348	
359	349	
359	350	
359	351	
360	351	
359	352	
358	353	
358	354	
358	355	
358	356	
358	357	
359	357	
359	358	
359	359	
359	360	
359	361	
360	361	
359	362	
359	363	
359	364	
359	365	
359	366	
361	367	
361	368	
359	369	
360	370	
360	371	
359	372	
369	377	
369	378	
369	379	
369	380	
369	381	
371	382	
371	383	
369	384	
369	385	
373	386	
371	387	
371	388	
371	389	
371	390	
371	391	
371	392	
372	392	
372	393	
371	394	
371	395	
371	396	
372	397	
371	398	
371	399	
371	400	
372	401	
372	402	
372	403	
372	404	
372	405	
372	406	
372	407	
371	408	
372	409	
372	410	
372	411	
371	412	
371	413	
371	414	
371	415	
371	416	
371	417	
371	418	
371	419	
371	420	
371	421	
373	422	
373	423	
372	424	
370	425	
370	426	
370	427	
370	428	
370	429	
370	430	
369	431	
370	432	
370	433	
370	434	
368	435	
368	436	
368	437	
368	438	
368	439	
368	440	
368	441	
368	442	
368	443	
369	444	
368	445	
367	446	
367	447	
368	447	
368	448	
367	449	
367	450	
367	451	
367	452	
368	453	
368	454	
368	455	
368	456	
370	457	
371	457	
368	458	
368	459	
368	460	
368	461	
368	462	
368	463	
368	464	
367	465	
367	466	
367	467	
367	468	
368	469	
368	470	
368	471	
368	472	
368	473	
367	474	
367	475	
367	476	
367	477	
367	478	
367	479	
367	480	
367	481	
367	482	
367	483	
368	484	
369	485	
369	486	
369	487	
369	488	
368	489	
369	489	
369	490	
367	491	
368	491	
367	492	
367	493	
367	494	
368	495	
368	496	
368	497	
368	498	
368	499	
367	500	
368	500	
367	501	
368	501	
368	502	
368	503	
368	504	
368	505	
368	506	
368	507	
368	508	
367	509	
367	510	
367	511	
368	511	
367	512	
367	513	
367	514	
366	515	
366	516	
366	517	
366	518	
366	519	
367	520	
368	521	
369	522	
366	523	
367	524	
367	525	
367	526	
369	527	
369	528	
367	529	
367	530	
368	531	
371	532	
371	533	
371	534	
371	535	
369	536	
369	537	
369	538	
369	539	
369	540	
369	541	
370	542	
371	543	
371	544	
371	545	
371	546	
371	547	
372	548	
373	549	
373	550	
373	551	
373	552	
373	553	
374	554	
375	555	
375	556	
374	557	
374	558	
373	559	
377	560	
377	561	
377	562	
376	563	
376	564	
375	565	
375	566	
375	567	
375	568	
375	569	
376	569	
377	570	
377	571	
377	572	
377	573	
377	574	
378	575	
377	576	
378	577	
377	578	
379	579	
380	580	
381	581	
380	582	
381	582	
381	583	
380	584	
381	585	
380	586	
380	587	
381	588	
382	589	
379	590	
379	591	
380	592	
381	593	
381	594	
381	595	
380	596	
379	597	
379	598	
380	599	
379	600	
381	600	
380	601	
381	601	
381	602	
380	603	
381	604	
380	605	
381	605	
381	606	
381	607	
381	608	
381	609	
381	610	
381	611	
379	612	
380	613	
381	614	
380	615	
379	616	
383	617	
383	618	
381	619	
381	620	
382	621	
383	622	
382	623	
380	624	
381	625	
381	626	
381	627	
380	628	
381	629	
383	630	
383	631	
381	632	
381	633	
383	633	
383	634	
382	635	
381	636	
381	637	
381	638	
381	639	
381	640	
382	640	
381	641	
384	642	
385	643	
383	644	
381	645	
381	646	
381	647	
381	648	
382	648	
383	649	
383	650	
384	651	
381	652	
381	653	
384	654	
383	655	
383	656	
383	657	
383	658	
383	659	
381	660	
382	661	
385	662	
385	663	
385	664	
385	665	
385	666	
385	667	
381	668	
382	668	
383	668	
381	669	
381	670	
382	671	
384	671	
381	672	
382	673	
381	674	
381	675	
381	676	
381	677	
381	678	
381	679	
382	680	
381	681	
381	682	
382	683	
381	684	
382	685	
382	686	
381	687	
381	688	
381	689	
382	689	
381	690	
381	691	
385	692	
381	693	
380	694	
381	694	
380	695	
379	696	
379	697	
379	698	
379	699	
379	700	
379	701	
378	702	
378	703	
380	704	
379	705	
378	706	
380	706	
380	707	
379	708	
381	709	
379	710	
379	711	
380	712	
379	713	
380	713	
379	714	
380	715	
380	716	
379	717	
381	718	
381	719	
380	720	
380	721	
379	722	
379	723	
379	724	
379	725	
379	726	
379	727	
379	728	
379	729	
380	729	
380	730	
381	731	
379	732	
380	732	
379	733	
380	734	
380	735	
379	736	
380	737	
379	738	
380	739	
380	740	
379	741	
379	742	
379	743	
379	744	
379	745	
379	746	
379	747	
378	748	
379	748	
380	748	
379	749	
381	750	
382	751	
381	752	
381	753	
380	754	
381	754	
379	755	
379	756	
379	757	
381	758	
379	759	
379	760	
380	761	
380	762	
379	763	
379	764	
379	765	
380	766	
380	767	
377	768	
381	768	
377	769	
377	770	
377	771	
377	772	
377	773	
378	773	
377	774	
377	775	
377	776	
377	777	
377	778	
377	779	
376	780	
377	780	
376	781	
376	782	
377	783	
378	784	
378	785	
378	786	
377	787	
376	788	
375	789	
378	790	
377	791	
377	792	
377	793	
376	794	
375	795	
375	796	
375	797	
375	798	
375	799	
374	800	
373	801	
373	802	
373	803	
373	804	
373	805	
373	806	
373	807	
373	808	
373	809	
373	810	
375	811	
375	812	
371	813	
371	814	
370	815	
369	816	
371	817	
371	818	
369	819	
369	820	
367	821	
367	822	
367	823	
367	824	
367	825	
369	826	
365	827	
365	828	
365	829	
365	830	
365	831	
366	832	
365	833	
366	834	
364	835	
367	836	
367	837	
367	838	
367	839	
363	840	
363	841	
363	842	
363	843	
363	844	
363	845	
363	846	
364	847	
364	848	
365	848	
367	849	
367	850	
367	851	
367	852	
367	853	
367	854	
367	855	
363	856	
363	857	
363	858	
363	859	
363	860	
363	861	
363	862	
365	863	
365	864	
363	865	
363	866	
363	867	
362	868	
363	869	
365	870	
365	871	
365	872	
363	873	
363	874	
361	875	
361	876	
361	877	
361	878	
361	879	
361	880	
363	881	
363	882	
363	883	
363	884	
361	885	
361	886	
361	887	
363	888	
363	889	
363	890	
362	891	
361	892	
361	893	
363	894	
360	895	
363	896	
363	897	
361	898	
361	899	
360	900	
359	901	
359	902	
360	902	
362	903	
362	904	
362	905	
361	906	
361	907	
361	908	
363	909	
363	910	
359	911	
359	912	
361	913	
361	914	
361	949	
361	950	
361	951	
361	952	
363	953	
361	954	
361	955	
361	956	
