289	59	
358	280	
358	281	
358	282	
357	283	
357	284	
358	285	
359	286	
359	287	
359	288	
359	289	
359	290	
359	291	
359	292	
359	293	
359	294	
359	295	
359	296	
358	297	
358	298	
359	299	
359	300	
359	301	
359	302	
359	303	
358	304	
358	305	
358	306	
357	307	
357	308	
358	309	
358	310	
358	311	
358	312	
357	313	
357	314	
357	315	
357	316	
357	317	
357	318	
357	319	
357	320	
357	321	
358	322	
359	323	
358	324	
359	324	
358	325	
357	326	
357	327	
358	328	
359	329	
357	330	
358	330	
359	331	
359	332	
359	333	
359	334	
360	335	
361	336	
361	337	
359	338	
360	338	
359	339	
359	340	
359	341	
359	342	
359	343	
359	344	
359	345	
359	346	
362	347	
361	348	
360	350	
360	351	
360	352	
360	353	
360	354	
361	355	
361	356	
362	357	
361	358	
360	359	
361	360	
362	361	
361	362	
361	363	
361	364	
361	365	
361	366	
361	367	
361	368	
361	369	
361	370	
361	371	
361	372	
361	373	
373	378	
373	379	
373	380	
371	381	
371	382	
372	384	
372	385	
372	386	
373	387	
372	388	
372	389	
372	390	
373	391	
373	392	
373	393	
373	394	
373	395	
374	396	
374	397	
375	398	
375	399	
374	400	
373	401	
373	402	
373	403	
373	404	
373	405	
374	405	
373	406	
373	407	
373	408	
373	409	
373	410	
373	411	
373	412	
373	413	
373	414	
373	415	
373	416	
373	417	
373	418	
374	419	
374	420	
372	421	
372	422	
373	423	
372	424	
371	425	
372	425	
371	426	
371	427	
371	428	
372	428	
371	429	
371	430	
373	431	
373	432	
371	433	
370	434	
369	435	
369	436	
369	437	
369	438	
370	439	
370	440	
370	441	
370	442	
369	443	
369	444	
370	444	
370	445	
370	446	
370	447	
370	448	
370	449	
369	450	
370	451	
370	452	
370	453	
370	454	
370	455	
370	456	
370	457	
370	458	
370	459	
369	460	
370	461	
370	462	
370	463	
370	464	
370	465	
370	466	
369	467	
370	468	
370	469	
370	470	
370	471	
370	472	
370	473	
370	474	
369	475	
370	475	
370	476	
369	477	
370	478	
371	478	
371	479	
370	480	
370	481	
370	482	
370	483	
370	484	
369	485	
369	486	
369	487	
369	488	
369	489	
370	490	
370	491	
369	492	
369	493	
369	494	
370	495	
369	496	
370	497	
370	498	
370	499	
370	500	
370	501	
370	502	
369	503	
369	504	
369	505	
369	506	
369	507	
369	508	
369	509	
369	510	
368	511	
368	512	
368	513	
368	514	
368	515	
368	516	
368	517	
368	518	
368	519	
368	520	
368	521	
368	522	
367	523	
368	523	
369	524	
370	525	
369	526	
371	527	
371	528	
370	529	
370	530	
371	531	
371	532	
371	533	
371	534	
371	535	
371	536	
371	537	
373	538	
373	539	
373	540	
372	541	
373	542	
373	543	
373	544	
373	545	
373	546	
373	547	
375	548	
375	549	
374	550	
375	551	
375	552	
375	553	
375	554	
375	555	
375	556	
375	557	
375	558	
375	559	
377	560	
377	561	
377	562	
377	563	
378	564	
378	565	
377	566	
378	567	
379	568	
379	569	
378	570	
378	571	
378	572	
378	573	
378	574	
379	575	
379	576	
379	577	
379	578	
379	579	
380	580	
380	581	
382	582	
380	583	
381	584	
381	585	
381	586	
381	587	
381	588	
381	589	
384	590	
385	591	
381	592	
381	593	
381	594	
381	595	
383	595	
381	596	
381	597	
380	598	
382	599	
381	600	
382	601	
381	602	
381	603	
382	603	
382	604	
382	605	
382	606	
381	607	
381	608	
383	609	
383	610	
383	611	
381	612	
385	613	
385	614	
385	615	
382	616	
383	616	
381	617	
381	618	
381	619	
381	620	
381	621	
381	622	
381	623	
381	624	
381	625	
381	626	
381	627	
385	628	
381	629	
383	630	
383	631	
383	632	
383	633	
381	634	
381	635	
381	636	
385	637	
385	638	
385	639	
383	640	
383	641	
383	642	
385	643	
385	644	
385	645	
383	646	
386	647	
385	648	
384	649	
386	649	
386	650	
387	651	
387	652	
387	653	
387	654	
385	655	
385	656	
385	657	
387	658	
385	659	
386	660	
384	661	
383	662	
383	663	
383	664	
383	665	
384	666	
383	667	
384	668	
385	669	
385	670	
385	671	
386	671	
386	672	
385	673	
383	674	
383	675	
383	676	
382	677	
383	677	
382	678	
383	679	
387	680	
383	681	
383	682	
384	683	
384	684	
383	685	
383	686	
384	687	
384	688	
383	689	
383	690	
383	691	
382	692	
383	693	
384	693	
383	694	
382	695	
382	696	
381	697	
382	698	
382	699	
381	700	
381	701	
381	702	
381	703	
383	703	
381	704	
381	705	
382	706	
382	707	
382	708	
381	709	
381	710	
381	711	
381	712	
382	712	
381	713	
382	714	
381	715	
382	716	
382	717	
381	718	
382	719	
382	720	
382	721	
381	722	
382	723	
382	724	
382	725	
382	726	
382	727	
382	728	
381	729	
381	730	
381	731	
381	732	
381	733	
382	734	
382	735	
381	736	
382	737	
380	738	
380	739	
381	740	
382	740	
381	741	
381	742	
384	743	
383	744	
383	745	
383	746	
384	747	
384	748	
381	749	
382	750	
382	751	
381	752	
380	753	
380	754	
383	755	
382	756	
383	757	
383	758	
380	759	
382	760	
380	761	
379	762	
379	763	
380	764	
381	765	
382	766	
382	767	
380	768	
379	769	
379	770	
379	771	
381	772	
381	773	
380	774	
380	775	
379	776	
381	777	
381	778	
380	779	
381	779	
379	780	
379	781	
381	782	
379	783	
379	784	
378	785	
377	786	
377	787	
377	788	
377	789	
377	790	
378	791	
378	792	
377	793	
378	793	
378	794	
379	795	
380	796	
381	797	
375	798	
375	799	
375	800	
375	801	
375	802	
375	803	
376	803	
376	804	
375	805	
374	806	
373	807	
373	808	
373	809	
375	810	
375	811	
375	812	
375	813	
372	814	
373	815	
373	816	
371	817	
371	818	
371	819	
371	820	
369	821	
369	822	
369	823	
371	825	
371	826	
367	827	
367	828	
366	829	
367	829	
366	830	
367	831	
367	832	
367	833	
368	834	
368	835	
368	836	
366	837	
367	838	
367	839	
367	840	
368	841	
369	842	
369	843	
367	844	
367	845	
368	846	
369	847	
369	848	
367	849	
367	850	
365	851	
365	852	
366	853	
366	854	
367	855	
369	856	
369	857	
365	858	
365	859	
365	860	
365	861	
365	862	
367	863	
367	864	
365	865	
365	866	
368	867	
367	868	
367	869	
366	870	
365	871	
365	872	
367	873	
367	874	
367	875	
365	876	
366	877	
367	877	
367	878	
367	879	
367	880	
363	881	
363	882	
364	883	
367	884	
363	885	
363	886	
365	887	
365	888	
363	889	
363	890	
363	891	
365	892	
365	893	
365	894	
363	895	
363	896	
363	897	
363	898	
363	899	
363	900	
363	901	
363	902	
361	903	
362	903	
363	903	
362	904	
363	904	
363	905	
363	906	
362	907	
361	908	
361	909	
362	909	
361	910	
361	911	
365	912	
363	913	
363	914	
365	951	
365	952	
365	953	
363	955	
363	956	
363	957	
369	978	
369	979	
371	981	
373	989	
371	997	
371	998	
371	999	
371	1000	
371	1001	
381	1029	
379	1033	
383	1043	
381	1045	
