359	280	
360	280	
359	281	
359	282	
359	283	
359	284	
360	284	
360	285	
360	286	
360	287	
360	288	
360	289	
360	290	
360	291	
360	292	
360	293	
360	294	
361	295	
361	296	
360	297	
360	298	
359	299	
360	300	
360	301	
360	302	
359	303	
358	304	
358	305	
358	306	
358	307	
358	308	
358	309	
358	310	
358	311	
358	312	
357	313	
358	313	
357	314	
357	315	
358	316	
358	317	
358	318	
359	319	
359	320	
359	321	
359	322	
359	323	
358	324	
359	325	
359	326	
359	327	
359	328	
359	329	
359	330	
359	331	
359	332	
360	333	
360	334	
360	335	
360	336	
359	337	
360	338	
361	339	
361	340	
362	341	
361	342	
361	343	
361	344	
361	345	
360	346	
360	347	
361	348	
361	349	
361	350	
361	351	
361	352	
362	353	
363	353	
361	354	
361	355	
361	356	
361	357	
361	358	
363	359	
362	360	
362	361	
362	362	
362	363	
362	364	
362	365	
363	366	
363	367	
363	368	
364	369	
364	370	
364	371	
362	372	
373	378	
373	379	
371	380	
371	381	
371	382	
372	382	
373	383	
373	384	
374	385	
373	386	
373	387	
373	388	
373	389	
373	390	
375	391	
374	392	
375	392	
374	393	
374	394	
374	395	
374	396	
374	397	
374	398	
374	399	
374	400	
374	401	
375	402	
377	403	
376	404	
374	405	
375	405	
374	406	
374	407	
374	408	
374	409	
373	410	
373	411	
373	412	
373	413	
374	414	
375	415	
375	416	
375	417	
374	418	
374	419	
373	420	
374	420	
373	421	
374	422	
375	423	
375	424	
375	425	
373	426	
373	427	
372	428	
372	429	
372	430	
372	431	
373	432	
373	433	
371	434	
371	435	
370	436	
370	437	
370	438	
370	439	
370	440	
372	441	
373	442	
370	443	
370	444	
371	445	
371	446	
371	447	
370	448	
371	449	
372	450	
370	451	
370	452	
371	453	
371	454	
370	455	
370	456	
371	457	
372	458	
371	459	
371	460	
371	461	
371	462	
371	463	
372	464	
371	465	
371	466	
371	467	
372	468	
372	469	
373	469	
373	470	
372	471	
372	472	
371	473	
370	474	
369	475	
373	476	
370	477	
370	478	
370	479	
370	480	
372	481	
372	482	
372	483	
371	484	
371	485	
371	486	
371	487	
371	488	
372	489	
372	490	
371	491	
370	492	
370	493	
370	494	
372	495	
372	496	
371	497	
370	498	
370	499	
370	500	
369	501	
369	502	
370	503	
370	504	
370	505	
370	506	
369	507	
370	508	
370	509	
369	510	
370	511	
369	512	
370	513	
369	514	
369	515	
369	516	
369	517	
369	518	
369	519	
370	519	
370	520	
368	521	
369	521	
369	522	
369	523	
369	524	
368	525	
369	526	
371	527	
369	528	
373	529	
373	530	
373	531	
371	532	
371	533	
371	534	
371	535	
371	536	
375	537	
375	538	
375	539	
374	540	
375	541	
375	542	
375	543	
375	544	
375	545	
374	546	
376	547	
377	548	
377	549	
377	550	
376	551	
375	552	
375	553	
377	554	
377	555	
379	556	
377	557	
377	558	
377	559	
377	560	
379	561	
379	562	
379	563	
377	564	
377	565	
377	566	
379	567	
379	568	
380	568	
380	569	
380	570	
379	571	
381	572	
379	573	
380	574	
382	575	
382	576	
381	577	
381	578	
382	579	
382	580	
383	580	
382	581	
381	582	
381	583	
381	584	
381	585	
381	586	
383	587	
384	588	
381	589	
381	590	
381	591	
381	592	
381	593	
382	593	
383	594	
383	595	
383	596	
384	597	
382	598	
383	599	
383	600	
384	601	
385	602	
385	603	
385	604	
383	605	
383	606	
383	607	
384	608	
384	609	
383	610	
383	611	
381	612	
385	612	
385	613	
385	614	
385	615	
383	616	
383	617	
383	618	
385	619	
385	620	
385	621	
385	622	
381	623	
381	624	
381	625	
381	626	
385	627	
381	628	
381	629	
381	630	
382	631	
383	632	
383	633	
383	634	
383	635	
385	636	
384	637	
384	638	
382	639	
383	639	
383	640	
383	641	
385	642	
383	643	
387	644	
387	645	
384	646	
387	647	
383	648	
383	649	
383	650	
384	651	
385	652	
385	653	
385	654	
385	655	
385	656	
385	657	
385	658	
386	659	
384	660	
386	660	
384	661	
385	662	
385	663	
385	664	
386	664	
387	664	
386	665	
387	666	
387	667	
387	668	
386	669	
386	670	
385	671	
385	672	
385	673	
385	674	
386	675	
387	676	
384	677	
385	677	
384	678	
385	679	
387	680	
387	681	
386	682	
383	683	
387	683	
387	684	
383	685	
387	685	
387	686	
383	687	
383	688	
383	689	
383	690	
384	690	
383	691	
383	692	
383	693	
383	694	
383	695	
383	696	
383	697	
382	698	
383	699	
383	700	
381	701	
382	701	
381	702	
381	703	
381	704	
381	705	
382	706	
382	707	
381	708	
385	709	
385	710	
381	711	
383	711	
382	712	
383	713	
383	714	
384	714	
384	715	
381	716	
381	717	
381	718	
381	719	
381	720	
382	721	
382	722	
382	723	
382	724	
382	725	
381	726	
382	726	
383	727	
382	728	
385	729	
381	730	
381	731	
382	732	
381	733	
381	734	
381	735	
381	736	
382	737	
382	738	
381	739	
381	740	
381	741	
381	742	
381	743	
381	744	
381	745	
381	746	
381	747	
381	748	
381	749	
382	750	
382	751	
381	752	
381	753	
381	754	
382	755	
380	756	
382	756	
381	757	
382	758	
382	759	
382	760	
382	761	
381	762	
381	763	
381	764	
381	765	
381	766	
382	767	
380	768	
384	769	
384	770	
383	771	
384	771	
383	772	
383	773	
379	774	
380	775	
381	776	
380	777	
382	777	
379	778	
379	779	
379	780	
379	781	
379	782	
379	783	
379	784	
379	785	
379	786	
380	787	
379	788	
379	789	
378	790	
381	791	
377	792	
377	793	
377	794	
377	795	
377	796	
378	797	
377	798	
377	799	
377	800	
377	801	
377	802	
376	803	
375	804	
375	805	
379	806	
375	807	
375	808	
375	809	
375	810	
373	811	
373	812	
373	813	
374	814	
373	815	
373	816	
371	817	
371	818	
371	819	
373	820	
371	821	
369	822	
369	823	
370	824	
369	825	
370	826	
369	827	
369	828	
371	829	
370	830	
367	831	
367	832	
368	833	
371	833	
371	834	
368	835	
368	836	
367	837	
367	838	
367	839	
367	840	
368	840	
367	841	
367	842	
366	843	
367	843	
367	844	
367	845	
368	845	
367	846	
368	846	
367	847	
368	848	
369	849	
369	850	
368	851	
367	852	
367	853	
368	854	
367	855	
367	856	
367	857	
367	858	
367	859	
367	860	
367	861	
366	862	
366	863	
365	864	
365	865	
365	866	
367	867	
367	868	
365	869	
365	870	
365	871	
365	872	
365	873	
365	874	
365	875	
365	876	
365	877	
367	878	
367	879	
365	880	
365	881	
365	882	
365	883	
365	884	
365	885	
365	886	
367	887	
367	888	
367	889	
367	890	
367	891	
364	892	
363	893	
363	894	
363	895	
363	896	
363	897	
364	898	
363	899	
363	900	
363	901	
363	902	
363	903	
363	904	
364	905	
363	906	
363	907	
363	908	
365	909	
365	910	
365	911	
367	912	
363	951	
363	952	
363	953	
363	954	
373	991	
371	992	
383	1033	
383	1045	
389	1112	
