362	280	
362	281	
361	282	
362	283	
362	284	
362	285	
363	286	
363	287	
363	288	
363	289	
363	290	
362	291	
362	292	
362	293	
362	294	
362	295	
362	296	
362	297	
362	298	
362	299	
362	300	
362	301	
362	302	
362	303	
362	304	
362	305	
362	306	
362	307	
361	308	
361	309	
361	310	
361	311	
360	312	
360	313	
361	314	
361	315	
361	316	
361	317	
361	318	
361	319	
361	320	
361	321	
362	322	
361	323	
361	324	
361	325	
363	326	
362	327	
362	328	
362	329	
362	330	
362	331	
362	332	
362	333	
361	334	
362	335	
362	336	
362	337	
363	338	
363	339	
363	340	
363	341	
363	342	
363	343	
363	344	
363	345	
363	346	
363	347	
363	348	
363	349	
363	350	
363	351	
363	352	
365	353	
365	354	
365	355	
364	356	
364	357	
364	358	
364	359	
364	360	
364	361	
365	362	
365	363	
364	364	
364	365	
364	366	
363	367	
364	368	
365	369	
366	370	
365	371	
365	372	
365	373	
365	374	
373	380	
373	381	
373	382	
374	383	
375	384	
377	385	
377	386	
377	387	
377	388	
377	389	
377	390	
375	391	
376	391	
376	392	
378	393	
377	394	
376	395	
376	396	
375	397	
375	398	
377	399	
376	400	
376	401	
376	402	
376	403	
376	404	
376	405	
378	406	
379	407	
375	408	
376	409	
376	410	
376	411	
376	412	
376	413	
375	414	
376	414	
375	415	
375	416	
376	417	
376	418	
375	419	
375	420	
375	421	
375	422	
376	423	
375	424	
374	425	
374	426	
374	427	
375	428	
375	429	
375	430	
375	431	
375	432	
375	433	
373	434	
373	435	
373	436	
373	437	
373	438	
373	439	
373	440	
373	441	
371	442	
371	443	
371	444	
373	445	
373	446	
374	447	
374	448	
374	449	
374	450	
373	451	
373	452	
373	453	
374	454	
373	455	
373	456	
373	457	
373	458	
373	459	
373	460	
373	461	
373	462	
373	463	
373	464	
373	465	
373	466	
374	467	
374	468	
373	469	
373	470	
373	471	
373	472	
373	473	
374	473	
373	474	
373	475	
373	476	
373	477	
373	478	
373	479	
373	480	
373	481	
374	481	
373	482	
373	483	
373	484	
372	485	
373	486	
373	487	
374	488	
373	489	
373	490	
374	491	
374	492	
374	493	
374	494	
375	495	
374	496	
373	497	
373	498	
373	499	
374	499	
373	500	
373	501	
374	502	
373	503	
373	504	
371	505	
372	505	
371	506	
371	507	
372	508	
371	509	
371	510	
371	511	
371	512	
371	513	
371	514	
371	515	
372	516	
372	517	
372	518	
371	519	
371	520	
371	521	
371	522	
371	523	
372	523	
372	524	
371	525	
371	526	
371	527	
371	528	
375	529	
375	530	
373	531	
373	532	
373	533	
373	534	
373	535	
375	536	
375	537	
376	538	
376	539	
376	540	
377	540	
376	541	
377	542	
375	543	
375	544	
378	545	
377	546	
377	547	
379	548	
379	549	
379	550	
377	551	
377	552	
377	553	
377	554	
380	555	
380	556	
379	557	
379	558	
379	559	
381	560	
382	561	
381	562	
379	563	
379	564	
379	565	
380	566	
381	567	
381	568	
382	569	
382	570	
382	571	
382	572	
382	573	
385	574	
383	575	
383	576	
384	577	
384	578	
383	579	
383	580	
383	581	
384	582	
384	583	
384	584	
384	585	
383	586	
387	587	
387	588	
383	589	
384	590	
385	591	
386	592	
386	593	
385	594	
385	595	
383	596	
387	597	
385	598	
384	599	
385	600	
385	601	
386	601	
386	602	
387	603	
387	604	
386	605	
386	606	
386	607	
386	608	
386	609	
386	610	
385	611	
383	612	
385	613	
385	614	
385	615	
387	616	
385	617	
385	618	
385	619	
385	620	
383	621	
383	622	
387	623	
386	624	
386	625	
383	626	
383	627	
383	628	
383	629	
386	629	
384	630	
384	631	
384	632	
384	633	
384	634	
384	635	
385	636	
385	637	
386	637	
386	638	
387	639	
387	640	
387	641	
385	642	
385	643	
385	644	
385	645	
385	646	
385	647	
387	648	
387	649	
387	650	
387	651	
387	652	
387	653	
387	654	
387	655	
387	656	
387	657	
387	658	
388	659	
387	660	
388	661	
388	662	
387	663	
387	664	
389	665	
387	666	
387	667	
387	668	
388	669	
387	670	
388	671	
388	672	
387	673	
387	674	
387	675	
387	676	
387	677	
387	678	
387	679	
389	680	
388	681	
388	682	
389	683	
387	684	
387	685	
385	686	
385	687	
385	688	
388	689	
388	690	
388	691	
387	692	
386	693	
387	693	
385	694	
385	695	
385	696	
385	697	
385	698	
384	699	
383	700	
384	701	
384	702	
383	703	
383	704	
384	705	
383	706	
383	707	
385	708	
385	709	
387	710	
387	711	
384	712	
387	712	
387	713	
384	714	
384	715	
384	716	
385	717	
386	718	
385	719	
385	720	
386	721	
386	722	
386	723	
386	724	
387	724	
386	725	
386	726	
386	727	
386	728	
385	729	
385	730	
383	731	
383	732	
383	733	
384	733	
384	734	
384	735	
384	736	
384	737	
384	738	
384	739	
386	740	
384	741	
383	742	
384	742	
383	743	
383	744	
383	745	
383	746	
384	747	
383	748	
384	748	
383	749	
384	749	
384	750	
384	751	
384	752	
384	753	
384	754	
384	755	
385	756	
384	757	
385	757	
386	757	
384	758	
384	759	
384	760	
386	761	
387	762	
387	763	
387	764	
387	765	
383	766	
383	767	
383	768	
383	769	
383	770	
383	771	
383	772	
385	773	
385	774	
385	775	
386	776	
382	777	
381	778	
381	779	
385	779	
381	780	
381	781	
381	782	
381	783	
382	784	
384	785	
384	786	
384	787	
381	788	
381	789	
381	790	
381	791	
381	792	
381	793	
381	794	
381	795	
379	796	
379	797	
379	798	
379	799	
379	800	
380	801	
382	802	
379	803	
379	804	
379	805	
377	806	
377	807	
377	808	
381	809	
381	810	
379	811	
379	812	
378	813	
375	814	
377	815	
377	816	
377	817	
377	818	
377	819	
377	820	
373	821	
373	822	
373	823	
373	824	
371	825	
371	826	
371	827	
371	828	
371	829	
371	830	
371	831	
371	832	
373	833	
373	834	
370	835	
370	836	
370	837	
371	838	
371	839	
372	840	
370	841	
369	842	
371	843	
371	844	
371	845	
370	846	
369	847	
373	848	
373	849	
372	850	
372	851	
371	852	
370	853	
370	854	
371	855	
371	856	
371	857	
370	858	
370	859	
370	860	
371	861	
373	862	
373	863	
373	864	
369	865	
369	866	
369	867	
369	868	
369	869	
369	870	
369	871	
369	872	
371	873	
371	874	
369	875	
369	876	
369	877	
368	878	
367	879	
367	880	
367	881	
369	882	
371	883	
371	884	
371	885	
370	886	
371	886	
369	887	
369	888	
371	889	
371	890	
367	891	
367	892	
367	893	
367	894	
367	895	
367	896	
367	897	
367	898	
367	899	
367	900	
369	901	
369	902	
369	903	
369	904	
367	905	
365	906	
365	907	
365	908	
369	909	
369	910	
367	911	
367	912	
367	913	
365	949	
369	961	
375	995	
375	999	
379	1009	
385	1051	
385	1052	
389	1061	
391	1098	
393	1099	
