363	283	
362	284	
363	285	
363	286	
363	287	
364	288	
363	289	
363	290	
363	291	
364	292	
364	293	
363	294	
364	295	
364	296	
364	297	
363	298	
363	299	
363	300	
363	301	
363	302	
363	303	
363	304	
363	305	
363	306	
362	307	
362	308	
362	309	
361	310	
362	310	
361	311	
363	312	
363	313	
361	314	
362	314	
361	315	
361	316	
361	317	
361	318	
361	319	
362	320	
362	321	
362	322	
362	323	
363	324	
363	325	
363	326	
363	327	
363	328	
363	329	
362	330	
363	330	
363	331	
363	332	
363	333	
363	334	
363	335	
363	336	
363	337	
365	338	
365	339	
364	340	
364	341	
364	342	
364	343	
364	344	
363	345	
364	346	
364	347	
364	348	
363	349	
364	350	
364	351	
365	352	
365	353	
365	354	
365	355	
367	356	
367	357	
365	358	
364	359	
365	360	
365	361	
365	362	
365	363	
365	364	
365	365	
365	366	
365	367	
365	368	
365	369	
365	370	
365	371	
365	372	
365	373	
365	374	
365	375	
375	381	
375	382	
375	383	
375	384	
376	385	
376	386	
376	387	
377	388	
377	389	
377	390	
376	391	
377	392	
377	393	
378	394	
378	395	
379	396	
379	397	
379	398	
377	399	
379	399	
377	400	
377	401	
377	402	
378	403	
378	404	
378	405	
377	406	
377	407	
377	408	
377	409	
378	410	
378	411	
377	412	
377	413	
377	414	
377	415	
377	416	
377	417	
377	418	
377	419	
376	420	
376	421	
376	422	
376	423	
376	424	
376	425	
376	426	
376	427	
375	428	
375	429	
375	430	
374	431	
374	432	
374	433	
373	434	
373	435	
373	436	
373	437	
373	438	
373	439	
373	440	
373	441	
373	442	
373	443	
374	444	
374	445	
374	446	
374	447	
374	448	
374	449	
374	450	
375	451	
374	452	
374	453	
374	454	
374	455	
374	456	
374	457	
373	458	
373	459	
374	460	
374	461	
374	462	
374	463	
374	464	
374	465	
373	466	
373	467	
373	468	
375	469	
374	470	
375	471	
373	472	
373	473	
373	474	
373	475	
376	476	
376	477	
374	478	
375	478	
374	479	
374	480	
373	481	
373	482	
375	483	
375	484	
375	485	
373	486	
374	486	
373	487	
374	488	
374	489	
374	490	
374	491	
374	492	
375	493	
375	494	
375	495	
374	496	
374	497	
374	498	
375	498	
375	499	
375	500	
373	501	
373	502	
373	503	
373	504	
373	505	
374	505	
373	506	
374	507	
374	508	
374	509	
374	510	
374	511	
375	512	
375	513	
371	514	
371	515	
372	516	
373	517	
372	518	
372	519	
372	520	
372	521	
372	522	
371	523	
372	524	
373	525	
373	526	
373	527	
375	528	
375	529	
375	530	
375	531	
373	532	
375	533	
375	534	
377	535	
376	536	
377	536	
376	537	
377	538	
377	539	
378	540	
377	541	
377	542	
377	543	
378	544	
377	545	
377	546	
377	547	
377	548	
377	549	
377	550	
379	551	
379	552	
379	553	
379	554	
379	555	
379	556	
380	557	
380	558	
379	559	
379	560	
382	560	
380	561	
381	562	
383	563	
381	564	
381	565	
385	566	
385	567	
385	568	
381	569	
384	569	
383	570	
383	571	
384	572	
383	573	
383	574	
385	575	
385	576	
384	577	
384	578	
383	579	
385	580	
383	581	
384	581	
384	582	
385	583	
385	584	
385	585	
385	586	
385	587	
385	588	
385	589	
386	590	
386	591	
386	592	
385	593	
386	593	
386	594	
385	595	
386	595	
386	596	
385	597	
385	598	
385	599	
385	600	
386	601	
385	602	
385	603	
385	604	
385	605	
385	606	
386	607	
387	608	
385	609	
385	610	
385	611	
387	612	
387	613	
387	614	
385	615	
384	616	
383	617	
387	618	
387	619	
386	620	
386	621	
384	622	
385	622	
384	623	
387	624	
387	625	
387	626	
386	627	
385	628	
385	629	
386	630	
385	631	
386	632	
385	633	
385	634	
385	635	
385	636	
386	637	
387	638	
386	639	
386	640	
386	641	
387	642	
387	643	
389	644	
389	645	
389	646	
387	647	
387	648	
387	649	
389	650	
390	651	
390	652	
389	653	
390	653	
389	654	
388	655	
389	656	
390	657	
390	658	
389	659	
389	660	
388	661	
389	662	
389	663	
388	664	
390	665	
389	666	
390	667	
391	668	
391	669	
391	670	
390	671	
389	672	
390	673	
391	674	
387	675	
388	676	
387	677	
387	678	
387	679	
387	680	
387	681	
387	682	
390	683	
390	684	
388	685	
388	686	
388	687	
388	688	
387	689	
388	690	
388	691	
389	692	
386	693	
389	694	
385	695	
386	695	
385	696	
385	697	
385	698	
386	699	
386	700	
385	701	
385	702	
386	703	
385	704	
385	705	
386	706	
385	707	
385	708	
385	709	
386	710	
385	711	
386	711	
386	712	
385	713	
385	714	
385	715	
385	716	
385	717	
385	718	
386	719	
386	720	
385	721	
385	722	
386	723	
386	724	
385	725	
386	725	
385	726	
385	727	
385	728	
385	729	
385	730	
385	731	
385	732	
387	733	
385	734	
385	735	
385	736	
385	737	
384	738	
385	739	
386	740	
385	741	
386	741	
387	742	
387	743	
387	744	
386	745	
385	746	
386	746	
387	747	
387	748	
385	749	
386	749	
387	749	
385	750	
385	751	
386	752	
385	753	
386	754	
385	755	
385	756	
385	757	
385	758	
385	759	
385	760	
385	761	
385	762	
385	763	
385	764	
384	765	
383	766	
385	767	
383	768	
387	769	
387	770	
383	771	
384	771	
383	772	
383	773	
383	774	
383	775	
383	776	
383	777	
383	778	
384	779	
384	780	
383	781	
384	782	
384	783	
383	784	
383	785	
383	786	
383	787	
382	788	
381	789	
381	790	
381	791	
381	792	
381	793	
381	794	
381	795	
382	796	
381	797	
381	798	
381	799	
380	800	
379	801	
380	801	
379	802	
379	803	
379	804	
379	805	
379	806	
379	807	
381	808	
378	809	
378	810	
379	811	
379	812	
377	813	
377	814	
377	815	
375	816	
375	817	
375	818	
377	819	
377	820	
373	821	
373	822	
373	823	
373	824	
373	825	
372	826	
371	827	
371	828	
371	829	
371	830	
371	831	
371	832	
371	833	
371	834	
371	835	
372	835	
371	836	
371	837	
371	838	
371	839	
371	840	
371	841	
372	842	
371	843	
372	843	
371	844	
371	845	
371	846	
371	847	
371	848	
371	849	
371	850	
371	851	
371	852	
371	853	
371	854	
371	855	
371	856	
373	857	
373	858	
371	859	
371	860	
371	861	
371	862	
371	863	
371	864	
371	865	
371	866	
373	867	
373	868	
373	869	
373	870	
370	871	
369	872	
369	873	
373	874	
373	875	
371	876	
369	877	
369	878	
371	879	
371	880	
371	881	
371	882	
371	883	
369	884	
369	885	
369	886	
369	887	
369	888	
369	889	
369	890	
373	891	
373	892	
369	893	
371	894	
371	895	
371	896	
367	897	
367	898	
371	899	
371	900	
367	901	
367	902	
367	903	
371	904	
371	905	
368	906	
367	907	
367	908	
369	909	
369	910	
369	911	
369	912	
369	913	
367	914	
379	989	
379	992	
379	993	
379	994	
377	995	
377	996	
379	997	
377	1007	
377	1008	
377	1009	
377	1010	
377	1011	
377	1012	
385	1047	
389	1051	
393	1092	
393	1093	
393	1094	
393	1095	
