367	283	
368	284	
368	285	
368	286	
368	287	
368	288	
368	289	
369	290	
369	291	
369	292	
369	293	
369	294	
369	295	
369	296	
368	297	
368	298	
368	299	
368	300	
368	301	
368	302	
368	303	
368	304	
368	305	
368	306	
368	307	
367	308	
367	309	
367	310	
367	311	
367	312	
367	313	
367	314	
367	315	
369	316	
369	317	
368	318	
368	319	
368	320	
368	321	
368	322	
369	323	
368	324	
368	325	
368	326	
368	327	
368	328	
368	329	
368	330	
368	331	
368	332	
368	333	
368	334	
368	335	
368	336	
369	337	
371	338	
370	339	
369	340	
369	341	
369	342	
369	343	
369	344	
369	345	
369	346	
371	347	
371	348	
370	349	
369	350	
369	351	
369	352	
370	353	
370	354	
371	359	
370	360	
370	361	
370	362	
370	363	
370	364	
370	365	
371	366	
372	367	
371	368	
371	369	
373	370	
369	371	
372	372	
373	373	
371	374	
371	375	
371	376	
371	377	
371	378	
379	385	
379	386	
383	387	
383	388	
381	389	
381	390	
381	391	
381	392	
381	393	
381	394	
381	395	
381	396	
382	397	
382	398	
382	399	
382	400	
381	401	
382	402	
382	403	
382	404	
383	404	
381	405	
381	406	
382	407	
383	407	
381	408	
381	409	
381	410	
382	411	
382	412	
381	413	
381	414	
382	414	
383	415	
383	416	
382	417	
381	418	
382	419	
382	420	
382	421	
381	422	
382	423	
381	424	
380	425	
380	426	
379	427	
379	428	
380	429	
379	430	
379	431	
379	432	
380	433	
378	434	
378	435	
378	436	
378	437	
378	438	
378	439	
378	440	
377	441	
377	442	
377	443	
378	444	
378	445	
378	446	
378	447	
378	448	
378	449	
378	450	
378	451	
379	452	
380	453	
381	454	
379	455	
379	456	
378	457	
379	458	
379	459	
379	460	
379	461	
379	462	
379	463	
379	464	
380	465	
380	466	
379	467	
379	468	
379	469	
379	470	
381	471	
381	472	
380	473	
380	474	
380	475	
380	476	
379	477	
379	478	
379	479	
379	480	
379	481	
379	482	
378	483	
379	483	
379	484	
380	485	
380	486	
380	487	
378	488	
379	489	
378	490	
378	491	
378	492	
378	493	
378	494	
379	494	
378	495	
381	496	
378	497	
378	498	
378	499	
378	500	
377	501	
378	502	
378	503	
377	504	
380	505	
378	506	
378	507	
377	508	
377	509	
377	510	
378	511	
379	512	
378	513	
377	514	
378	515	
379	516	
377	517	
377	518	
377	519	
377	520	
378	521	
378	522	
378	523	
379	524	
379	525	
379	526	
377	527	
378	527	
377	528	
378	528	
377	529	
377	530	
377	531	
378	532	
378	533	
378	534	
379	535	
379	536	
379	537	
383	540	
383	541	
383	542	
385	543	
385	544	
384	545	
383	546	
383	547	
383	548	
386	549	
385	550	
386	550	
385	551	
384	552	
387	553	
387	554	
386	555	
385	556	
385	557	
385	558	
386	559	
387	560	
388	561	
388	562	
385	563	
387	564	
387	565	
388	566	
387	567	
387	568	
387	569	
388	570	
389	571	
389	572	
390	573	
389	574	
390	574	
389	575	
390	576	
389	577	
389	578	
389	579	
389	580	
389	581	
389	582	
389	583	
389	584	
389	585	
392	586	
392	587	
389	588	
389	589	
389	590	
389	591	
389	592	
389	593	
389	594	
390	595	
391	596	
389	597	
389	598	
389	599	
389	600	
389	601	
389	602	
389	603	
390	604	
389	605	
389	606	
390	607	
391	608	
390	609	
389	610	
389	611	
389	612	
390	613	
390	614	
389	615	
390	616	
389	617	
389	618	
390	619	
389	620	
389	621	
390	621	
390	622	
389	623	
391	624	
389	625	
389	626	
389	627	
389	628	
389	629	
389	630	
389	631	
389	632	
393	633	
393	634	
393	635	
393	636	
391	637	
391	638	
391	639	
391	640	
391	641	
391	642	
391	643	
392	644	
391	645	
391	646	
391	647	
392	648	
391	649	
391	650	
391	651	
391	652	
395	653	
395	654	
393	655	
393	656	
393	657	
393	658	
393	659	
393	660	
393	661	
394	662	
393	663	
394	664	
393	665	
393	666	
394	667	
394	668	
394	669	
394	670	
394	671	
393	672	
394	673	
394	674	
394	675	
395	675	
395	676	
394	677	
393	678	
393	679	
394	679	
393	680	
393	681	
393	682	
393	683	
396	684	
395	685	
393	686	
393	687	
394	688	
393	689	
393	690	
393	691	
392	692	
393	692	
392	693	
391	694	
391	695	
391	696	
391	697	
391	698	
391	699	
391	700	
392	701	
392	702	
393	703	
392	704	
393	705	
389	706	
389	707	
390	708	
391	709	
392	710	
391	711	
392	712	
391	713	
391	714	
392	715	
391	716	
391	717	
391	718	
391	719	
391	720	
391	721	
391	722	
391	723	
391	724	
390	725	
390	726	
390	727	
390	728	
389	729	
389	730	
389	731	
389	732	
393	733	
392	734	
393	735	
391	736	
391	737	
390	738	
390	739	
389	740	
390	741	
391	742	
389	743	
389	744	
389	745	
389	746	
389	747	
389	748	
390	749	
390	750	
389	751	
390	752	
389	753	
389	754	
390	755	
392	755	
392	756	
392	757	
390	758	
391	758	
390	759	
389	760	
389	761	
389	762	
390	763	
390	764	
390	765	
390	766	
390	767	
390	768	
390	769	
389	770	
390	771	
391	772	
390	773	
390	774	
389	775	
390	775	
389	776	
389	777	
389	778	
391	779	
388	780	
388	781	
388	782	
390	782	
391	783	
387	784	
387	785	
387	786	
388	787	
387	788	
388	789	
387	790	
387	791	
387	792	
387	793	
387	794	
386	795	
387	795	
386	796	
385	797	
385	798	
385	799	
385	800	
385	801	
385	802	
385	803	
384	804	
385	805	
385	806	
385	807	
383	808	
383	809	
383	810	
383	811	
387	812	
383	813	
383	814	
381	815	
381	816	
383	817	
379	818	
379	819	
379	820	
379	821	
379	822	
379	823	
379	824	
380	824	
379	825	
378	826	
380	826	
378	827	
381	828	
381	829	
382	830	
381	831	
381	832	
377	833	
378	834	
379	835	
380	836	
380	837	
378	838	
377	839	
377	840	
377	841	
377	842	
377	843	
377	844	
378	844	
378	845	
379	846	
379	847	
377	848	
377	849	
377	850	
377	851	
377	852	
378	852	
378	853	
378	854	
377	855	
378	855	
377	856	
377	857	
377	858	
378	858	
377	859	
380	860	
380	861	
380	862	
377	863	
377	864	
377	865	
381	866	
377	867	
377	868	
377	869	
377	870	
377	871	
377	872	
377	873	
377	874	
377	875	
377	876	
377	877	
377	878	
377	879	
376	880	
377	881	
377	882	
379	883	
379	884	
377	885	
377	886	
377	887	
375	888	
375	889	
375	890	
375	891	
375	892	
375	893	
379	894	
377	895	
377	896	
375	897	
375	898	
375	899	
375	900	
375	901	
375	902	
375	903	
375	904	
375	905	
375	906	
373	907	
373	908	
376	909	
376	910	
377	910	
375	911	
375	912	
375	913	
375	967	
375	968	
375	969	
376	969	
377	970	
381	991	
381	992	
385	993	
383	994	
383	999	
383	1005	
383	1006	
383	1007	
397	1087	
