371	282	
371	283	
370	284	
372	285	
372	286	
371	287	
370	288	
370	289	
370	290	
370	291	
370	292	
370	293	
370	294	
371	295	
371	296	
371	297	
371	298	
371	299	
371	300	
371	301	
370	302	
370	303	
370	304	
370	305	
370	306	
369	307	
369	308	
370	309	
370	310	
369	311	
369	312	
369	313	
370	314	
370	315	
370	316	
370	317	
369	318	
370	318	
369	319	
370	320	
371	321	
371	322	
370	323	
370	324	
370	325	
370	326	
370	327	
370	328	
370	329	
370	330	
370	331	
371	332	
373	333	
370	334	
370	335	
370	336	
372	337	
371	338	
372	338	
371	339	
371	340	
371	341	
371	342	
371	343	
372	344	
371	345	
371	346	
371	347	
373	348	
372	349	
373	350	
373	351	
371	352	
371	353	
371	354	
371	357	
371	358	
371	359	
373	360	
373	361	
373	362	
373	363	
374	364	
374	365	
373	366	
371	367	
373	368	
373	369	
373	370	
383	385	
383	386	
381	387	
381	388	
383	389	
383	390	
383	391	
384	391	
383	392	
384	392	
383	393	
383	394	
382	395	
383	396	
383	397	
383	398	
383	399	
383	400	
383	401	
383	402	
383	403	
383	404	
386	405	
385	406	
383	407	
383	408	
383	409	
383	410	
384	411	
383	412	
383	413	
383	414	
385	415	
385	416	
383	417	
382	418	
382	419	
382	420	
383	421	
383	422	
383	423	
383	424	
383	425	
383	426	
383	427	
383	428	
380	429	
380	430	
380	431	
383	432	
383	433	
382	434	
383	434	
380	435	
380	436	
380	437	
380	438	
379	439	
379	440	
379	441	
380	442	
379	443	
379	444	
381	445	
381	446	
379	447	
379	448	
379	449	
379	450	
380	451	
381	452	
381	453	
381	454	
380	455	
380	456	
380	457	
383	458	
382	459	
381	460	
381	461	
381	462	
380	463	
380	464	
381	465	
381	466	
381	467	
381	468	
381	469	
381	470	
380	471	
380	472	
383	473	
382	474	
380	475	
380	476	
380	477	
380	478	
380	479	
383	480	
383	481	
381	482	
381	483	
382	484	
382	485	
381	486	
381	487	
381	488	
382	489	
381	490	
380	491	
381	491	
380	492	
382	493	
383	494	
380	495	
380	496	
380	497	
380	498	
381	499	
381	500	
382	500	
380	501	
380	502	
381	503	
382	504	
380	505	
380	506	
380	507	
379	508	
380	509	
380	510	
379	511	
381	512	
377	513	
377	514	
379	515	
380	516	
380	517	
379	518	
379	519	
379	520	
379	521	
379	522	
380	522	
380	523	
380	524	
380	525	
380	526	
380	527	
379	528	
380	529	
379	530	
379	531	
379	532	
379	533	
381	534	
381	535	
381	536	
380	537	
381	538	
383	539	
383	540	
383	541	
387	544	
384	546	
385	548	
385	549	
385	550	
389	551	
388	552	
389	553	
387	554	
387	555	
387	556	
387	557	
389	558	
389	559	
389	560	
388	561	
390	562	
389	563	
389	564	
390	565	
391	566	
390	567	
390	568	
390	569	
391	570	
389	571	
389	572	
390	573	
391	573	
393	574	
393	575	
392	576	
392	577	
391	578	
391	579	
391	580	
391	581	
392	582	
391	583	
391	584	
391	585	
391	586	
391	587	
395	588	
391	589	
391	590	
391	591	
394	592	
391	593	
391	594	
391	595	
391	596	
391	597	
391	598	
391	599	
393	600	
391	601	
391	602	
392	603	
393	604	
389	605	
389	606	
389	607	
390	608	
392	609	
392	610	
391	611	
392	612	
392	613	
390	614	
390	615	
391	616	
391	617	
392	618	
392	619	
392	620	
391	621	
390	622	
391	623	
391	624	
392	625	
394	626	
393	627	
392	628	
391	629	
394	630	
392	631	
391	632	
391	633	
391	634	
391	635	
392	636	
391	637	
392	638	
393	639	
394	640	
394	641	
395	642	
395	643	
394	644	
394	645	
393	646	
393	647	
394	648	
393	649	
393	650	
393	651	
397	652	
396	653	
395	654	
395	655	
395	656	
395	657	
395	658	
395	659	
395	660	
396	661	
396	662	
397	663	
393	664	
395	665	
397	666	
397	667	
396	668	
396	669	
395	670	
395	671	
395	672	
396	672	
396	673	
395	674	
395	675	
397	675	
395	676	
395	677	
395	678	
396	679	
396	680	
396	681	
395	682	
396	683	
395	684	
394	685	
394	686	
393	687	
394	687	
394	688	
393	689	
394	690	
394	691	
393	692	
394	693	
393	694	
393	695	
393	696	
393	697	
395	697	
393	698	
393	699	
393	700	
393	701	
393	702	
395	703	
395	704	
393	705	
393	706	
393	707	
393	708	
393	709	
394	710	
393	711	
393	712	
393	713	
394	714	
393	715	
394	715	
393	716	
393	717	
393	718	
394	719	
394	720	
394	721	
393	722	
393	723	
393	724	
393	725	
393	726	
392	727	
392	728	
392	729	
393	730	
393	731	
393	732	
393	733	
394	734	
394	735	
395	736	
391	737	
391	738	
391	739	
391	740	
391	741	
391	742	
391	743	
391	744	
391	745	
392	745	
393	745	
391	746	
391	747	
396	748	
391	749	
391	750	
391	751	
391	752	
394	753	
392	754	
394	754	
393	755	
394	756	
391	757	
392	758	
392	759	
392	760	
391	761	
391	762	
393	762	
391	763	
391	764	
391	765	
391	766	
391	767	
391	768	
391	769	
391	770	
391	771	
391	772	
391	773	
391	774	
392	775	
393	776	
392	777	
391	778	
391	779	
391	780	
391	781	
392	782	
389	783	
389	784	
389	785	
389	786	
389	787	
389	788	
391	789	
389	790	
390	790	
389	791	
389	792	
389	793	
389	794	
389	795	
387	796	
388	797	
389	798	
389	799	
387	800	
387	801	
388	802	
388	803	
387	804	
387	805	
387	806	
387	807	
387	808	
389	809	
389	810	
385	811	
385	812	
383	813	
383	814	
383	815	
383	816	
383	817	
381	818	
381	819	
381	820	
382	821	
383	822	
381	823	
381	824	
380	825	
383	826	
379	827	
383	828	
382	829	
382	830	
380	831	
380	832	
381	833	
381	834	
381	835	
380	836	
379	837	
379	838	
383	839	
383	840	
383	841	
383	842	
379	843	
379	844	
379	845	
379	846	
379	847	
379	848	
379	849	
379	850	
379	851	
379	852	
379	853	
379	854	
379	855	
380	856	
379	857	
379	858	
380	859	
380	860	
380	861	
379	862	
380	862	
379	863	
380	863	
380	864	
382	865	
382	866	
382	867	
382	868	
379	869	
381	870	
381	871	
381	872	
379	873	
379	874	
379	875	
380	876	
381	877	
381	878	
379	879	
379	880	
379	881	
379	882	
379	883	
379	884	
379	885	
379	886	
377	887	
377	888	
381	889	
381	890	
379	891	
379	892	
379	893	
379	894	
377	895	
377	896	
381	897	
381	898	
377	899	
381	899	
377	900	
377	901	
377	902	
377	903	
377	904	
377	905	
377	906	
377	907	
377	908	
379	909	
385	993	
385	994	
385	995	
385	996	
385	997	
385	998	
389	1013	
399	1090	
399	1091	
401	1092	
