303	67	
303	68	
373	284	
373	285	
375	286	
375	287	
375	288	
374	289	
373	290	
374	291	
373	292	
373	293	
373	294	
374	294	
374	295	
373	296	
374	297	
374	298	
374	299	
374	300	
373	301	
373	302	
373	303	
373	304	
374	305	
373	306	
373	307	
373	308	
372	309	
372	310	
372	311	
372	312	
372	313	
372	314	
372	315	
373	316	
373	317	
373	318	
373	319	
374	320	
374	321	
374	322	
374	323	
374	324	
374	325	
373	326	
374	326	
373	327	
373	328	
374	329	
374	330	
373	331	
373	332	
373	333	
373	334	
374	335	
373	336	
373	337	
375	338	
374	339	
374	340	
374	341	
374	342	
374	343	
374	344	
374	345	
375	346	
375	347	
374	348	
374	349	
373	350	
373	351	
375	352	
375	353	
375	354	
375	355	
374	356	
374	357	
375	358	
375	359	
375	360	
375	361	
375	362	
377	363	
375	364	
375	365	
375	366	
387	393	
387	394	
387	395	
385	396	
385	397	
385	398	
385	399	
385	400	
387	401	
385	402	
385	403	
385	404	
386	405	
385	406	
385	407	
385	408	
385	409	
385	410	
385	411	
385	412	
387	413	
387	414	
384	415	
384	416	
387	417	
387	418	
386	419	
384	420	
383	421	
383	422	
383	423	
383	424	
385	425	
383	426	
383	427	
383	428	
383	429	
383	430	
385	431	
382	432	
382	433	
382	434	
382	435	
382	436	
382	437	
382	438	
381	439	
381	440	
381	441	
381	442	
382	443	
382	444	
381	445	
382	446	
382	447	
382	448	
382	449	
382	450	
382	451	
382	452	
382	453	
383	454	
383	455	
383	456	
384	457	
384	458	
384	459	
385	460	
385	461	
385	462	
384	463	
384	464	
384	465	
384	466	
384	467	
384	468	
383	469	
383	470	
384	471	
384	472	
383	473	
382	474	
385	475	
385	476	
383	477	
385	478	
384	479	
384	480	
384	481	
382	482	
383	482	
385	483	
385	484	
383	485	
383	486	
383	487	
382	488	
383	489	
383	490	
383	491	
384	492	
383	493	
382	494	
383	495	
384	496	
384	497	
385	498	
385	499	
382	500	
382	501	
382	502	
382	503	
382	504	
381	505	
381	506	
381	507	
381	508	
382	509	
383	510	
382	511	
381	512	
382	513	
382	514	
382	515	
381	516	
381	517	
381	518	
381	519	
382	519	
381	520	
382	521	
382	522	
382	523	
382	524	
382	525	
382	526	
384	527	
382	528	
382	529	
382	530	
382	531	
382	532	
382	533	
385	534	
385	535	
384	536	
383	537	
383	538	
383	539	
383	540	
383	541	
384	541	
385	542	
385	543	
385	544	
389	546	
389	547	
391	551	
391	552	
389	553	
389	554	
389	555	
391	556	
391	557	
392	558	
393	559	
393	560	
394	560	
390	561	
391	562	
391	563	
391	564	
392	565	
393	566	
392	567	
391	568	
391	569	
392	569	
392	570	
392	571	
393	572	
394	573	
394	574	
394	575	
393	576	
393	577	
393	578	
394	579	
394	580	
395	581	
395	582	
394	583	
393	584	
393	585	
393	586	
393	587	
395	588	
393	589	
393	590	
393	591	
395	593	
395	594	
393	595	
393	596	
394	597	
395	597	
395	598	
395	599	
391	600	
394	601	
393	602	
393	603	
393	604	
394	605	
394	606	
394	607	
393	608	
393	609	
392	610	
393	611	
393	612	
393	613	
393	614	
394	615	
394	616	
394	617	
393	618	
394	618	
395	619	
395	620	
396	621	
397	622	
393	623	
394	624	
393	625	
393	626	
393	627	
394	628	
393	629	
394	630	
394	631	
394	632	
394	633	
394	634	
395	635	
395	636	
395	637	
395	638	
396	639	
395	640	
395	641	
395	642	
395	643	
396	644	
395	645	
395	646	
395	647	
395	648	
396	649	
397	650	
396	651	
399	652	
396	653	
396	654	
397	655	
397	656	
397	657	
397	658	
397	659	
397	660	
398	660	
397	661	
397	662	
397	663	
398	663	
398	664	
397	665	
396	666	
397	666	
396	667	
397	668	
400	669	
401	670	
401	671	
401	672	
401	673	
401	674	
402	675	
401	676	
401	677	
396	678	
396	679	
396	680	
397	681	
397	682	
397	683	
397	684	
397	685	
398	685	
398	686	
398	687	
398	688	
397	689	
397	690	
397	691	
397	692	
396	693	
395	694	
396	695	
395	696	
395	697	
395	698	
395	699	
395	700	
395	701	
395	702	
396	703	
395	704	
395	705	
395	706	
395	707	
396	707	
395	708	
396	709	
395	710	
395	711	
395	712	
395	713	
395	714	
396	715	
394	716	
395	716	
395	717	
395	718	
397	719	
397	720	
395	721	
396	721	
395	722	
396	722	
395	723	
395	724	
395	725	
395	726	
395	727	
395	728	
395	729	
395	730	
395	731	
395	732	
395	733	
395	734	
395	735	
395	736	
395	737	
398	738	
398	739	
397	740	
397	741	
397	742	
397	743	
397	744	
397	745	
395	746	
395	747	
395	748	
395	749	
395	750	
395	751	
395	752	
395	753	
398	754	
398	755	
393	756	
394	756	
394	757	
395	758	
395	759	
396	760	
395	761	
395	762	
396	763	
394	764	
393	765	
394	766	
394	767	
397	768	
396	769	
396	770	
395	771	
394	772	
394	773	
393	774	
393	775	
393	776	
393	777	
393	778	
393	779	
393	780	
393	781	
393	782	
395	783	
393	784	
393	785	
392	786	
395	787	
395	788	
391	789	
391	790	
391	791	
391	792	
391	793	
391	794	
391	795	
391	796	
394	796	
389	797	
389	798	
389	799	
389	800	
390	801	
390	802	
389	803	
389	804	
391	805	
391	806	
391	807	
387	808	
387	809	
387	810	
387	811	
389	812	
387	813	
385	814	
385	815	
385	816	
385	817	
384	818	
385	819	
385	820	
385	821	
385	822	
384	823	
384	824	
384	825	
385	826	
384	827	
384	828	
384	829	
383	830	
383	831	
383	832	
383	833	
383	834	
383	835	
383	836	
383	837	
383	838	
383	839	
384	840	
387	841	
387	842	
382	843	
383	843	
383	844	
381	845	
385	846	
385	847	
385	848	
385	849	
385	850	
385	851	
383	852	
383	853	
383	854	
383	855	
384	856	
384	857	
383	858	
383	859	
383	860	
383	861	
383	862	
384	863	
383	864	
383	865	
383	866	
383	867	
383	868	
382	869	
381	870	
385	871	
385	872	
383	873	
383	874	
385	875	
385	876	
381	877	
381	878	
384	879	
383	880	
384	880	
383	881	
383	882	
385	883	
385	884	
381	885	
381	886	
381	887	
381	888	
381	889	
381	890	
381	891	
381	892	
381	893	
381	894	
381	895	
381	896	
381	897	
381	898	
383	899	
383	900	
379	901	
379	902	
381	903	
382	904	
383	905	
383	906	
381	907	
381	908	
381	909	
381	910	
381	911	
391	1009	
389	1011	
