305	55	
305	56	
305	57	
375	283	
375	284	
374	285	
373	286	
374	287	
374	288	
374	289	
373	290	
374	291	
374	292	
375	293	
376	294	
375	295	
374	296	
374	297	
374	298	
374	299	
374	300	
374	301	
374	302	
374	303	
374	304	
374	305	
375	306	
374	307	
374	308	
373	309	
373	310	
373	311	
373	312	
373	313	
374	314	
374	315	
374	316	
375	317	
375	318	
375	319	
375	320	
374	321	
373	322	
373	323	
374	324	
374	325	
374	326	
374	327	
375	328	
374	329	
374	330	
374	331	
374	332	
374	333	
374	334	
374	335	
374	336	
374	337	
375	337	
374	338	
374	339	
374	340	
374	341	
375	342	
375	343	
374	344	
374	345	
375	346	
376	347	
377	348	
377	349	
376	350	
375	351	
375	352	
376	355	
375	356	
375	357	
375	358	
376	359	
375	360	
375	361	
377	362	
377	363	
377	364	
385	394	
385	395	
385	396	
385	397	
385	398	
385	399	
385	400	
385	401	
387	402	
387	403	
387	404	
386	405	
385	406	
385	407	
385	408	
387	408	
389	409	
385	410	
385	411	
385	412	
385	413	
385	414	
387	415	
387	416	
387	417	
385	418	
385	419	
387	420	
385	421	
386	422	
387	423	
383	424	
384	425	
385	426	
384	427	
385	427	
384	428	
385	428	
384	429	
384	430	
383	431	
383	432	
383	433	
383	434	
383	435	
383	436	
384	437	
383	438	
382	439	
382	440	
385	441	
385	442	
384	443	
382	444	
383	445	
383	446	
383	447	
383	448	
385	449	
385	450	
383	451	
383	452	
383	453	
384	454	
384	455	
384	456	
384	457	
383	458	
384	459	
384	460	
384	461	
383	462	
384	462	
384	463	
384	464	
384	465	
384	466	
383	467	
384	467	
383	468	
383	469	
383	470	
384	471	
384	472	
383	473	
384	473	
384	474	
384	475	
385	476	
385	477	
385	478	
385	479	
385	480	
384	481	
384	482	
384	483	
384	484	
384	485	
384	486	
384	487	
383	488	
383	489	
384	490	
385	491	
385	492	
384	493	
383	494	
384	495	
384	496	
384	497	
384	498	
383	499	
383	500	
384	501	
384	502	
383	503	
383	504	
383	505	
384	506	
383	507	
383	508	
383	509	
383	510	
383	511	
384	512	
382	513	
382	514	
382	515	
382	516	
382	517	
382	518	
382	519	
382	520	
382	521	
384	522	
384	523	
384	524	
384	525	
384	526	
385	526	
384	527	
383	528	
383	529	
383	530	
384	531	
384	532	
384	533	
384	534	
384	535	
383	536	
383	537	
383	538	
385	539	
385	540	
385	541	
385	542	
387	543	
385	544	
385	545	
389	546	
389	547	
389	549	
389	550	
389	551	
389	552	
391	554	
391	555	
393	556	
391	557	
393	557	
391	558	
391	559	
392	560	
391	561	
391	562	
391	563	
395	564	
395	565	
395	566	
393	567	
393	568	
393	569	
393	570	
393	571	
395	572	
396	573	
396	574	
394	575	
393	576	
394	577	
395	578	
393	579	
393	580	
393	581	
397	582	
397	583	
395	584	
395	585	
395	586	
395	587	
395	588	
395	589	
393	590	
393	591	
393	592	
393	593	
393	594	
393	595	
394	596	
393	597	
394	597	
393	598	
393	599	
393	600	
393	601	
393	602	
394	603	
394	604	
394	605	
393	606	
394	607	
393	608	
394	609	
394	610	
396	611	
396	612	
393	613	
393	614	
394	615	
394	616	
396	617	
393	618	
396	618	
394	619	
394	620	
396	621	
396	622	
396	623	
396	624	
395	625	
395	626	
396	626	
395	627	
395	628	
395	629	
395	630	
396	631	
396	632	
395	633	
396	634	
396	635	
395	636	
395	637	
396	638	
396	639	
395	640	
395	641	
396	642	
396	643	
398	644	
398	645	
398	646	
397	647	
397	648	
399	649	
399	650	
397	651	
399	652	
398	653	
399	654	
397	655	
397	656	
401	657	
401	658	
401	659	
397	660	
400	661	
399	662	
400	663	
400	664	
399	665	
399	666	
400	667	
397	668	
399	669	
399	670	
400	671	
399	672	
397	673	
398	674	
401	675	
400	676	
399	677	
398	678	
399	679	
398	680	
399	681	
398	682	
398	683	
398	684	
397	685	
397	686	
398	687	
398	688	
398	689	
398	690	
398	691	
397	692	
397	693	
397	694	
398	695	
397	696	
398	697	
397	698	
397	699	
396	700	
396	701	
396	702	
396	703	
396	704	
395	705	
396	706	
396	707	
396	708	
396	709	
395	710	
396	710	
395	711	
395	712	
395	713	
395	714	
395	715	
396	715	
396	716	
395	717	
395	718	
395	719	
395	720	
397	721	
397	722	
397	723	
396	724	
395	725	
395	726	
395	727	
396	728	
395	729	
395	730	
395	731	
395	732	
395	733	
395	734	
398	735	
398	736	
395	737	
396	737	
395	738	
395	739	
395	740	
395	741	
394	742	
395	743	
395	744	
395	745	
395	746	
395	747	
395	748	
395	749	
395	750	
398	750	
395	751	
395	752	
395	753	
395	754	
395	755	
395	756	
397	757	
397	758	
396	759	
396	760	
395	761	
395	762	
395	763	
395	764	
395	765	
395	766	
395	767	
395	768	
395	769	
395	770	
397	771	
393	772	
393	773	
395	774	
395	775	
396	776	
393	777	
394	778	
396	779	
395	780	
395	781	
394	782	
396	782	
394	783	
394	784	
394	785	
395	786	
395	787	
394	788	
392	789	
392	790	
392	791	
392	792	
393	793	
392	794	
393	794	
391	795	
392	796	
391	797	
392	797	
393	798	
393	799	
391	800	
391	801	
391	802	
393	803	
393	804	
389	805	
389	806	
389	807	
391	808	
389	809	
389	810	
389	811	
389	812	
387	813	
387	814	
387	815	
387	816	
385	817	
385	818	
385	819	
385	820	
387	821	
387	822	
387	823	
387	824	
387	825	
387	826	
387	827	
387	828	
384	829	
384	830	
384	831	
384	832	
383	833	
385	834	
385	835	
385	836	
385	837	
387	838	
384	839	
383	840	
383	841	
384	841	
387	842	
387	843	
387	844	
383	845	
387	846	
387	847	
387	848	
383	849	
383	850	
384	851	
384	852	
383	853	
383	854	
383	855	
383	856	
383	857	
383	858	
384	859	
386	860	
387	861	
387	862	
383	863	
383	864	
383	865	
383	866	
387	867	
386	868	
385	869	
384	870	
384	871	
383	872	
384	872	
383	873	
383	874	
383	875	
384	876	
385	877	
385	878	
384	879	
383	880	
383	881	
383	882	
383	883	
383	884	
383	885	
383	886	
383	887	
382	888	
383	888	
383	889	
383	890	
383	891	
383	892	
385	893	
385	894	
385	895	
385	896	
381	897	
381	898	
381	899	
381	900	
385	901	
383	902	
383	903	
383	904	
383	905	
382	906	
381	907	
381	908	
383	909	
383	910	
391	993	
391	1019	
403	1072	
403	1073	
