305	75	
305	76	
305	77	
305	78	
377	284	
376	286	
376	287	
376	288	
377	289	
377	290	
377	291	
376	292	
376	293	
376	294	
376	295	
376	296	
377	297	
377	298	
377	299	
376	300	
376	301	
376	302	
377	303	
376	304	
376	305	
376	306	
376	307	
376	308	
376	309	
376	310	
376	311	
376	312	
377	313	
376	314	
376	315	
376	316	
377	316	
377	317	
377	318	
377	319	
377	320	
376	321	
376	322	
376	323	
376	324	
376	325	
376	326	
376	327	
376	328	
376	329	
376	330	
376	331	
376	332	
376	333	
376	334	
376	335	
377	336	
377	337	
377	338	
377	339	
377	340	
377	341	
377	342	
377	343	
377	344	
377	345	
377	346	
378	347	
378	348	
377	349	
378	350	
377	351	
377	352	
377	353	
377	354	
377	355	
377	356	
377	357	
377	358	
378	359	
378	360	
378	361	
378	362	
379	363	
379	364	
389	397	
387	399	
387	400	
387	401	
387	402	
387	403	
387	404	
387	405	
389	406	
389	407	
389	408	
387	409	
387	410	
387	411	
387	412	
387	413	
387	414	
387	415	
387	416	
389	417	
389	418	
386	419	
386	420	
385	421	
385	422	
385	423	
385	424	
386	426	
385	427	
386	428	
387	429	
385	430	
385	431	
385	432	
385	433	
385	434	
384	435	
385	436	
385	437	
385	438	
384	439	
384	440	
386	440	
386	441	
385	442	
384	443	
384	444	
384	445	
384	446	
385	447	
385	448	
385	449	
385	450	
385	451	
385	452	
385	453	
385	454	
385	455	
386	456	
386	457	
386	458	
386	459	
386	460	
386	461	
386	462	
385	463	
389	464	
388	465	
386	466	
386	467	
386	468	
386	469	
386	470	
386	471	
386	472	
387	473	
387	474	
386	475	
385	476	
385	477	
385	478	
385	479	
385	480	
386	481	
386	482	
386	483	
386	484	
386	485	
385	486	
386	486	
385	487	
387	488	
385	489	
385	490	
385	491	
385	492	
385	493	
386	494	
386	495	
387	496	
385	497	
385	498	
385	499	
385	500	
385	501	
386	502	
385	503	
385	504	
385	505	
384	506	
384	507	
386	508	
385	509	
385	510	
386	511	
383	512	
384	513	
384	514	
384	515	
384	516	
384	517	
384	518	
385	519	
386	520	
383	521	
384	522	
386	523	
386	524	
385	525	
386	526	
386	527	
387	528	
386	529	
386	530	
386	531	
386	532	
386	533	
386	534	
387	535	
386	536	
387	537	
386	538	
386	539	
386	540	
387	541	
387	542	
387	543	
387	544	
387	545	
389	546	
387	547	
388	547	
387	548	
387	549	
391	550	
391	551	
391	554	
391	558	
395	559	
395	560	
393	561	
393	562	
393	563	
393	564	
393	565	
395	566	
396	566	
393	567	
393	568	
395	569	
395	570	
395	571	
395	572	
395	573	
399	574	
395	575	
395	576	
395	577	
397	578	
395	579	
395	580	
395	581	
399	582	
397	583	
397	584	
395	585	
395	586	
395	587	
395	588	
395	589	
395	590	
395	591	
397	592	
395	593	
395	594	
395	595	
395	596	
395	597	
395	598	
395	599	
395	600	
395	601	
395	602	
395	603	
395	604	
396	604	
398	605	
398	606	
397	607	
397	608	
397	609	
396	610	
395	611	
396	611	
398	612	
395	613	
396	614	
396	615	
396	616	
397	617	
398	618	
397	619	
398	620	
398	621	
397	622	
397	623	
397	624	
397	625	
397	626	
398	626	
397	627	
398	628	
397	629	
398	630	
401	631	
397	632	
398	632	
401	632	
398	633	
398	634	
398	635	
398	636	
398	637	
398	638	
398	639	
398	640	
399	641	
399	642	
397	643	
398	644	
398	645	
400	646	
398	647	
398	648	
399	649	
399	650	
399	651	
399	652	
400	652	
400	653	
399	654	
399	655	
400	656	
403	657	
403	658	
403	659	
403	660	
403	661	
402	662	
402	663	
401	664	
402	664	
402	665	
401	666	
401	667	
401	668	
401	669	
401	670	
400	671	
401	671	
401	672	
401	673	
401	674	
401	675	
401	676	
401	677	
401	678	
401	679	
402	680	
402	681	
401	682	
400	683	
400	684	
399	685	
399	686	
400	687	
399	688	
400	689	
400	690	
400	691	
401	692	
400	693	
399	694	
399	695	
398	696	
397	697	
397	698	
401	699	
401	700	
401	701	
397	702	
397	703	
397	704	
397	705	
398	706	
398	707	
398	708	
398	709	
400	709	
400	710	
400	711	
398	712	
397	713	
397	714	
397	715	
397	716	
397	717	
398	718	
401	718	
401	719	
400	720	
401	720	
400	721	
398	722	
397	723	
397	724	
398	725	
399	726	
399	727	
400	728	
400	729	
397	730	
397	731	
397	732	
397	733	
397	734	
397	735	
398	735	
397	736	
397	737	
398	738	
398	739	
397	740	
397	741	
398	742	
398	743	
397	744	
398	745	
397	746	
400	747	
400	748	
397	749	
398	750	
398	751	
399	752	
398	753	
398	754	
401	755	
400	756	
398	757	
399	757	
398	758	
399	759	
398	760	
398	761	
398	762	
397	763	
397	764	
397	765	
397	766	
398	766	
399	767	
399	768	
397	769	
397	770	
397	771	
397	772	
399	773	
399	774	
395	775	
395	776	
395	777	
399	778	
395	779	
395	780	
395	781	
395	782	
395	783	
395	784	
395	785	
395	786	
395	787	
396	788	
395	789	
395	790	
396	791	
397	792	
397	793	
395	794	
395	795	
393	796	
393	797	
393	798	
394	799	
394	800	
393	801	
393	802	
392	803	
391	804	
391	805	
391	806	
391	807	
393	808	
395	809	
395	810	
391	811	
391	812	
391	813	
388	814	
388	815	
388	816	
388	817	
388	818	
387	819	
387	820	
389	821	
389	822	
387	823	
387	824	
387	825	
389	826	
389	827	
389	828	
388	829	
388	830	
387	831	
388	832	
387	833	
387	834	
387	835	
387	836	
387	837	
387	838	
388	838	
388	839	
388	840	
387	841	
387	842	
388	843	
385	844	
385	845	
385	846	
385	847	
386	848	
387	849	
387	850	
386	851	
385	852	
387	853	
387	854	
385	855	
385	856	
389	857	
389	858	
385	859	
385	860	
385	861	
387	862	
387	863	
388	864	
388	865	
387	866	
386	867	
385	868	
385	869	
385	870	
389	871	
389	872	
385	873	
387	874	
388	875	
388	876	
385	877	
385	878	
385	879	
389	880	
386	881	
386	882	
386	883	
386	884	
387	885	
387	886	
388	887	
389	888	
389	889	
385	890	
385	891	
387	892	
387	893	
387	894	
386	895	
385	896	
385	897	
385	898	
385	899	
386	900	
389	901	
385	902	
385	903	
387	904	
387	905	
387	906	
387	907	
385	908	
397	1031	
399	1033	
405	1078	
405	1079	
405	1080	
405	1093	
405	1094	
405	1095	
