378	284	
377	285	
377	286	
377	287	
377	288	
377	289	
377	290	
377	291	
377	292	
378	293	
378	294	
378	295	
378	296	
379	297	
379	298	
379	299	
377	300	
377	301	
378	302	
378	303	
377	304	
377	305	
377	306	
378	307	
377	308	
378	308	
377	309	
377	310	
377	311	
377	312	
377	313	
377	314	
376	315	
376	316	
376	317	
376	318	
377	319	
377	320	
378	320	
378	321	
377	322	
377	323	
377	324	
377	325	
379	326	
378	327	
377	328	
377	329	
378	330	
378	331	
377	332	
377	333	
377	334	
377	335	
377	336	
377	337	
377	338	
377	339	
378	340	
378	341	
378	342	
378	343	
378	344	
378	345	
379	346	
378	347	
378	348	
378	349	
377	350	
377	351	
377	352	
377	353	
377	354	
377	356	
378	357	
379	358	
380	359	
379	360	
379	361	
379	362	
379	363	
379	364	
379	365	
387	398	
387	399	
387	400	
387	401	
387	402	
387	403	
388	403	
389	404	
391	405	
389	406	
390	406	
387	408	
389	409	
388	410	
389	410	
387	411	
387	412	
387	413	
387	414	
387	415	
387	416	
388	416	
388	417	
387	418	
387	419	
387	420	
386	422	
386	423	
386	424	
385	425	
385	426	
385	427	
385	428	
385	429	
385	430	
385	431	
386	432	
385	433	
385	434	
385	435	
385	436	
385	437	
386	438	
386	439	
386	440	
385	441	
385	442	
386	443	
386	444	
385	445	
386	445	
385	446	
386	446	
386	447	
386	448	
385	449	
389	450	
389	451	
385	452	
386	453	
387	454	
387	455	
388	456	
387	457	
386	458	
387	459	
388	460	
388	461	
388	462	
387	463	
388	463	
387	464	
387	465	
388	465	
388	466	
387	467	
388	468	
387	469	
387	470	
387	471	
387	472	
387	473	
387	474	
386	475	
386	476	
386	477	
387	478	
389	478	
387	479	
387	480	
387	481	
387	482	
387	483	
387	484	
387	485	
387	486	
388	487	
386	488	
386	489	
388	490	
387	491	
387	492	
387	493	
386	494	
386	495	
386	496	
386	497	
385	498	
385	499	
386	500	
386	501	
387	502	
388	503	
386	504	
386	505	
386	506	
385	507	
385	508	
386	509	
386	510	
385	511	
387	512	
385	513	
385	514	
385	515	
385	516	
385	517	
386	518	
386	519	
387	519	
385	520	
385	521	
385	522	
386	523	
387	524	
388	525	
389	526	
389	527	
389	528	
389	529	
389	530	
389	531	
389	532	
386	533	
386	534	
387	535	
387	536	
387	537	
387	538	
387	539	
387	540	
387	541	
387	542	
387	543	
390	544	
390	545	
390	546	
389	547	
387	548	
389	548	
389	549	
389	550	
389	551	
389	552	
389	553	
393	556	
393	564	
397	566	
397	567	
397	568	
395	569	
395	570	
395	571	
395	572	
395	573	
395	574	
399	574	
395	575	
395	578	
395	579	
395	580	
397	581	
397	582	
396	583	
395	584	
397	585	
395	586	
395	587	
397	588	
395	589	
395	590	
396	590	
395	591	
397	592	
397	593	
396	594	
396	595	
397	596	
396	597	
397	597	
395	598	
397	599	
397	600	
396	601	
397	602	
397	603	
398	604	
398	605	
396	606	
398	607	
396	608	
397	608	
397	609	
398	609	
397	610	
397	611	
397	612	
397	613	
398	614	
397	615	
397	616	
397	617	
397	618	
397	619	
398	620	
398	621	
398	622	
398	623	
398	624	
399	625	
398	626	
399	627	
399	628	
399	629	
400	630	
399	631	
399	632	
399	633	
400	634	
401	635	
401	636	
400	637	
399	638	
400	639	
400	640	
400	641	
400	642	
400	643	
400	644	
399	645	
399	646	
399	647	
399	648	
399	649	
400	650	
399	651	
399	652	
400	653	
399	654	
399	655	
399	656	
401	657	
401	658	
401	659	
401	660	
401	661	
401	662	
401	663	
401	664	
401	665	
401	666	
402	667	
402	668	
401	669	
401	670	
401	671	
401	672	
402	673	
402	674	
404	674	
402	675	
402	676	
401	677	
401	678	
401	679	
402	679	
403	680	
401	681	
402	682	
401	683	
400	684	
400	685	
401	686	
400	687	
400	688	
401	689	
400	690	
401	690	
402	691	
399	692	
402	693	
402	694	
401	695	
401	696	
401	697	
399	698	
398	699	
399	700	
399	701	
399	702	
399	703	
400	704	
399	705	
400	705	
399	706	
399	707	
401	707	
401	708	
401	709	
401	710	
401	711	
401	712	
401	713	
401	714	
401	715	
402	715	
402	716	
399	717	
399	718	
399	719	
399	720	
402	721	
402	722	
402	723	
400	724	
399	725	
401	726	
401	727	
401	728	
400	729	
399	730	
399	731	
399	732	
399	733	
399	734	
398	735	
398	736	
398	737	
399	738	
398	739	
397	740	
399	740	
401	741	
401	742	
401	743	
401	744	
400	745	
401	745	
398	746	
399	746	
400	747	
398	748	
399	749	
399	750	
399	751	
398	752	
397	753	
398	754	
400	755	
400	756	
401	757	
401	758	
401	759	
397	760	
398	760	
397	761	
398	762	
398	763	
400	764	
398	765	
397	766	
401	766	
397	767	
397	768	
397	769	
397	770	
397	771	
397	772	
397	773	
397	774	
397	775	
397	776	
397	777	
397	778	
397	779	
397	780	
397	781	
395	782	
397	782	
398	783	
399	783	
399	784	
399	785	
397	786	
397	787	
395	788	
395	789	
395	790	
395	791	
395	792	
395	793	
395	794	
395	795	
397	796	
397	797	
393	798	
393	799	
394	800	
393	801	
393	802	
395	803	
395	804	
395	805	
393	806	
395	807	
391	808	
391	809	
393	810	
391	811	
389	812	
391	813	
389	814	
389	815	
389	816	
389	817	
389	818	
389	819	
390	820	
391	821	
391	822	
391	823	
391	824	
387	825	
387	826	
388	827	
388	828	
387	829	
387	830	
387	831	
388	832	
390	833	
390	834	
390	835	
387	836	
388	837	
388	838	
387	839	
387	840	
387	841	
387	842	
387	843	
387	844	
387	845	
387	846	
387	847	
387	848	
387	849	
389	850	
389	851	
388	852	
387	853	
388	853	
387	854	
387	855	
387	856	
388	857	
388	858	
388	859	
387	860	
387	861	
387	862	
387	863	
387	864	
387	865	
387	866	
388	867	
388	868	
387	869	
386	870	
387	870	
387	871	
387	872	
387	873	
387	874	
387	875	
387	876	
387	877	
387	878	
387	879	
387	880	
387	881	
387	882	
387	883	
387	884	
387	885	
389	885	
389	886	
389	887	
389	888	
385	889	
389	890	
388	891	
387	892	
387	893	
387	894	
387	895	
387	896	
389	897	
389	898	
385	899	
385	900	
385	901	
385	902	
385	903	
385	904	
385	905	
385	906	
385	907	
385	908	
385	909	
385	910	
385	911	
387	967	
393	1003	
397	1009	
407	1086	
407	1087	
