385	288	
385	289	
385	290	
386	291	
385	292	
385	293	
384	294	
385	295	
385	296	
386	296	
384	297	
384	298	
386	299	
386	300	
385	301	
385	302	
385	303	
385	304	
384	305	
385	305	
384	306	
384	307	
384	308	
384	309	
384	310	
385	311	
384	312	
384	313	
384	314	
384	315	
384	316	
384	317	
384	318	
384	319	
384	320	
384	321	
385	322	
383	324	
384	325	
384	326	
384	327	
384	328	
384	329	
384	330	
384	331	
384	332	
384	333	
384	334	
384	335	
384	336	
384	337	
384	338	
384	339	
385	340	
385	341	
386	341	
387	342	
383	343	
384	343	
384	344	
384	345	
384	346	
384	347	
386	348	
387	348	
387	349	
385	350	
386	351	
385	352	
385	353	
385	354	
385	355	
385	356	
385	357	
385	358	
385	359	
386	360	
386	361	
386	362	
386	363	
386	364	
386	365	
385	366	
388	371	
387	372	
386	373	
385	374	
389	375	
387	376	
387	377	
388	388	
387	389	
386	390	
386	391	
387	392	
386	393	
387	394	
387	395	
389	412	
389	414	
389	415	
389	416	
391	417	
391	418	
389	420	
390	421	
390	422	
390	423	
390	424	
393	425	
392	426	
390	427	
390	428	
391	429	
391	430	
392	430	
391	431	
392	431	
391	432	
392	433	
392	434	
393	435	
393	436	
393	437	
393	438	
393	439	
393	440	
393	441	
394	442	
394	443	
394	444	
394	445	
393	446	
393	447	
393	448	
393	449	
393	450	
394	451	
394	452	
394	453	
394	454	
394	455	
394	456	
394	457	
394	458	
394	459	
394	460	
394	461	
394	462	
393	463	
393	464	
394	465	
394	466	
394	467	
393	468	
393	469	
393	470	
394	471	
393	472	
394	472	
393	473	
394	473	
394	474	
394	475	
393	476	
393	477	
393	478	
394	479	
393	480	
394	481	
394	482	
396	483	
395	484	
393	485	
393	486	
393	487	
393	488	
393	489	
393	490	
392	491	
392	492	
392	493	
392	494	
392	495	
392	496	
393	497	
393	498	
393	499	
392	500	
392	501	
392	502	
394	503	
393	504	
392	505	
392	506	
392	507	
392	508	
392	509	
393	510	
394	510	
392	511	
392	512	
393	513	
393	514	
393	515	
393	516	
392	517	
392	518	
392	519	
392	520	
392	521	
392	522	
392	523	
393	524	
393	525	
394	525	
394	526	
394	527	
394	528	
394	529	
395	530	
395	531	
395	532	
395	533	
396	534	
395	535	
394	536	
394	537	
394	538	
394	539	
394	540	
395	541	
396	542	
396	543	
395	544	
395	545	
396	546	
396	547	
396	548	
396	549	
398	550	
396	551	
396	552	
397	553	
397	554	
397	555	
397	556	
397	557	
398	558	
397	559	
397	560	
397	561	
397	562	
397	563	
397	564	
398	565	
399	566	
399	567	
399	568	
400	568	
401	568	
399	569	
400	570	
402	570	
399	571	
400	572	
402	572	
403	572	
403	573	
403	574	
399	575	
399	576	
399	577	
403	578	
403	579	
403	580	
401	581	
401	582	
401	583	
402	584	
401	585	
402	586	
401	587	
405	588	
405	589	
404	590	
404	591	
404	592	
404	593	
403	594	
404	595	
403	596	
403	597	
403	598	
404	599	
405	600	
405	601	
404	602	
403	603	
403	604	
403	605	
404	606	
404	607	
404	608	
403	609	
404	609	
403	610	
403	611	
403	612	
405	613	
405	614	
406	614	
406	615	
406	616	
405	617	
406	618	
406	619	
406	620	
406	621	
405	622	
406	623	
405	624	
406	625	
405	626	
406	627	
406	628	
405	629	
405	630	
406	631	
406	632	
406	633	
406	634	
407	635	
407	636	
407	637	
404	638	
406	639	
407	640	
406	641	
406	642	
405	643	
405	644	
406	645	
405	646	
407	647	
408	647	
406	648	
407	649	
407	650	
407	651	
406	652	
406	653	
407	654	
407	655	
408	656	
409	657	
407	658	
408	659	
409	660	
408	661	
407	662	
408	663	
409	664	
410	664	
409	665	
409	666	
409	667	
409	668	
408	669	
409	670	
408	671	
409	671	
410	671	
408	672	
407	673	
409	674	
408	675	
409	676	
407	677	
409	678	
409	679	
409	680	
408	681	
407	682	
408	682	
409	682	
407	683	
407	684	
407	685	
407	686	
408	687	
407	688	
407	689	
407	690	
407	691	
407	692	
408	693	
408	694	
407	695	
407	696	
408	697	
406	698	
406	699	
407	700	
408	701	
406	702	
405	703	
405	704	
405	705	
405	706	
405	707	
405	708	
405	709	
405	710	
405	711	
405	712	
406	712	
406	713	
405	714	
405	715	
405	716	
405	717	
405	718	
406	719	
405	720	
405	721	
405	722	
405	723	
405	724	
409	725	
405	726	
405	727	
409	727	
410	728	
405	729	
405	730	
405	731	
404	732	
404	733	
405	734	
405	735	
405	736	
405	737	
405	738	
407	738	
405	739	
405	740	
406	741	
406	742	
406	743	
405	744	
406	744	
405	745	
405	746	
405	747	
409	748	
409	749	
405	750	
405	751	
405	752	
405	753	
405	754	
405	755	
405	756	
405	757	
405	758	
405	759	
405	760	
405	761	
405	762	
405	763	
405	764	
405	765	
406	766	
407	767	
407	768	
404	769	
403	770	
403	771	
404	772	
405	773	
406	774	
403	775	
403	776	
404	777	
404	778	
404	779	
403	780	
403	781	
403	782	
406	783	
406	784	
406	785	
406	786	
405	787	
401	788	
403	789	
403	790	
403	791	
403	792	
401	793	
401	794	
401	795	
401	796	
403	797	
403	798	
403	799	
399	800	
399	801	
401	802	
401	803	
401	804	
399	805	
401	806	
401	807	
397	808	
399	809	
397	810	
399	810	
397	811	
397	812	
397	813	
397	814	
395	815	
395	816	
397	817	
399	818	
395	819	
395	820	
395	821	
395	822	
395	823	
395	824	
395	825	
395	826	
395	827	
398	828	
398	829	
397	830	
397	831	
399	832	
398	833	
398	834	
397	835	
397	836	
397	837	
395	838	
399	839	
399	840	
395	841	
395	842	
395	843	
395	844	
396	845	
396	846	
395	847	
395	848	
395	849	
396	850	
396	851	
395	852	
396	853	
395	854	
395	855	
395	856	
395	857	
395	858	
395	859	
395	860	
395	861	
395	862	
395	863	
395	864	
395	865	
395	866	
395	867	
395	868	
395	869	
395	870	
395	871	
399	871	
395	872	
395	873	
395	874	
395	875	
395	876	
395	877	
394	878	
395	879	
396	880	
396	881	
396	882	
395	883	
395	884	
395	885	
396	886	
396	887	
396	888	
396	889	
397	889	
397	890	
393	891	
394	891	
393	892	
395	893	
395	894	
396	895	
393	896	
393	897	
393	898	
393	899	
395	900	
395	901	
395	902	
395	903	
395	904	
395	905	
393	906	
393	907	
393	908	
395	909	
395	910	
393	911	
393	912	
403	1017	
407	1019	
413	1084	
413	1085	
413	1086	
413	1087	
417	1097	
