385	287	
386	288	
385	289	
385	290	
385	291	
385	292	
386	293	
386	294	
386	295	
386	296	
386	297	
387	298	
387	299	
386	300	
386	301	
386	302	
386	303	
386	304	
386	305	
386	306	
386	307	
386	308	
386	309	
386	310	
386	311	
386	312	
385	313	
385	314	
385	315	
385	316	
385	317	
387	318	
387	319	
387	320	
387	321	
387	322	
386	323	
386	324	
386	325	
385	326	
385	327	
385	328	
385	329	
385	330	
385	331	
385	332	
386	333	
385	334	
385	335	
385	336	
386	337	
385	338	
386	338	
385	339	
386	340	
385	341	
386	342	
386	343	
385	344	
386	345	
386	346	
386	347	
386	348	
386	349	
386	350	
386	351	
386	352	
387	352	
387	353	
386	354	
385	355	
385	356	
385	358	
385	359	
387	360	
387	361	
387	362	
389	363	
389	364	
388	387	
388	388	
388	389	
388	390	
388	391	
388	392	
388	393	
388	394	
388	395	
389	396	
389	397	
389	398	
389	399	
389	400	
389	401	
389	402	
389	403	
389	404	
389	405	
389	406	
389	408	
389	409	
389	410	
389	411	
389	412	
389	413	
389	414	
389	415	
391	416	
391	417	
391	418	
393	419	
393	420	
392	421	
391	422	
391	423	
391	424	
393	425	
391	426	
392	427	
392	428	
395	429	
395	430	
393	431	
393	432	
395	433	
395	434	
395	435	
395	436	
395	437	
394	438	
394	439	
394	440	
394	441	
394	442	
397	443	
397	444	
394	445	
395	446	
395	447	
395	448	
396	449	
395	450	
395	451	
395	452	
395	453	
397	454	
396	455	
395	456	
396	457	
395	458	
395	459	
396	460	
396	461	
396	462	
395	463	
396	464	
397	465	
397	466	
397	467	
394	468	
394	469	
394	470	
394	471	
395	472	
394	473	
395	474	
394	475	
394	476	
394	477	
394	478	
395	479	
395	480	
395	481	
394	482	
396	483	
393	484	
393	485	
394	486	
394	487	
394	488	
394	489	
393	490	
393	491	
393	492	
393	493	
393	494	
393	495	
393	496	
393	497	
393	498	
394	499	
394	500	
395	501	
394	502	
395	502	
393	503	
394	504	
394	505	
394	506	
393	507	
393	508	
392	509	
392	510	
395	511	
394	512	
394	513	
394	514	
393	515	
393	516	
393	517	
394	518	
393	519	
393	520	
393	521	
393	522	
393	523	
393	524	
396	525	
396	526	
395	527	
395	528	
395	529	
396	529	
396	530	
395	531	
396	532	
396	533	
399	534	
399	535	
397	536	
396	537	
396	538	
396	539	
397	540	
397	541	
398	542	
398	543	
398	544	
399	545	
398	546	
397	547	
397	548	
398	549	
398	550	
398	551	
398	552	
398	553	
398	554	
398	555	
398	556	
398	557	
398	558	
399	558	
399	559	
398	560	
399	560	
399	561	
399	562	
400	562	
401	563	
401	564	
399	565	
399	566	
401	567	
402	567	
401	568	
399	569	
399	570	
402	571	
403	571	
403	572	
403	573	
401	574	
401	575	
401	576	
401	577	
401	578	
401	579	
402	580	
403	581	
403	582	
403	583	
403	584	
403	585	
403	586	
405	586	
405	587	
406	588	
405	589	
403	590	
403	591	
403	592	
405	593	
404	594	
405	595	
404	596	
405	597	
404	598	
405	599	
406	600	
406	601	
405	602	
405	603	
405	604	
406	605	
405	606	
405	607	
406	608	
405	609	
405	610	
405	611	
406	612	
405	613	
406	614	
406	615	
407	615	
407	616	
407	617	
407	618	
407	619	
407	620	
407	621	
408	622	
408	623	
407	624	
408	624	
406	625	
408	625	
406	626	
407	627	
407	628	
407	629	
408	630	
407	631	
407	632	
407	633	
407	634	
407	635	
407	636	
407	637	
407	638	
407	639	
408	640	
408	641	
408	642	
407	643	
408	643	
407	644	
408	645	
407	646	
408	646	
407	647	
408	648	
407	649	
408	650	
407	651	
408	652	
409	653	
408	654	
409	655	
408	656	
407	657	
407	658	
409	659	
409	660	
410	661	
409	662	
410	663	
410	664	
411	665	
411	666	
410	667	
411	667	
411	668	
410	669	
409	670	
409	671	
410	672	
409	673	
410	674	
410	675	
411	675	
411	676	
409	677	
410	677	
409	678	
409	679	
408	680	
409	680	
409	681	
413	682	
409	683	
410	684	
409	685	
409	686	
408	687	
407	688	
410	688	
410	689	
410	690	
408	691	
408	692	
409	693	
409	694	
410	695	
409	696	
409	697	
410	698	
407	699	
407	700	
408	700	
407	701	
407	702	
408	703	
408	704	
408	705	
408	706	
407	707	
410	708	
410	709	
409	710	
407	711	
407	712	
407	713	
409	714	
407	715	
407	716	
407	717	
411	718	
407	719	
408	720	
407	721	
408	722	
409	723	
409	724	
408	725	
407	726	
408	726	
408	727	
408	728	
408	729	
407	730	
408	731	
408	732	
408	733	
407	734	
407	735	
408	736	
408	737	
410	738	
407	739	
408	740	
407	741	
408	742	
407	743	
407	744	
407	745	
407	746	
407	747	
408	748	
407	749	
407	750	
406	751	
406	752	
407	753	
407	754	
407	755	
407	756	
406	757	
407	758	
407	759	
407	760	
407	761	
408	762	
408	763	
405	764	
409	765	
409	766	
405	767	
406	767	
405	768	
405	769	
405	770	
405	771	
405	772	
405	773	
405	774	
405	775	
405	776	
408	777	
405	778	
405	779	
406	780	
406	781	
407	781	
403	782	
403	783	
403	784	
405	785	
405	786	
405	787	
403	788	
403	789	
403	790	
403	791	
403	792	
402	793	
402	794	
403	795	
404	796	
405	797	
405	798	
401	799	
401	800	
401	801	
401	802	
403	804	
403	805	
403	806	
401	807	
401	808	
401	809	
399	810	
399	811	
400	812	
398	813	
397	814	
397	815	
397	816	
396	817	
396	818	
397	819	
397	820	
398	820	
399	821	
399	822	
398	823	
398	824	
398	825	
398	826	
397	827	
397	828	
397	829	
397	830	
397	831	
397	832	
397	833	
399	834	
399	835	
397	836	
397	837	
397	838	
397	839	
397	840	
397	841	
397	842	
397	843	
397	844	
397	845	
397	846	
397	847	
398	848	
398	849	
398	850	
396	851	
395	852	
396	853	
395	854	
396	855	
396	856	
396	857	
397	857	
397	858	
397	859	
396	860	
397	861	
398	862	
398	863	
399	864	
395	865	
395	866	
399	867	
399	868	
395	869	
396	869	
395	870	
395	871	
396	872	
398	873	
399	874	
398	875	
395	876	
395	877	
395	878	
395	879	
395	880	
396	881	
396	882	
396	883	
395	884	
395	885	
399	886	
399	887	
399	888	
395	889	
395	890	
395	891	
395	892	
395	893	
395	894	
395	895	
395	896	
395	897	
395	898	
395	899	
396	899	
395	900	
396	900	
395	901	
395	902	
395	903	
395	904	
397	905	
397	906	
395	907	
395	908	
395	909	
395	910	
395	911	
395	912	
411	1039	
409	1052	
409	1053	
413	1074	
413	1075	
413	1081	
415	1090	
415	1091	
