386	288	
386	289	
386	290	
386	291	
388	292	
387	293	
386	294	
386	295	
388	296	
387	297	
387	298	
386	299	
386	300	
387	301	
388	302	
388	303	
387	304	
386	305	
387	305	
386	306	
387	307	
387	308	
387	309	
387	310	
386	311	
386	312	
386	313	
386	314	
386	315	
386	316	
386	317	
386	318	
387	319	
387	320	
386	321	
386	322	
386	323	
386	324	
386	325	
386	326	
386	327	
387	328	
387	329	
386	330	
386	331	
386	332	
386	333	
386	334	
387	335	
387	336	
387	337	
386	338	
386	339	
386	340	
386	341	
386	342	
386	343	
386	344	
387	345	
386	346	
386	347	
387	348	
387	349	
387	350	
387	351	
387	352	
387	353	
387	354	
387	355	
387	356	
385	357	
389	358	
389	359	
387	360	
387	361	
387	362	
388	363	
389	364	
389	365	
389	366	
389	387	
389	388	
389	389	
390	389	
388	390	
389	391	
389	392	
390	393	
389	394	
389	395	
389	396	
389	397	
389	398	
389	399	
389	400	
389	401	
389	402	
389	403	
389	404	
390	405	
390	406	
390	407	
389	408	
389	409	
389	410	
389	411	
393	412	
393	413	
393	414	
391	415	
391	416	
391	417	
391	418	
391	419	
391	420	
391	421	
392	422	
393	423	
393	424	
392	425	
393	426	
393	427	
394	428	
395	429	
395	430	
395	431	
395	432	
394	433	
394	434	
395	435	
395	436	
395	437	
395	438	
395	439	
395	440	
396	441	
396	442	
395	443	
395	444	
395	445	
395	446	
396	447	
396	448	
396	449	
396	450	
396	451	
396	452	
396	453	
396	454	
396	455	
396	456	
396	457	
395	458	
396	458	
396	459	
396	460	
396	461	
396	462	
396	463	
396	464	
396	465	
397	465	
396	466	
397	466	
396	467	
395	468	
396	468	
395	469	
395	470	
395	471	
395	472	
396	473	
396	474	
396	475	
396	476	
396	477	
396	478	
395	479	
396	479	
395	480	
396	480	
395	481	
395	482	
396	483	
396	484	
395	485	
395	486	
395	487	
395	488	
394	489	
395	489	
397	489	
396	490	
394	491	
394	492	
394	493	
394	494	
394	495	
395	496	
395	497	
394	498	
393	499	
393	500	
394	501	
393	502	
395	503	
395	504	
394	505	
396	506	
395	507	
395	508	
395	509	
393	510	
394	510	
393	511	
393	512	
393	513	
394	514	
394	515	
393	516	
393	517	
393	518	
393	519	
393	520	
393	521	
395	522	
395	523	
395	524	
395	525	
399	526	
399	527	
397	528	
399	529	
398	530	
399	530	
398	531	
398	532	
398	533	
397	534	
397	535	
397	536	
399	537	
397	538	
398	539	
398	540	
398	541	
397	542	
397	543	
397	544	
397	545	
397	546	
398	547	
399	548	
399	549	
399	550	
399	551	
398	552	
399	553	
400	554	
400	555	
399	556	
400	557	
400	558	
400	559	
400	560	
400	561	
400	562	
400	563	
401	563	
402	564	
399	565	
401	566	
401	567	
401	568	
401	569	
401	570	
401	571	
401	572	
405	573	
405	574	
404	575	
403	576	
401	577	
402	578	
402	579	
403	580	
403	581	
403	582	
403	583	
403	584	
403	585	
403	586	
403	587	
404	587	
404	588	
407	589	
404	590	
407	590	
406	591	
406	592	
403	593	
404	593	
403	594	
403	595	
403	596	
405	597	
406	598	
406	599	
407	600	
405	601	
405	602	
406	603	
406	604	
406	605	
405	606	
405	607	
405	608	
407	609	
406	610	
406	611	
406	612	
406	613	
407	614	
407	615	
407	616	
408	617	
408	618	
408	619	
408	620	
408	621	
407	622	
407	623	
408	624	
408	625	
407	626	
407	627	
407	628	
407	629	
407	630	
407	631	
408	632	
408	633	
409	634	
407	635	
407	636	
407	637	
409	638	
409	639	
410	640	
410	641	
410	642	
409	643	
408	644	
409	644	
409	645	
408	646	
408	647	
407	648	
408	649	
408	650	
408	651	
408	652	
407	653	
408	654	
411	655	
411	656	
412	657	
408	658	
409	659	
409	660	
409	661	
409	662	
409	663	
410	664	
411	665	
411	666	
409	667	
409	668	
410	668	
411	669	
411	670	
410	671	
410	672	
409	673	
409	674	
409	675	
410	676	
409	677	
412	678	
412	679	
412	680	
412	681	
411	682	
412	683	
412	684	
409	685	
409	686	
409	687	
409	688	
410	688	
409	689	
409	690	
409	691	
409	692	
409	693	
409	694	
410	695	
409	696	
409	697	
409	698	
409	699	
409	700	
409	701	
409	702	
407	703	
408	704	
407	705	
407	706	
408	706	
407	707	
407	708	
408	709	
408	710	
408	711	
408	712	
408	713	
407	714	
407	715	
407	716	
407	717	
407	718	
407	719	
407	720	
408	720	
408	721	
409	722	
409	723	
409	724	
408	725	
409	725	
407	726	
407	727	
407	728	
407	729	
407	730	
407	731	
407	732	
407	733	
407	734	
407	735	
407	736	
407	737	
407	738	
407	739	
407	740	
408	741	
407	742	
408	742	
408	743	
407	744	
407	745	
407	746	
407	747	
407	748	
407	749	
407	750	
407	751	
407	752	
407	753	
410	754	
407	755	
407	756	
407	757	
407	758	
407	759	
407	760	
407	761	
407	762	
407	763	
407	764	
407	765	
408	766	
407	767	
407	768	
407	769	
407	770	
406	771	
405	772	
408	773	
408	774	
406	775	
407	775	
405	776	
407	777	
408	778	
408	779	
409	780	
405	781	
405	782	
405	783	
405	784	
405	785	
405	786	
405	787	
405	788	
405	789	
405	790	
407	791	
407	792	
407	793	
403	794	
403	795	
403	796	
404	797	
402	798	
403	799	
403	800	
403	801	
403	802	
403	803	
403	804	
403	805	
403	806	
401	807	
399	808	
401	808	
399	809	
399	810	
399	811	
399	812	
399	813	
397	814	
401	815	
401	816	
397	817	
397	818	
397	819	
397	820	
397	821	
397	822	
397	823	
397	824	
398	825	
397	826	
398	826	
397	827	
398	827	
398	828	
399	829	
399	830	
398	831	
398	832	
398	833	
397	834	
397	835	
397	836	
398	837	
401	838	
397	839	
397	840	
397	841	
397	842	
397	843	
397	844	
397	845	
397	846	
397	847	
397	848	
397	849	
397	850	
399	851	
399	852	
399	853	
397	854	
396	855	
397	856	
397	857	
397	858	
398	859	
398	860	
400	861	
400	862	
397	863	
397	864	
398	865	
397	866	
397	867	
397	868	
397	869	
397	870	
397	871	
397	872	
397	873	
397	874	
397	875	
397	876	
397	877	
397	878	
397	879	
397	880	
397	881	
397	882	
397	883	
397	884	
397	885	
397	886	
399	886	
396	887	
396	888	
395	889	
399	889	
399	890	
399	891	
397	892	
397	893	
397	894	
395	895	
399	896	
399	897	
399	898	
397	899	
397	900	
398	901	
395	902	
395	903	
395	904	
395	905	
395	906	
399	907	
399	908	
395	909	
395	910	
397	911	
415	1090	
415	1091	
415	1092	
