390	291	
390	292	
391	293	
391	294	
392	295	
392	296	
392	297	
392	298	
392	299	
392	300	
392	301	
392	302	
392	303	
392	304	
392	305	
392	306	
392	307	
392	308	
392	309	
391	310	
391	311	
391	312	
392	313	
392	314	
390	315	
390	316	
390	317	
390	318	
391	319	
391	320	
391	321	
392	322	
392	323	
392	324	
390	325	
390	326	
391	327	
391	328	
391	329	
391	330	
391	331	
391	332	
391	333	
391	334	
391	335	
391	336	
391	337	
391	338	
390	339	
391	340	
391	341	
391	342	
391	343	
391	344	
391	345	
392	346	
392	347	
391	348	
391	349	
391	350	
391	351	
393	352	
392	353	
391	354	
391	355	
391	356	
392	362	
392	363	
392	364	
392	365	
392	366	
395	367	
392	368	
392	369	
392	370	
392	371	
392	372	
392	386	
392	387	
392	388	
392	389	
392	390	
391	391	
392	391	
392	392	
393	393	
393	394	
393	395	
393	396	
394	397	
393	398	
393	399	
393	400	
393	401	
393	402	
393	403	
393	404	
394	405	
395	406	
394	407	
394	408	
394	409	
395	409	
394	410	
394	411	
394	412	
393	413	
395	414	
394	415	
395	416	
399	417	
399	418	
399	419	
399	420	
397	421	
397	422	
398	423	
398	424	
398	425	
399	426	
401	427	
402	428	
399	429	
400	429	
400	430	
401	431	
400	432	
399	433	
399	434	
400	435	
401	436	
401	437	
401	438	
401	439	
401	440	
403	441	
402	442	
402	443	
401	444	
401	445	
400	446	
401	447	
401	448	
403	449	
403	450	
404	451	
402	452	
402	453	
402	454	
401	455	
400	456	
402	457	
403	458	
403	459	
401	460	
401	461	
401	462	
402	463	
401	464	
400	465	
400	466	
400	467	
399	468	
399	469	
399	470	
399	471	
400	472	
400	473	
400	474	
400	475	
400	476	
400	477	
400	478	
400	479	
400	480	
399	481	
399	482	
399	483	
399	484	
399	485	
400	486	
400	487	
399	488	
400	489	
400	490	
400	491	
400	492	
400	493	
399	494	
399	495	
399	496	
399	497	
400	497	
400	498	
399	499	
399	500	
399	501	
398	502	
398	503	
400	504	
398	505	
397	506	
397	507	
397	508	
398	509	
398	510	
398	511	
397	512	
398	513	
397	514	
397	515	
397	516	
397	517	
398	518	
398	519	
398	520	
401	521	
401	522	
401	523	
399	524	
399	525	
399	526	
400	527	
403	528	
403	529	
403	530	
402	531	
403	531	
402	532	
402	533	
401	534	
401	535	
401	536	
402	536	
402	537	
402	538	
402	539	
402	540	
402	541	
402	542	
402	543	
402	544	
402	545	
402	546	
402	547	
402	548	
402	549	
405	549	
405	550	
405	551	
404	552	
404	553	
403	554	
404	554	
404	555	
404	556	
403	557	
403	558	
403	559	
406	560	
406	561	
406	562	
405	563	
405	564	
406	564	
406	565	
405	566	
405	567	
405	568	
405	569	
405	570	
405	571	
405	572	
405	573	
409	574	
405	575	
405	576	
407	577	
407	578	
408	579	
408	580	
408	581	
407	582	
407	583	
407	584	
407	585	
406	586	
407	587	
408	588	
408	589	
408	590	
407	591	
411	592	
411	593	
408	594	
409	594	
410	595	
411	596	
409	597	
409	598	
410	599	
410	600	
410	601	
410	602	
413	603	
409	604	
413	605	
411	606	
410	607	
410	608	
411	609	
412	610	
413	611	
413	612	
414	613	
412	614	
413	615	
412	616	
412	617	
411	618	
411	619	
411	620	
412	621	
412	622	
412	623	
414	624	
414	625	
413	626	
412	627	
412	628	
412	629	
417	630	
412	631	
412	632	
413	632	
412	633	
413	634	
412	635	
413	636	
413	637	
414	638	
413	639	
413	640	
412	641	
413	641	
412	642	
411	643	
412	643	
413	644	
411	645	
412	645	
414	645	
411	646	
411	647	
414	648	
412	649	
412	650	
413	651	
414	652	
413	653	
413	654	
413	655	
414	656	
413	657	
413	658	
414	659	
414	660	
415	661	
415	662	
415	663	
415	664	
415	665	
415	666	
416	667	
416	668	
415	669	
418	670	
416	671	
417	672	
416	673	
416	674	
416	675	
416	676	
415	677	
416	678	
415	679	
415	680	
415	681	
414	682	
414	683	
414	684	
413	685	
415	686	
414	687	
414	688	
414	689	
415	690	
413	691	
413	692	
413	693	
413	694	
414	695	
416	696	
416	697	
414	698	
415	698	
416	698	
415	699	
414	700	
415	701	
415	702	
417	703	
417	704	
412	705	
412	706	
412	707	
412	708	
412	709	
413	710	
412	711	
411	712	
412	712	
412	713	
411	714	
411	715	
411	716	
411	717	
411	718	
411	719	
412	720	
412	721	
411	722	
411	723	
411	724	
411	725	
411	726	
411	727	
413	728	
413	729	
412	730	
412	731	
411	732	
412	733	
412	734	
411	735	
411	736	
412	737	
414	738	
413	739	
412	740	
411	741	
411	742	
411	743	
411	744	
411	745	
411	746	
411	747	
411	748	
411	749	
412	749	
412	750	
412	751	
412	752	
413	753	
412	754	
411	755	
411	756	
412	756	
411	757	
411	758	
411	759	
411	760	
411	761	
412	762	
414	763	
411	764	
411	765	
411	766	
410	767	
410	768	
411	769	
411	770	
412	771	
412	772	
411	773	
412	774	
412	775	
409	776	
412	776	
409	777	
409	778	
410	779	
411	780	
412	780	
411	781	
409	782	
409	783	
409	784	
409	785	
409	786	
409	787	
407	788	
407	789	
407	790	
407	791	
407	792	
407	793	
407	794	
407	795	
407	796	
407	797	
407	798	
409	799	
409	800	
405	801	
405	802	
407	803	
407	804	
405	805	
405	806	
405	807	
405	808	
405	809	
405	810	
403	811	
403	812	
403	813	
402	814	
403	815	
403	816	
403	817	
403	818	
403	819	
403	820	
403	821	
403	822	
403	823	
403	824	
402	825	
403	825	
403	826	
403	827	
403	828	
406	829	
407	829	
405	830	
403	831	
403	832	
402	833	
401	834	
404	835	
403	836	
403	837	
403	838	
403	839	
405	840	
405	841	
405	842	
403	843	
403	844	
403	845	
402	846	
405	847	
404	848	
405	848	
402	849	
401	850	
402	851	
401	852	
401	853	
401	854	
401	855	
401	856	
401	857	
401	858	
401	859	
401	860	
401	861	
401	862	
401	863	
401	864	
401	865	
401	866	
401	867	
401	868	
401	869	
401	870	
401	871	
401	872	
401	873	
401	874	
401	875	
401	876	
401	877	
401	878	
402	879	
402	880	
402	881	
401	882	
401	883	
401	884	
401	885	
401	886	
402	887	
402	888	
404	889	
401	890	
401	891	
401	892	
401	893	
401	894	
402	895	
403	896	
403	897	
403	898	
401	899	
401	900	
401	901	
403	902	
403	903	
400	904	
401	905	
401	906	
399	907	
399	908	
405	909	
405	910	
403	911	
407	1013	
409	1015	
409	1019	
411	1025	
417	1063	
420	1069	
421	1088	
421	1089	
