396	294	
396	295	
396	296	
396	297	
396	298	
396	299	
397	300	
396	301	
397	301	
396	302	
396	303	
396	304	
396	305	
396	306	
396	307	
396	308	
396	309	
396	310	
396	311	
396	312	
396	313	
396	314	
396	315	
396	316	
396	317	
396	318	
397	319	
395	320	
394	321	
394	322	
394	323	
394	324	
395	325	
396	326	
395	327	
396	327	
395	328	
395	329	
395	330	
396	330	
396	331	
396	332	
395	333	
395	334	
394	335	
394	336	
394	337	
394	338	
394	339	
394	340	
394	341	
394	342	
394	343	
394	344	
394	345	
395	346	
395	347	
395	348	
395	349	
395	350	
395	351	
395	352	
395	353	
397	354	
397	355	
396	356	
396	357	
395	358	
395	359	
395	360	
397	365	
395	384	
396	385	
398	386	
398	387	
396	388	
396	389	
396	390	
396	391	
399	392	
399	393	
399	394	
399	395	
397	396	
397	397	
397	398	
397	399	
397	400	
399	401	
399	402	
397	403	
397	404	
398	405	
398	406	
399	407	
398	408	
397	409	
398	409	
398	410	
398	411	
397	412	
397	413	
402	414	
402	415	
401	416	
401	417	
403	418	
403	419	
403	420	
403	421	
403	422	
403	423	
403	424	
405	425	
405	426	
405	427	
405	428	
405	429	
405	430	
406	431	
406	432	
407	433	
407	434	
407	435	
406	436	
405	437	
405	438	
406	439	
406	440	
406	441	
406	442	
406	443	
406	444	
407	444	
406	445	
406	446	
406	447	
406	448	
406	449	
406	450	
405	451	
406	451	
405	452	
405	453	
406	454	
406	455	
406	456	
407	456	
407	457	
406	458	
406	459	
405	460	
405	461	
405	462	
406	463	
405	464	
405	465	
405	466	
405	467	
406	467	
405	468	
406	468	
405	469	
405	470	
406	471	
406	472	
405	473	
405	474	
405	475	
405	476	
405	477	
404	478	
404	479	
404	480	
404	481	
404	482	
404	483	
404	484	
404	485	
403	486	
403	487	
404	488	
404	489	
403	490	
404	490	
403	491	
403	492	
403	493	
403	494	
403	495	
404	496	
403	497	
403	498	
403	499	
404	500	
404	501	
404	502	
405	502	
405	503	
401	504	
402	505	
402	506	
402	507	
402	508	
402	509	
402	510	
402	511	
402	512	
401	513	
401	514	
401	515	
401	516	
402	517	
402	518	
401	519	
405	520	
404	521	
405	521	
403	522	
403	523	
403	524	
403	525	
403	526	
404	527	
405	528	
405	529	
407	530	
407	531	
408	532	
408	533	
409	534	
406	535	
406	536	
407	537	
407	538	
407	539	
406	540	
408	540	
406	541	
408	542	
406	543	
407	544	
406	545	
406	546	
406	547	
406	548	
409	549	
409	550	
408	551	
409	552	
409	553	
409	554	
408	555	
407	556	
408	557	
411	558	
411	559	
411	560	
411	561	
411	562	
409	563	
409	564	
409	565	
409	566	
409	567	
410	568	
409	569	
409	570	
410	571	
409	572	
409	573	
410	574	
412	575	
410	576	
413	577	
413	578	
411	579	
411	580	
411	581	
411	582	
411	583	
411	584	
412	585	
413	586	
413	587	
413	588	
413	589	
412	590	
412	591	
413	592	
413	593	
416	594	
413	595	
417	596	
413	597	
413	598	
414	598	
414	599	
414	600	
416	601	
416	602	
416	603	
416	604	
415	605	
415	606	
417	607	
418	608	
416	609	
416	610	
416	611	
418	612	
416	613	
415	614	
415	615	
416	616	
416	617	
416	618	
416	619	
416	620	
417	621	
418	622	
416	623	
417	624	
418	625	
419	626	
420	627	
419	628	
419	629	
419	630	
417	631	
418	631	
417	632	
417	633	
417	634	
417	635	
417	636	
417	637	
417	638	
418	639	
419	640	
419	641	
416	642	
416	643	
417	644	
417	645	
418	646	
417	647	
419	647	
418	648	
419	649	
417	650	
417	651	
417	652	
418	653	
417	654	
417	655	
418	656	
418	657	
418	658	
417	659	
417	660	
417	661	
421	662	
421	663	
421	664	
422	664	
422	665	
421	666	
420	667	
420	668	
422	668	
419	669	
419	670	
420	671	
418	672	
418	673	
419	674	
418	675	
419	676	
418	677	
420	678	
419	679	
419	680	
419	681	
418	682	
418	683	
419	684	
419	685	
418	686	
419	687	
419	688	
419	689	
419	690	
418	691	
417	692	
417	693	
421	694	
419	695	
418	696	
419	697	
419	698	
419	699	
417	700	
417	701	
417	702	
417	703	
417	704	
417	705	
416	706	
416	707	
416	708	
419	709	
415	710	
415	711	
415	712	
415	713	
417	714	
418	715	
418	716	
418	717	
416	718	
419	719	
415	720	
415	721	
415	722	
417	723	
417	724	
418	724	
417	725	
417	726	
416	727	
416	728	
415	729	
415	730	
415	731	
415	732	
415	733	
415	734	
415	735	
415	736	
415	737	
415	738	
415	739	
415	740	
415	741	
416	741	
415	742	
415	743	
415	744	
415	745	
415	746	
415	747	
415	748	
415	749	
415	750	
415	751	
415	752	
415	753	
415	754	
415	755	
415	756	
415	757	
415	758	
416	759	
417	760	
415	761	
415	762	
415	763	
415	764	
416	765	
416	766	
417	767	
415	768	
415	769	
415	770	
415	771	
414	772	
414	773	
413	774	
414	775	
417	776	
417	777	
413	778	
413	779	
413	780	
413	781	
414	782	
415	783	
416	784	
413	785	
413	786	
415	787	
415	788	
414	789	
411	790	
411	791	
411	792	
412	793	
413	794	
411	795	
411	796	
411	797	
411	798	
409	799	
409	800	
409	801	
409	802	
412	802	
409	803	
407	804	
407	805	
409	806	
409	807	
407	808	
408	808	
407	809	
407	810	
407	811	
408	811	
408	812	
409	813	
407	814	
407	815	
408	816	
408	817	
407	818	
407	819	
407	820	
407	821	
407	822	
407	823	
407	824	
407	825	
407	826	
407	827	
407	828	
407	829	
407	830	
407	831	
407	832	
407	833	
407	834	
407	835	
407	836	
407	837	
407	838	
407	839	
407	840	
408	840	
408	841	
407	842	
407	843	
407	844	
407	845	
407	846	
407	847	
407	848	
407	849	
407	850	
408	851	
409	851	
409	852	
409	853	
407	854	
409	855	
406	856	
406	857	
405	858	
405	859	
405	860	
406	861	
407	862	
406	863	
406	864	
406	865	
409	866	
409	867	
406	868	
407	869	
407	870	
407	871	
409	872	
409	873	
406	874	
406	875	
405	876	
405	877	
409	878	
409	879	
407	880	
407	881	
407	882	
405	883	
405	884	
409	885	
409	886	
405	887	
405	888	
405	889	
409	890	
409	891	
405	892	
405	893	
405	894	
409	895	
409	896	
405	897	
405	898	
405	899	
405	900	
405	901	
405	902	
409	903	
409	904	
405	905	
405	906	
405	907	
407	908	
409	909	
409	910	
405	911	
405	912	
405	991	
407	993	
417	1027	
