397	294	
397	295	
396	296	
397	296	
396	297	
396	298	
396	299	
397	300	
397	301	
397	302	
398	303	
398	304	
397	305	
396	306	
396	307	
397	308	
396	309	
396	310	
396	311	
396	312	
396	313	
396	314	
396	315	
397	316	
397	317	
397	318	
397	319	
396	320	
396	321	
396	322	
395	323	
396	323	
395	324	
395	325	
395	326	
395	327	
395	328	
395	329	
395	330	
396	331	
396	332	
395	333	
395	334	
395	335	
395	336	
395	337	
395	338	
395	339	
396	339	
395	340	
395	341	
395	342	
395	343	
395	344	
396	344	
395	345	
396	346	
396	347	
396	348	
397	349	
396	350	
396	351	
396	352	
395	353	
396	354	
397	355	
396	356	
395	357	
396	358	
396	359	
396	360	
395	361	
396	361	
396	365	
396	366	
395	367	
396	368	
397	369	
398	382	
399	383	
399	384	
399	385	
398	386	
397	387	
398	388	
398	389	
399	390	
399	391	
398	392	
397	393	
398	394	
399	395	
398	396	
398	397	
398	398	
398	399	
397	400	
397	401	
397	402	
398	403	
397	404	
397	405	
398	406	
399	407	
400	408	
399	409	
399	410	
399	411	
399	412	
399	413	
402	414	
405	415	
403	416	
403	417	
403	418	
403	419	
403	420	
405	421	
404	422	
404	423	
405	424	
405	425	
405	426	
407	427	
407	428	
405	429	
405	430	
406	431	
407	432	
406	433	
406	434	
405	435	
406	435	
406	436	
406	437	
407	438	
408	439	
408	440	
409	441	
406	442	
406	443	
406	444	
407	445	
407	446	
406	447	
406	448	
409	449	
409	450	
409	451	
407	452	
407	453	
406	454	
406	455	
406	456	
409	457	
409	458	
406	459	
405	460	
405	461	
406	462	
406	463	
407	464	
406	465	
406	466	
406	467	
405	468	
406	469	
406	470	
405	471	
405	472	
405	473	
405	474	
405	475	
405	476	
405	477	
405	478	
406	479	
406	480	
406	481	
405	482	
406	483	
407	484	
407	485	
404	486	
405	487	
406	488	
405	489	
405	490	
406	491	
406	492	
404	493	
404	494	
404	495	
404	496	
403	497	
404	498	
403	499	
404	500	
404	501	
404	502	
404	503	
403	504	
403	505	
403	506	
402	507	
402	508	
402	509	
403	510	
402	511	
404	512	
404	513	
404	514	
405	514	
404	515	
402	516	
403	517	
404	517	
404	518	
404	519	
403	520	
403	521	
406	522	
406	523	
405	524	
405	525	
404	526	
405	527	
405	528	
406	528	
405	529	
409	530	
409	531	
407	532	
408	533	
408	534	
408	535	
408	536	
407	537	
407	538	
408	539	
408	540	
407	541	
408	542	
408	543	
407	544	
407	545	
407	546	
409	547	
409	548	
409	549	
408	550	
408	551	
411	552	
410	553	
409	554	
408	555	
408	556	
408	557	
408	558	
409	558	
410	559	
409	560	
410	560	
409	561	
410	561	
409	562	
410	562	
409	563	
409	564	
410	565	
410	566	
410	567	
410	568	
410	569	
410	570	
411	571	
411	572	
412	573	
411	574	
411	575	
411	576	
411	577	
411	578	
411	579	
411	580	
415	581	
415	582	
414	583	
412	584	
411	585	
412	585	
411	586	
412	587	
413	588	
414	589	
415	589	
415	590	
416	590	
415	591	
414	592	
413	593	
415	594	
415	595	
415	596	
415	597	
416	598	
417	599	
416	600	
415	601	
415	602	
415	603	
415	604	
415	605	
415	606	
415	607	
415	608	
415	609	
416	610	
417	610	
417	611	
417	612	
417	613	
417	614	
418	615	
418	616	
418	617	
417	618	
418	619	
418	620	
418	621	
418	622	
419	623	
417	624	
417	625	
419	626	
417	627	
417	628	
417	629	
418	630	
417	631	
417	632	
417	633	
418	634	
417	635	
418	636	
417	637	
418	638	
417	639	
417	640	
417	641	
420	642	
419	643	
419	644	
419	645	
419	646	
419	647	
417	648	
418	648	
417	649	
418	650	
417	651	
417	652	
417	653	
418	653	
418	654	
420	655	
419	656	
420	657	
420	658	
421	659	
413	660	
417	661	
418	662	
419	663	
423	664	
421	665	
421	666	
421	667	
420	668	
419	669	
419	670	
419	671	
419	672	
419	673	
419	674	
420	675	
420	676	
420	677	
419	678	
419	679	
419	680	
419	681	
419	682	
419	683	
420	684	
419	685	
419	686	
419	687	
419	688	
419	689	
420	690	
419	691	
419	692	
418	693	
417	694	
418	694	
417	695	
418	696	
417	697	
417	698	
417	699	
417	700	
417	701	
418	702	
419	703	
418	704	
417	705	
418	705	
417	706	
418	707	
418	708	
417	709	
418	709	
417	710	
417	711	
417	712	
417	713	
417	714	
416	715	
416	716	
417	716	
417	717	
416	718	
417	718	
417	719	
417	720	
417	721	
420	722	
417	723	
417	724	
417	725	
417	726	
417	727	
417	728	
417	729	
417	730	
417	731	
417	732	
418	732	
417	733	
417	734	
416	735	
415	736	
416	737	
415	738	
415	739	
415	740	
415	741	
416	742	
417	743	
417	744	
417	745	
416	746	
416	747	
416	748	
416	749	
415	750	
416	751	
415	752	
415	753	
417	754	
417	755	
416	756	
416	757	
417	757	
416	758	
417	759	
417	760	
415	761	
415	762	
418	763	
419	764	
419	765	
415	766	
415	767	
415	768	
414	769	
414	770	
415	771	
415	772	
417	773	
417	774	
417	775	
414	776	
414	777	
413	778	
413	779	
415	781	
415	782	
413	783	
413	784	
413	785	
413	786	
413	787	
414	788	
413	789	
412	790	
413	791	
413	792	
413	793	
411	794	
411	795	
411	796	
411	797	
413	798	
409	799	
409	800	
409	801	
413	802	
409	803	
409	804	
409	805	
409	806	
409	807	
407	808	
407	809	
410	810	
407	811	
407	812	
408	813	
408	814	
407	815	
407	816	
407	817	
407	818	
409	819	
409	820	
409	821	
410	822	
410	823	
410	824	
407	825	
407	826	
409	827	
409	828	
408	829	
407	830	
407	831	
410	832	
411	833	
411	834	
411	835	
411	836	
410	837	
409	838	
407	839	
410	840	
409	841	
409	842	
409	843	
407	844	
409	845	
407	846	
407	847	
407	848	
407	849	
407	850	
407	851	
407	852	
410	853	
409	854	
408	855	
407	856	
407	857	
407	858	
407	859	
407	860	
406	861	
406	862	
407	863	
407	864	
407	865	
407	866	
407	867	
407	868	
408	869	
409	870	
409	871	
407	872	
407	873	
407	874	
407	875	
407	876	
407	877	
407	878	
407	879	
407	880	
407	881	
411	882	
407	883	
407	884	
407	885	
407	886	
408	887	
409	888	
408	889	
407	890	
407	891	
408	892	
407	893	
407	894	
407	895	
409	896	
406	897	
405	898	
409	899	
409	900	
407	901	
405	902	
405	903	
405	904	
407	905	
407	906	
408	907	
405	908	
409	909	
409	910	
409	911	
