402	298	
403	299	
403	300	
403	301	
402	302	
402	303	
402	304	
402	305	
402	306	
402	307	
402	308	
403	308	
403	309	
403	310	
403	311	
403	312	
402	313	
402	314	
403	315	
403	316	
403	317	
404	318	
403	319	
402	320	
402	321	
402	322	
402	323	
403	324	
403	325	
402	326	
401	327	
402	328	
402	329	
402	330	
401	331	
402	332	
402	333	
402	334	
402	335	
402	336	
402	337	
402	338	
402	339	
402	340	
401	341	
402	342	
402	343	
400	344	
399	345	
400	346	
401	347	
402	347	
402	348	
401	349	
402	349	
403	350	
403	351	
403	352	
402	353	
401	354	
402	354	
401	355	
402	356	
402	357	
402	358	
402	359	
402	360	
402	361	
402	362	
402	363	
403	364	
403	365	
402	366	
402	367	
402	368	
402	369	
403	369	
402	370	
402	371	
403	372	
403	373	
403	374	
403	375	
402	376	
402	377	
402	378	
403	379	
403	380	
404	381	
404	382	
405	383	
405	384	
404	385	
403	386	
403	387	
403	388	
404	389	
405	390	
405	391	
404	392	
404	393	
403	394	
403	395	
403	396	
403	397	
403	398	
403	399	
403	400	
405	401	
404	402	
404	403	
404	404	
404	405	
405	406	
405	407	
405	408	
403	409	
403	410	
410	411	
410	412	
409	413	
409	414	
409	415	
411	416	
411	417	
411	418	
411	419	
413	420	
413	421	
412	422	
412	423	
412	424	
412	425	
412	426	
415	427	
415	428	
412	429	
412	430	
412	431	
412	432	
414	433	
414	434	
414	435	
414	436	
414	437	
413	438	
413	439	
413	440	
414	441	
414	442	
414	443	
413	444	
414	445	
414	446	
413	447	
413	448	
413	449	
413	450	
413	451	
414	451	
414	452	
414	453	
414	454	
415	455	
415	456	
414	457	
415	457	
414	458	
414	459	
413	460	
412	461	
412	462	
412	463	
412	464	
412	465	
413	466	
414	467	
414	468	
414	469	
414	470	
414	471	
415	472	
412	473	
413	474	
413	475	
412	476	
412	477	
412	478	
412	479	
412	480	
412	481	
412	482	
412	483	
412	484	
412	485	
412	486	
411	487	
412	487	
412	488	
412	489	
413	490	
412	491	
412	492	
410	493	
410	494	
410	495	
410	496	
409	497	
409	498	
409	499	
409	500	
410	500	
409	501	
409	502	
409	503	
409	504	
409	505	
409	506	
409	507	
409	508	
409	509	
409	510	
409	511	
409	512	
409	513	
409	514	
408	515	
408	516	
409	517	
408	518	
408	519	
411	520	
409	521	
409	522	
411	523	
411	524	
411	525	
411	526	
411	527	
414	528	
412	529	
412	530	
413	531	
414	532	
413	533	
413	534	
413	535	
414	536	
414	537	
414	538	
414	539	
415	540	
414	541	
414	542	
414	543	
414	544	
415	544	
414	545	
415	545	
414	546	
414	547	
413	548	
414	548	
414	549	
414	550	
415	551	
415	552	
415	553	
414	554	
415	555	
417	556	
414	557	
416	558	
415	559	
415	560	
415	561	
415	562	
415	563	
415	564	
416	565	
417	566	
419	567	
419	568	
417	569	
417	570	
417	571	
417	572	
419	573	
419	574	
418	575	
418	576	
418	577	
417	578	
417	579	
418	580	
419	581	
419	582	
419	583	
419	584	
419	585	
419	586	
419	587	
419	588	
419	589	
419	590	
423	591	
423	592	
421	593	
421	594	
421	595	
422	596	
423	597	
425	598	
421	599	
421	600	
421	601	
421	602	
421	603	
421	604	
421	605	
421	606	
421	607	
423	608	
423	609	
423	610	
423	611	
421	612	
422	613	
425	614	
425	615	
423	616	
423	617	
423	618	
423	619	
423	620	
423	621	
423	622	
423	623	
423	624	
423	625	
423	626	
423	627	
423	628	
423	629	
423	630	
425	631	
425	632	
425	633	
426	634	
426	635	
424	636	
423	637	
424	638	
424	639	
425	640	
425	641	
425	642	
425	643	
425	644	
425	645	
424	646	
424	647	
425	647	
425	648	
424	649	
423	650	
424	651	
423	652	
423	653	
423	654	
425	655	
425	656	
424	657	
424	658	
423	659	
423	660	
423	661	
423	662	
423	663	
426	664	
427	664	
427	665	
427	666	
426	667	
427	667	
425	668	
425	669	
425	670	
425	671	
425	672	
425	673	
428	674	
425	675	
425	676	
426	676	
425	677	
425	678	
425	679	
425	680	
425	681	
425	682	
426	683	
427	684	
426	685	
425	686	
425	687	
424	688	
425	689	
425	690	
425	691	
426	691	
425	692	
426	693	
427	694	
427	695	
424	696	
425	697	
426	698	
425	699	
425	700	
426	701	
426	702	
425	703	
426	704	
423	705	
427	706	
424	707	
423	708	
423	709	
423	710	
423	711	
423	712	
422	713	
422	714	
423	714	
424	715	
424	716	
423	717	
423	718	
423	719	
424	720	
423	721	
423	722	
423	723	
424	724	
423	725	
423	726	
423	727	
422	728	
421	729	
422	729	
422	730	
422	731	
423	732	
423	733	
421	734	
421	735	
421	736	
422	737	
424	738	
421	739	
421	740	
421	741	
421	742	
424	743	
424	744	
421	745	
422	745	
421	746	
422	747	
424	748	
424	749	
421	750	
423	750	
424	751	
424	752	
423	753	
421	754	
421	755	
421	756	
421	757	
421	758	
421	759	
421	760	
422	760	
421	761	
421	762	
421	763	
421	764	
421	765	
422	766	
422	767	
422	768	
421	769	
421	770	
420	771	
422	771	
423	771	
419	772	
419	773	
419	774	
419	775	
421	776	
419	777	
419	778	
419	779	
419	780	
419	781	
419	782	
419	783	
421	784	
419	785	
419	786	
419	787	
419	788	
419	789	
419	790	
417	791	
417	792	
417	793	
417	794	
417	795	
416	796	
417	797	
417	798	
417	799	
416	800	
417	801	
417	802	
418	802	
417	803	
417	804	
415	805	
415	806	
413	807	
417	808	
417	809	
417	810	
416	811	
413	812	
413	813	
415	814	
415	815	
416	816	
415	817	
415	818	
415	819	
415	820	
417	821	
416	822	
415	823	
415	824	
415	825	
416	825	
416	826	
416	827	
416	828	
415	829	
415	830	
413	831	
413	832	
413	833	
413	834	
413	835	
413	836	
415	837	
415	838	
416	839	
416	840	
415	841	
415	842	
415	843	
413	844	
417	845	
417	846	
413	847	
413	848	
413	849	
413	850	
413	851	
413	852	
413	853	
413	854	
414	855	
413	856	
414	856	
414	857	
414	858	
413	859	
413	860	
417	861	
415	862	
413	863	
413	864	
413	865	
413	866	
414	867	
414	868	
415	869	
413	870	
417	871	
413	872	
413	873	
413	874	
413	875	
413	876	
413	877	
413	878	
413	879	
413	880	
413	881	
417	881	
413	882	
413	883	
413	884	
413	885	
413	886	
413	887	
413	888	
413	889	
413	890	
413	891	
413	892	
415	893	
415	894	
413	895	
413	896	
416	897	
415	898	
415	899	
413	900	
413	901	
412	902	
415	903	
415	904	
415	905	
411	906	
411	907	
411	908	
411	909	
411	910	
413	911	
413	912	
411	924	
411	925	
412	926	
413	927	
415	937	
419	1009	
419	1010	
419	1011	
421	1017	
