403	298	
404	299	
405	300	
405	301	
404	303	
404	304	
404	305	
405	306	
405	307	
404	308	
404	309	
404	310	
404	311	
404	312	
404	313	
404	314	
404	315	
404	316	
404	317	
404	318	
404	319	
404	320	
404	321	
404	322	
404	323	
403	324	
403	325	
403	326	
403	327	
403	328	
403	329	
405	330	
405	331	
403	332	
402	333	
402	334	
402	335	
402	336	
402	337	
402	338	
402	339	
402	340	
402	341	
402	342	
402	343	
402	344	
402	345	
402	346	
402	347	
403	348	
403	349	
402	350	
402	351	
402	352	
405	353	
403	354	
402	355	
402	356	
402	357	
403	358	
403	359	
404	360	
404	361	
403	362	
403	363	
403	364	
404	365	
405	366	
405	367	
404	368	
405	368	
403	369	
403	370	
404	371	
404	372	
404	373	
404	374	
404	375	
404	376	
406	377	
404	378	
403	379	
403	380	
403	381	
404	382	
404	383	
404	384	
404	385	
404	386	
404	387	
404	388	
404	389	
404	390	
404	391	
404	392	
404	393	
404	394	
404	395	
404	396	
404	397	
404	398	
404	399	
404	400	
406	401	
406	402	
404	403	
405	404	
405	405	
405	406	
404	407	
405	407	
405	408	
405	409	
405	410	
411	411	
411	412	
413	413	
413	414	
411	415	
412	416	
412	417	
413	418	
412	419	
412	420	
412	421	
413	422	
413	423	
413	424	
413	425	
413	426	
414	427	
413	428	
413	429	
414	430	
414	431	
414	432	
414	433	
414	434	
415	435	
415	436	
414	437	
414	438	
415	439	
415	440	
415	441	
415	442	
417	443	
417	444	
417	445	
414	446	
415	447	
416	448	
416	449	
417	450	
417	451	
414	452	
414	453	
414	454	
414	455	
414	456	
414	457	
414	458	
414	459	
414	460	
414	461	
414	462	
414	463	
414	464	
414	465	
413	466	
413	467	
413	468	
413	469	
413	470	
414	471	
414	472	
414	473	
414	474	
414	475	
414	476	
413	477	
413	478	
413	479	
414	480	
414	481	
414	482	
414	483	
414	484	
414	485	
413	486	
413	487	
415	488	
414	489	
412	490	
412	491	
412	492	
412	493	
412	494	
412	495	
412	496	
411	497	
415	498	
412	499	
412	500	
411	501	
411	502	
411	503	
411	504	
411	505	
411	506	
411	507	
412	508	
412	509	
409	510	
410	511	
410	512	
410	513	
410	514	
410	515	
411	516	
411	517	
411	518	
411	519	
413	520	
411	521	
411	522	
411	523	
405	524	
411	525	
415	525	
415	526	
412	527	
412	528	
412	529	
413	530	
413	531	
413	532	
414	533	
415	534	
415	535	
415	536	
415	537	
415	538	
416	538	
416	539	
416	540	
416	541	
415	542	
416	542	
416	543	
416	544	
416	545	
415	546	
415	547	
415	548	
415	549	
415	550	
416	550	
415	551	
416	551	
416	552	
416	553	
418	554	
416	555	
417	555	
415	556	
415	557	
415	558	
415	559	
415	560	
416	561	
416	562	
417	563	
417	564	
416	565	
417	565	
416	566	
417	567	
417	568	
417	569	
417	570	
417	571	
419	573	
419	574	
419	575	
420	576	
421	576	
419	577	
419	578	
419	579	
421	580	
421	581	
421	582	
419	583	
419	584	
421	585	
421	586	
421	587	
425	588	
423	589	
422	590	
422	591	
421	592	
421	593	
422	594	
423	595	
423	596	
425	597	
424	598	
425	599	
423	600	
421	601	
422	602	
424	603	
424	604	
423	605	
422	606	
423	607	
423	608	
422	609	
422	610	
425	610	
423	611	
423	612	
423	613	
427	613	
423	614	
426	614	
427	615	
427	616	
427	617	
423	618	
423	619	
423	620	
423	621	
423	622	
423	623	
427	624	
427	625	
426	626	
425	627	
425	628	
425	629	
425	630	
425	631	
425	632	
427	633	
424	634	
425	635	
425	636	
425	637	
426	638	
427	639	
426	640	
425	641	
425	642	
425	643	
425	644	
425	645	
425	646	
425	647	
426	648	
425	649	
426	650	
425	651	
425	652	
425	653	
425	654	
426	655	
425	656	
425	657	
425	658	
425	659	
425	660	
426	660	
425	661	
426	662	
426	663	
425	664	
425	665	
425	666	
425	667	
426	668	
430	669	
430	670	
425	671	
429	671	
425	672	
425	673	
425	674	
429	675	
429	676	
428	677	
426	678	
426	679	
427	680	
426	681	
425	682	
426	683	
426	684	
425	685	
426	686	
425	687	
425	688	
425	689	
425	690	
426	691	
428	692	
429	693	
429	694	
429	695	
425	696	
424	697	
425	697	
425	698	
427	699	
425	700	
425	701	
426	702	
425	703	
426	703	
425	704	
425	705	
427	706	
427	707	
428	707	
426	708	
424	709	
425	709	
424	710	
427	711	
427	712	
427	713	
425	714	
427	714	
425	715	
425	716	
425	717	
423	718	
423	719	
424	720	
425	721	
425	722	
426	722	
426	723	
426	724	
424	725	
424	726	
424	727	
424	728	
425	728	
424	729	
425	730	
425	731	
423	732	
423	733	
423	734	
423	735	
423	736	
423	737	
423	738	
423	739	
423	740	
424	741	
425	742	
423	743	
423	744	
423	745	
423	746	
423	747	
423	748	
423	749	
423	750	
423	751	
423	752	
423	753	
422	754	
423	755	
423	756	
423	757	
423	758	
423	759	
421	760	
421	761	
421	762	
421	763	
421	764	
421	765	
421	766	
423	767	
425	768	
421	769	
421	770	
425	771	
421	772	
421	773	
421	774	
425	775	
425	776	
421	777	
422	778	
423	778	
421	779	
421	780	
421	781	
422	781	
421	782	
421	783	
420	784	
419	785	
419	786	
419	787	
419	788	
421	789	
421	790	
421	791	
419	792	
417	793	
417	794	
417	795	
419	796	
419	797	
419	798	
419	799	
419	800	
417	801	
417	802	
417	803	
415	804	
415	805	
418	806	
417	807	
415	808	
415	809	
415	810	
415	811	
415	812	
415	813	
416	813	
416	814	
415	815	
415	816	
415	817	
415	818	
416	818	
416	819	
415	820	
415	821	
415	822	
415	823	
415	824	
416	824	
416	825	
416	826	
415	827	
415	828	
415	829	
419	830	
415	831	
415	832	
415	833	
416	833	
416	834	
415	835	
415	836	
415	837	
415	838	
415	839	
415	840	
415	841	
415	842	
415	843	
416	844	
417	845	
417	846	
419	847	
419	848	
415	849	
415	850	
415	851	
417	852	
417	853	
414	854	
414	855	
414	856	
414	857	
415	858	
415	859	
415	860	
415	861	
415	862	
415	863	
415	864	
415	865	
415	866	
415	867	
415	868	
416	869	
417	870	
415	871	
415	872	
415	873	
415	874	
416	874	
415	875	
415	876	
415	877	
415	878	
416	879	
416	880	
417	881	
417	882	
415	883	
415	884	
415	885	
414	886	
414	887	
417	887	
417	888	
413	889	
414	890	
419	891	
417	892	
417	893	
417	894	
413	895	
413	896	
415	897	
417	897	
416	898	
416	899	
416	900	
417	900	
417	901	
417	902	
413	903	
413	904	
414	905	
415	906	
413	907	
413	908	
413	909	
413	910	
413	911	
415	912	
411	922	
415	923	
415	924	
415	925	
415	926	
415	927	
413	931	
417	933	
416	934	
415	936	
413	939	
413	940	
417	941	
417	1005	
435	1097	
435	1098	
