334	67	
334	68	
405	300	
405	301	
405	302	
406	303	
406	304	
406	305	
405	306	
406	307	
406	308	
405	309	
405	310	
406	311	
406	312	
405	313	
405	314	
405	315	
405	316	
405	317	
405	318	
405	319	
406	319	
406	320	
406	321	
405	322	
405	323	
405	324	
404	325	
404	326	
404	327	
404	328	
404	329	
404	330	
404	331	
404	332	
404	333	
404	334	
405	334	
404	335	
404	336	
404	337	
404	338	
403	339	
403	340	
403	341	
403	342	
404	343	
403	344	
403	345	
404	346	
405	347	
404	348	
403	349	
403	350	
405	351	
403	352	
404	353	
404	354	
405	355	
404	356	
404	357	
404	358	
404	359	
404	360	
405	361	
404	362	
404	363	
404	364	
404	365	
404	366	
404	367	
405	368	
405	369	
405	370	
405	371	
404	372	
403	373	
404	373	
404	374	
405	375	
405	376	
404	377	
405	378	
405	379	
405	380	
405	381	
405	382	
405	383	
406	384	
405	385	
405	386	
406	386	
406	387	
405	388	
405	389	
405	390	
407	391	
405	392	
406	393	
406	394	
405	395	
405	396	
405	397	
406	398	
405	399	
405	400	
406	401	
406	402	
405	403	
406	404	
406	405	
405	406	
405	407	
407	408	
407	409	
407	410	
413	411	
413	412	
411	413	
411	414	
413	415	
413	416	
413	417	
415	418	
415	419	
415	420	
414	421	
414	422	
417	423	
417	424	
417	425	
414	426	
415	427	
415	428	
415	429	
415	430	
415	431	
416	432	
416	433	
417	433	
416	434	
417	434	
416	435	
416	436	
416	437	
415	438	
415	439	
415	440	
415	441	
416	442	
416	443	
416	444	
416	445	
416	446	
416	447	
416	448	
416	449	
416	450	
416	451	
415	452	
415	453	
415	454	
415	455	
416	456	
415	457	
415	458	
416	458	
415	459	
416	459	
415	460	
416	461	
416	462	
416	463	
416	464	
415	465	
415	466	
415	467	
415	468	
415	469	
415	470	
416	470	
415	471	
415	472	
416	473	
416	474	
416	475	
416	476	
416	477	
416	478	
415	479	
415	480	
415	481	
414	482	
414	483	
414	484	
414	485	
413	486	
414	487	
414	488	
414	489	
414	490	
414	491	
413	492	
414	493	
414	494	
414	495	
414	496	
414	497	
412	498	
415	499	
412	500	
412	501	
412	502	
413	503	
413	504	
412	505	
411	506	
412	506	
412	507	
411	508	
411	509	
411	510	
412	510	
412	511	
411	512	
410	513	
411	514	
412	515	
413	516	
412	517	
413	517	
413	518	
412	519	
411	520	
411	521	
411	522	
412	523	
415	524	
413	525	
413	526	
415	527	
415	528	
414	529	
414	530	
414	531	
415	532	
415	533	
417	534	
417	535	
417	536	
417	537	
417	538	
417	539	
417	540	
417	541	
417	542	
417	543	
417	544	
417	545	
416	546	
416	547	
416	548	
416	549	
416	550	
418	551	
417	552	
417	553	
419	554	
418	555	
417	556	
417	557	
417	558	
417	559	
421	560	
417	561	
417	562	
417	563	
417	564	
419	565	
420	566	
420	567	
420	568	
420	569	
419	570	
419	571	
419	572	
419	573	
419	574	
419	575	
422	576	
421	577	
421	578	
419	579	
421	579	
421	580	
421	581	
421	582	
423	583	
423	584	
422	585	
422	586	
421	587	
421	588	
421	589	
422	590	
423	591	
425	592	
424	593	
423	594	
424	595	
425	596	
424	597	
423	598	
423	599	
423	600	
423	601	
425	602	
424	603	
423	604	
423	605	
424	606	
425	607	
425	608	
424	609	
425	610	
425	611	
425	612	
425	613	
424	614	
425	615	
425	616	
424	617	
424	618	
424	619	
425	619	
425	620	
426	621	
426	622	
425	623	
425	624	
426	625	
427	626	
428	627	
428	628	
427	629	
426	630	
426	631	
427	632	
427	633	
427	634	
427	635	
426	636	
426	637	
428	638	
429	639	
428	640	
429	641	
429	642	
427	643	
428	644	
427	645	
427	646	
427	647	
427	648	
428	649	
427	650	
428	651	
425	652	
429	653	
429	654	
428	655	
426	656	
429	656	
426	657	
426	658	
426	659	
426	660	
426	661	
429	662	
429	663	
429	664	
426	665	
427	666	
427	667	
428	668	
427	669	
428	670	
427	671	
428	672	
427	673	
427	674	
428	674	
427	675	
427	676	
429	677	
429	678	
427	679	
427	680	
427	681	
427	682	
427	683	
428	683	
427	684	
427	685	
427	686	
427	687	
427	688	
427	689	
427	690	
427	691	
428	692	
427	693	
427	694	
427	695	
427	696	
427	697	
426	698	
427	699	
428	700	
428	701	
427	702	
427	703	
429	704	
426	705	
425	706	
426	707	
427	708	
427	709	
427	710	
427	711	
428	712	
425	713	
425	714	
425	715	
424	716	
425	717	
425	718	
425	719	
426	720	
426	721	
425	722	
425	723	
425	724	
425	725	
424	726	
424	727	
425	728	
425	729	
425	730	
425	731	
426	732	
426	733	
427	734	
423	735	
423	736	
423	737	
424	738	
424	739	
423	740	
424	741	
424	742	
424	743	
427	743	
427	744	
423	745	
423	746	
423	747	
424	748	
427	749	
427	750	
427	751	
426	752	
426	753	
425	754	
423	755	
423	756	
423	757	
423	758	
423	759	
423	760	
423	761	
423	762	
423	763	
423	764	
423	765	
423	766	
423	767	
423	768	
423	769	
423	770	
422	771	
423	771	
421	772	
424	773	
424	774	
424	775	
425	776	
425	777	
421	778	
421	779	
421	780	
424	781	
424	782	
421	783	
421	784	
421	785	
422	786	
421	787	
419	788	
421	788	
421	789	
421	790	
421	791	
419	792	
419	793	
423	794	
419	795	
421	796	
417	797	
417	798	
417	799	
417	800	
417	801	
417	802	
418	803	
418	804	
418	805	
417	806	
417	807	
417	808	
417	809	
417	810	
419	811	
418	812	
417	813	
418	813	
417	814	
417	815	
417	816	
417	817	
417	818	
417	819	
417	820	
417	821	
417	822	
417	823	
417	824	
417	825	
419	826	
419	827	
417	828	
417	829	
417	830	
417	831	
417	832	
417	833	
417	834	
417	835	
417	836	
417	837	
417	838	
417	839	
417	840	
418	841	
419	842	
417	843	
417	844	
417	845	
417	846	
417	847	
417	848	
416	849	
415	850	
417	851	
417	852	
416	853	
415	854	
415	855	
415	856	
419	857	
419	858	
415	859	
415	860	
415	861	
415	862	
415	863	
415	864	
415	865	
416	866	
416	867	
416	868	
416	869	
416	870	
416	871	
416	872	
416	873	
416	874	
415	875	
416	875	
416	876	
416	877	
416	878	
415	879	
415	880	
419	881	
419	882	
415	883	
415	884	
416	885	
417	886	
416	887	
416	888	
417	889	
417	890	
416	891	
415	892	
415	893	
415	894	
415	895	
415	896	
415	897	
415	898	
415	899	
415	900	
415	901	
415	902	
417	903	
417	904	
415	905	
415	906	
415	907	
415	908	
415	909	
415	910	
415	911	
415	912	
415	913	
415	914	
415	923	
415	924	
417	925	
417	926	
415	934	
415	935	
415	936	
415	937	
417	937	
417	938	
415	941	
417	999	
417	1000	
417	1001	
417	1005	
421	1007	
423	1019	
421	1020	
421	1021	
432	1089	
433	1096	
433	1097	
431	1098	
431	1099	
