407	300	
407	301	
408	302	
408	303	
406	304	
407	304	
406	305	
406	306	
406	307	
406	308	
406	309	
406	310	
407	311	
407	312	
407	313	
406	314	
407	315	
408	316	
408	317	
406	318	
406	319	
406	320	
407	321	
406	322	
406	323	
406	324	
406	325	
406	326	
406	327	
406	328	
406	329	
406	330	
406	331	
405	332	
405	333	
405	334	
405	335	
406	336	
406	337	
406	338	
405	339	
406	340	
405	341	
405	342	
405	343	
404	344	
404	345	
404	346	
405	347	
404	348	
404	349	
404	350	
406	351	
404	352	
404	353	
405	354	
406	355	
405	356	
405	357	
405	358	
405	359	
405	360	
405	361	
405	362	
405	363	
407	364	
407	365	
405	366	
405	367	
406	368	
406	369	
406	370	
406	371	
406	372	
405	373	
405	374	
406	375	
406	376	
406	377	
407	378	
407	379	
407	380	
407	381	
406	382	
406	383	
406	384	
407	385	
407	386	
407	387	
407	388	
406	389	
406	390	
406	391	
406	392	
406	393	
406	394	
406	395	
406	396	
406	397	
406	398	
406	399	
406	400	
409	401	
409	402	
408	403	
407	404	
407	405	
407	406	
407	407	
407	408	
407	409	
411	411	
412	411	
413	412	
414	413	
413	414	
415	415	
414	416	
417	417	
417	418	
415	419	
415	420	
415	421	
416	422	
416	423	
416	424	
415	425	
416	426	
416	427	
416	428	
417	429	
417	430	
417	431	
417	432	
417	433	
417	434	
417	435	
417	436	
418	437	
418	438	
418	439	
419	440	
420	441	
420	442	
418	443	
418	444	
417	445	
417	446	
418	447	
418	448	
417	449	
418	450	
418	451	
419	452	
416	453	
416	454	
417	455	
418	456	
417	457	
417	458	
417	459	
417	460	
416	461	
416	462	
417	463	
417	464	
416	465	
416	466	
416	467	
417	467	
417	468	
417	469	
416	470	
416	471	
416	472	
416	473	
416	474	
416	475	
416	476	
416	477	
416	478	
416	479	
416	480	
416	481	
416	482	
416	483	
416	484	
416	485	
417	485	
416	486	
416	487	
416	488	
415	489	
415	490	
415	491	
416	492	
414	493	
414	494	
415	494	
414	495	
414	496	
414	497	
414	498	
414	499	
414	500	
414	501	
414	502	
414	503	
414	504	
414	505	
413	506	
413	507	
413	508	
412	509	
412	510	
412	511	
412	512	
412	513	
412	514	
412	515	
413	516	
413	517	
413	518	
413	519	
413	520	
413	521	
413	522	
416	523	
415	524	
415	525	
416	526	
416	527	
416	528	
416	529	
416	530	
418	531	
418	532	
417	533	
417	534	
417	535	
418	536	
417	537	
417	538	
417	539	
417	540	
417	541	
418	542	
419	543	
419	544	
418	545	
418	546	
417	547	
420	548	
420	549	
418	550	
420	550	
417	551	
418	552	
417	553	
420	554	
417	555	
418	556	
419	557	
419	558	
419	559	
419	560	
420	561	
420	562	
420	563	
419	564	
419	565	
422	566	
420	567	
420	568	
420	569	
420	570	
422	571	
421	572	
421	573	
421	574	
421	575	
421	576	
421	577	
421	578	
422	579	
424	580	
421	581	
421	582	
421	583	
426	584	
425	585	
425	586	
424	587	
423	588	
423	589	
423	590	
423	591	
424	591	
423	592	
424	593	
423	594	
423	595	
427	596	
423	597	
423	598	
423	599	
424	600	
427	601	
427	602	
426	603	
425	604	
426	604	
425	605	
425	606	
426	607	
426	608	
426	609	
426	610	
426	611	
426	612	
426	613	
425	614	
427	615	
427	616	
426	617	
426	618	
426	619	
426	620	
429	621	
429	622	
429	623	
428	624	
427	625	
427	626	
427	627	
427	628	
428	629	
429	630	
427	631	
427	632	
427	633	
427	634	
427	635	
428	635	
428	636	
427	637	
427	638	
427	639	
427	640	
427	641	
427	642	
428	643	
427	644	
428	645	
428	646	
428	647	
429	648	
428	649	
427	650	
428	651	
427	652	
428	652	
428	653	
428	654	
428	655	
428	656	
428	657	
427	658	
427	659	
427	660	
431	661	
430	662	
430	663	
431	664	
428	665	
430	666	
431	667	
430	668	
428	669	
427	670	
429	671	
428	672	
429	673	
427	674	
428	675	
429	676	
428	677	
428	678	
429	679	
429	680	
428	681	
430	682	
428	683	
428	684	
428	685	
428	686	
431	687	
427	688	
429	689	
431	689	
429	690	
427	691	
427	692	
427	693	
427	694	
429	695	
428	696	
427	697	
428	698	
427	699	
427	700	
427	701	
428	702	
428	703	
427	704	
428	705	
429	706	
428	707	
427	708	
427	709	
428	710	
427	711	
427	712	
427	713	
430	714	
430	715	
427	716	
426	717	
426	718	
429	719	
429	720	
428	721	
425	722	
426	722	
429	722	
427	723	
428	724	
427	725	
425	726	
429	727	
427	728	
427	729	
427	730	
425	731	
425	732	
425	733	
425	734	
425	735	
426	736	
426	737	
425	738	
425	739	
426	739	
428	740	
425	741	
425	742	
426	743	
425	744	
426	745	
427	746	
426	747	
426	748	
426	749	
425	750	
427	751	
427	752	
425	753	
425	754	
424	755	
424	756	
424	757	
425	758	
425	759	
427	760	
427	761	
427	762	
425	763	
425	764	
423	765	
423	766	
423	767	
425	768	
423	769	
423	770	
423	771	
423	772	
423	773	
423	774	
423	775	
422	776	
423	777	
423	778	
423	779	
423	780	
424	781	
425	782	
421	783	
423	784	
423	785	
423	786	
423	787	
423	788	
421	789	
421	790	
421	791	
421	792	
421	793	
425	794	
423	795	
423	796	
419	797	
423	797	
419	798	
419	799	
421	800	
419	801	
419	802	
417	803	
421	804	
422	805	
422	806	
418	807	
418	808	
417	809	
418	809	
418	810	
418	811	
417	812	
418	812	
417	813	
418	813	
418	814	
419	815	
420	816	
421	817	
417	818	
417	819	
417	820	
417	821	
418	822	
418	823	
418	824	
418	825	
419	826	
420	827	
419	828	
420	829	
421	830	
421	831	
421	832	
418	833	
419	834	
419	835	
417	836	
417	837	
417	838	
417	839	
417	840	
418	840	
418	841	
418	842	
417	843	
417	844	
417	845	
417	846	
421	847	
420	848	
419	849	
417	850	
417	851	
417	852	
417	853	
417	854	
416	855	
416	856	
417	857	
417	858	
417	859	
417	860	
417	861	
417	862	
417	863	
417	864	
417	865	
417	866	
417	867	
419	868	
418	869	
418	870	
421	871	
421	872	
417	873	
417	874	
417	875	
417	876	
417	877	
420	877	
417	878	
417	879	
417	880	
417	881	
417	882	
417	883	
417	884	
417	885	
417	886	
417	887	
417	888	
417	889	
417	890	
417	891	
417	892	
417	893	
417	894	
417	895	
417	896	
416	897	
416	898	
418	899	
417	900	
418	900	
417	901	
417	902	
417	903	
417	904	
419	905	
415	906	
415	907	
415	908	
415	909	
417	910	
417	911	
417	912	
417	913	
417	914	
419	931	
419	932	
417	933	
417	934	
417	935	
417	936	
419	937	
419	938	
415	939	
415	940	
423	1029	
435	1082	
435	1083	
437	1098	
437	1099	
