411	303	
411	304	
412	305	
410	306	
411	307	
413	308	
412	309	
412	310	
411	311	
411	312	
411	313	
413	314	
413	315	
411	316	
412	316	
413	317	
413	318	
412	319	
412	320	
411	321	
412	321	
412	322	
411	323	
411	324	
411	325	
411	326	
412	326	
411	327	
411	328	
411	329	
412	330	
412	331	
411	332	
410	333	
410	334	
410	335	
411	336	
412	337	
411	338	
412	339	
410	340	
410	341	
410	342	
410	343	
410	344	
410	345	
410	346	
409	347	
409	348	
410	349	
410	350	
410	351	
409	352	
409	353	
409	354	
411	355	
409	356	
409	357	
410	358	
411	358	
411	359	
410	360	
409	361	
409	362	
410	363	
410	364	
410	365	
410	366	
410	367	
410	368	
410	369	
411	370	
411	371	
410	372	
410	373	
410	374	
410	375	
410	376	
411	377	
410	378	
410	379	
410	380	
410	381	
410	382	
410	383	
411	384	
411	385	
410	386	
409	387	
410	388	
410	389	
410	390	
410	391	
410	392	
410	393	
410	394	
410	395	
410	396	
411	397	
410	398	
410	399	
410	400	
411	401	
411	402	
411	403	
411	404	
411	405	
411	406	
411	407	
411	408	
418	409	
418	410	
417	411	
419	412	
420	413	
419	414	
419	415	
419	416	
420	417	
420	418	
419	419	
420	420	
420	421	
420	422	
423	423	
423	424	
421	425	
421	426	
421	427	
421	428	
421	429	
421	430	
422	431	
422	432	
422	433	
422	434	
422	435	
422	436	
422	437	
423	438	
424	439	
424	440	
422	441	
421	442	
422	442	
423	443	
422	444	
421	445	
422	446	
422	447	
423	448	
422	449	
422	450	
422	451	
422	452	
421	453	
421	454	
422	455	
422	456	
422	457	
421	458	
421	459	
422	460	
422	461	
422	462	
421	463	
422	463	
421	464	
422	465	
422	466	
422	467	
422	468	
421	469	
421	470	
421	471	
422	471	
422	472	
422	473	
422	474	
422	475	
421	476	
422	477	
422	478	
422	479	
421	480	
422	481	
422	482	
423	483	
423	484	
422	485	
422	486	
419	487	
419	488	
419	489	
419	490	
419	491	
419	492	
420	493	
419	494	
419	495	
419	496	
419	497	
419	498	
420	499	
421	500	
418	501	
418	502	
417	503	
418	504	
419	505	
419	506	
419	507	
417	508	
417	509	
417	510	
418	511	
417	512	
417	513	
416	514	
416	515	
416	516	
416	517	
417	517	
418	518	
418	519	
417	520	
417	521	
418	522	
417	523	
417	524	
419	525	
419	526	
420	526	
421	527	
421	528	
421	529	
420	530	
421	531	
422	532	
421	533	
421	534	
421	535	
421	536	
425	537	
424	538	
424	539	
421	540	
421	541	
424	542	
425	543	
426	544	
423	545	
423	546	
423	547	
423	548	
423	549	
424	550	
424	551	
424	552	
423	553	
423	554	
423	555	
423	556	
423	557	
423	558	
424	559	
423	560	
424	560	
424	561	
424	562	
424	563	
425	564	
424	565	
425	566	
425	567	
425	568	
425	569	
425	570	
426	571	
425	572	
425	573	
425	574	
426	575	
425	576	
425	577	
425	578	
426	579	
425	580	
426	581	
426	582	
427	583	
427	584	
428	584	
429	585	
426	586	
427	587	
428	588	
427	589	
427	590	
426	591	
427	592	
428	593	
428	594	
428	595	
429	596	
429	597	
428	598	
427	599	
431	600	
430	601	
428	602	
429	602	
429	603	
429	604	
429	605	
429	606	
429	607	
429	608	
430	609	
430	610	
430	611	
429	612	
430	613	
431	614	
431	615	
431	616	
432	617	
432	618	
432	619	
431	620	
431	621	
432	622	
431	623	
431	624	
430	625	
431	626	
432	626	
432	627	
432	628	
432	629	
432	630	
431	631	
432	632	
433	633	
433	634	
433	635	
433	636	
433	637	
432	638	
432	639	
431	640	
432	641	
431	642	
432	643	
432	644	
431	645	
431	646	
433	647	
431	648	
433	649	
431	650	
433	651	
433	652	
433	653	
431	654	
432	654	
431	655	
430	656	
431	656	
431	657	
431	658	
431	659	
431	660	
432	661	
432	662	
432	663	
432	664	
431	665	
431	666	
431	667	
431	668	
432	669	
432	670	
432	671	
432	672	
432	673	
432	674	
432	675	
432	676	
433	677	
433	678	
432	679	
433	679	
432	680	
432	681	
433	682	
433	683	
434	684	
433	685	
434	686	
431	687	
432	688	
432	689	
432	690	
432	691	
432	692	
431	693	
431	694	
431	695	
431	696	
431	697	
432	698	
432	699	
432	700	
431	701	
432	702	
432	703	
433	704	
432	705	
432	706	
432	707	
431	708	
431	709	
431	710	
431	711	
431	712	
431	713	
431	714	
431	715	
429	716	
429	717	
429	718	
430	719	
430	720	
430	721	
429	722	
429	723	
433	724	
429	725	
429	726	
429	727	
431	728	
430	729	
429	730	
429	731	
429	732	
429	733	
429	734	
430	735	
430	736	
429	737	
429	738	
429	739	
433	740	
429	741	
429	742	
429	743	
429	744	
432	745	
430	746	
429	747	
429	748	
429	749	
429	750	
430	751	
430	752	
429	753	
429	754	
428	755	
428	756	
428	757	
429	758	
429	759	
429	760	
428	761	
428	762	
431	763	
431	764	
431	765	
427	766	
427	767	
427	768	
427	769	
427	770	
430	771	
427	772	
427	773	
427	774	
427	775	
427	776	
431	777	
431	778	
427	779	
427	780	
427	781	
427	782	
427	783	
427	784	
427	785	
429	786	
429	787	
429	788	
429	789	
425	790	
425	791	
425	792	
425	793	
425	794	
425	795	
423	796	
425	797	
425	798	
427	798	
423	799	
423	800	
423	801	
423	802	
425	803	
425	804	
423	805	
423	806	
423	807	
424	807	
423	808	
425	809	
426	810	
423	811	
423	812	
423	813	
423	814	
426	815	
425	816	
424	817	
423	818	
423	819	
423	820	
423	821	
423	822	
424	823	
423	824	
424	824	
424	825	
423	826	
425	826	
425	827	
423	828	
423	829	
423	830	
423	831	
423	832	
423	833	
426	834	
425	835	
424	836	
424	837	
423	838	
423	839	
423	840	
423	841	
423	842	
424	843	
422	844	
422	845	
423	846	
423	847	
423	848	
421	849	
421	850	
421	851	
421	852	
421	853	
421	854	
421	855	
421	856	
421	857	
422	858	
425	859	
423	860	
422	861	
422	862	
422	863	
424	864	
425	864	
425	865	
425	866	
425	867	
425	868	
423	869	
423	870	
422	871	
421	872	
421	873	
421	874	
421	875	
421	876	
422	876	
421	877	
421	878	
423	879	
423	880	
425	881	
424	882	
423	883	
421	884	
421	885	
421	886	
421	887	
421	888	
421	889	
421	890	
425	891	
425	892	
422	893	
422	894	
421	895	
421	896	
420	897	
421	898	
421	899	
421	900	
421	901	
423	902	
423	903	
423	904	
421	905	
421	906	
421	907	
421	908	
421	909	
421	910	
421	911	
421	913	
421	914	
419	921	
419	922	
419	923	
419	924	
419	925	
421	933	
421	934	
423	935	
421	936	
421	937	
421	938	
421	939	
421	940	
421	941	
421	942	
425	943	
425	944	
425	999	
431	1029	
439	1106	
