412	305	
412	306	
412	307	
412	308	
412	309	
412	310	
412	311	
412	312	
412	313	
412	314	
413	314	
412	315	
412	316	
412	317	
413	318	
413	319	
412	320	
412	321	
412	322	
412	323	
413	324	
412	325	
412	326	
412	327	
412	328	
412	329	
413	330	
413	331	
412	332	
413	332	
412	333	
412	334	
412	335	
412	336	
411	337	
411	338	
411	339	
412	340	
412	341	
412	342	
412	343	
411	344	
410	345	
412	346	
412	347	
411	348	
410	349	
411	350	
411	351	
410	352	
410	353	
410	354	
411	355	
411	356	
411	357	
412	357	
411	358	
410	359	
410	360	
410	361	
410	362	
410	363	
410	364	
410	365	
411	366	
411	367	
411	368	
410	369	
411	370	
411	371	
411	372	
411	373	
410	374	
410	375	
411	376	
413	377	
411	378	
410	379	
411	380	
412	380	
412	381	
411	382	
411	383	
411	384	
410	385	
411	386	
411	387	
411	388	
411	389	
411	390	
411	391	
411	392	
411	393	
411	394	
411	395	
411	396	
411	397	
413	398	
413	399	
412	400	
412	401	
411	402	
412	403	
412	404	
412	405	
411	406	
411	407	
419	408	
419	409	
419	410	
420	411	
420	412	
420	413	
420	414	
419	415	
420	416	
421	417	
421	418	
421	419	
422	419	
422	420	
421	421	
422	422	
423	423	
423	424	
423	425	
423	426	
423	427	
422	428	
422	429	
422	430	
423	431	
423	432	
424	432	
425	433	
425	434	
424	435	
423	436	
424	437	
424	438	
424	439	
424	440	
423	441	
423	442	
424	443	
424	444	
424	445	
424	446	
423	447	
423	448	
423	449	
423	450	
423	451	
423	452	
424	452	
423	453	
423	454	
424	455	
424	456	
423	457	
423	458	
423	459	
425	460	
425	461	
425	462	
422	463	
422	464	
423	465	
423	466	
423	467	
424	467	
422	468	
422	469	
422	470	
422	471	
422	472	
422	473	
422	474	
422	475	
422	476	
422	477	
422	478	
422	479	
422	480	
422	481	
422	482	
422	483	
422	484	
421	485	
421	486	
421	487	
421	488	
421	489	
422	490	
421	491	
422	492	
422	493	
422	494	
420	495	
420	496	
420	497	
420	498	
420	499	
421	500	
421	501	
419	502	
419	503	
419	504	
419	505	
419	506	
419	507	
419	508	
418	509	
418	510	
418	511	
418	512	
418	513	
417	514	
417	515	
417	516	
418	516	
418	517	
418	518	
418	519	
418	520	
418	521	
417	522	
419	523	
419	524	
419	525	
423	525	
423	526	
423	527	
421	528	
421	529	
421	530	
421	531	
425	532	
424	533	
423	534	
423	535	
423	536	
423	537	
425	538	
425	539	
425	540	
423	541	
423	542	
424	543	
424	544	
423	545	
423	546	
426	547	
425	548	
425	549	
425	550	
424	551	
425	551	
424	552	
424	553	
426	554	
426	555	
425	556	
425	557	
425	558	
426	559	
426	560	
424	561	
426	562	
424	563	
423	564	
424	565	
425	566	
426	566	
425	567	
425	568	
425	569	
425	570	
426	571	
426	572	
426	573	
426	574	
426	575	
428	576	
429	577	
429	578	
428	579	
427	580	
427	581	
427	582	
427	583	
427	584	
428	585	
428	586	
428	587	
429	588	
429	589	
428	590	
429	590	
428	591	
429	592	
429	593	
430	593	
430	594	
429	595	
429	596	
429	597	
429	598	
429	599	
431	600	
432	600	
429	601	
430	602	
433	603	
433	604	
433	605	
431	606	
432	607	
431	608	
431	609	
431	610	
431	611	
434	612	
432	613	
432	614	
431	615	
432	615	
431	616	
432	617	
432	618	
431	619	
431	620	
431	621	
434	622	
433	623	
432	624	
432	625	
435	626	
432	627	
432	628	
432	629	
434	630	
434	631	
434	632	
434	633	
433	634	
433	635	
433	636	
434	637	
435	638	
433	639	
434	640	
434	641	
435	642	
432	643	
433	644	
434	645	
434	646	
435	647	
434	648	
432	649	
432	650	
432	651	
431	652	
433	653	
434	654	
433	655	
431	656	
431	657	
431	658	
432	659	
433	659	
433	660	
433	661	
434	662	
433	663	
433	664	
435	665	
432	666	
433	667	
433	668	
433	669	
433	670	
433	671	
433	672	
433	673	
433	674	
433	675	
433	676	
433	677	
434	678	
437	679	
433	680	
433	681	
433	682	
433	683	
433	684	
433	685	
434	686	
433	687	
434	687	
433	688	
433	689	
433	690	
433	691	
435	692	
434	693	
433	694	
433	695	
434	695	
433	696	
433	697	
434	698	
433	699	
434	700	
434	701	
433	702	
433	703	
433	704	
433	705	
433	706	
432	707	
433	707	
432	708	
431	709	
431	710	
431	711	
431	712	
432	713	
432	714	
432	715	
431	716	
431	717	
431	718	
431	719	
433	720	
432	721	
432	722	
433	722	
432	723	
432	724	
431	725	
431	726	
431	727	
431	728	
431	729	
432	730	
432	731	
431	732	
431	733	
435	734	
431	735	
433	736	
431	737	
431	738	
431	739	
433	740	
429	741	
429	742	
430	743	
431	744	
433	745	
433	746	
434	747	
429	748	
432	749	
432	750	
432	751	
432	752	
429	753	
429	754	
432	754	
431	755	
432	755	
432	756	
430	757	
429	758	
429	759	
429	760	
429	761	
429	762	
429	763	
429	764	
430	764	
429	765	
429	766	
431	767	
429	768	
429	769	
429	770	
429	771	
429	772	
429	773	
429	774	
430	775	
427	776	
427	777	
427	778	
427	779	
427	780	
427	781	
427	782	
429	783	
431	784	
431	785	
426	786	
427	786	
427	787	
427	788	
427	789	
427	790	
425	791	
425	792	
425	793	
425	794	
427	795	
427	796	
424	797	
425	797	
425	798	
425	799	
425	800	
425	801	
424	802	
423	803	
423	804	
423	805	
423	806	
424	807	
424	808	
427	809	
425	810	
425	811	
426	812	
426	813	
426	814	
424	815	
423	816	
424	816	
423	817	
427	818	
423	819	
423	820	
423	821	
423	822	
424	823	
426	824	
424	825	
424	826	
423	827	
423	828	
424	829	
425	830	
424	831	
424	832	
425	833	
424	834	
425	834	
424	835	
424	836	
424	837	
426	838	
426	839	
423	840	
423	841	
423	842	
423	843	
423	844	
423	845	
425	846	
425	847	
427	848	
423	849	
423	850	
423	851	
423	852	
425	853	
425	854	
423	855	
424	855	
424	856	
423	857	
423	858	
422	859	
423	860	
423	861	
424	862	
423	863	
425	864	
425	865	
424	866	
425	866	
424	867	
423	868	
423	869	
423	870	
427	871	
427	872	
423	873	
423	874	
423	875	
423	876	
423	877	
423	878	
423	879	
423	880	
423	881	
423	882	
425	882	
423	883	
423	884	
423	885	
423	886	
425	887	
425	888	
425	889	
422	890	
423	891	
423	892	
423	893	
424	894	
425	895	
425	896	
427	897	
423	898	
422	899	
422	900	
425	900	
422	901	
422	902	
421	903	
422	903	
421	904	
421	905	
421	906	
422	907	
425	908	
421	909	
421	910	
421	911	
423	913	
421	921	
421	922	
421	930	
421	931	
421	934	
425	935	
421	936	
421	937	
421	938	
423	939	
423	940	
425	941	
429	1027	
437	1075	
437	1076	
441	1109	
441	1110	
