413	306	
413	307	
414	308	
414	309	
413	310	
414	310	
413	311	
414	311	
414	312	
414	313	
414	314	
414	315	
414	316	
414	317	
414	318	
414	319	
414	320	
414	321	
414	322	
414	323	
414	324	
413	325	
414	326	
414	327	
415	328	
415	329	
413	330	
413	331	
413	332	
413	333	
413	334	
413	335	
413	336	
413	337	
412	338	
412	339	
413	340	
413	341	
412	342	
412	343	
413	344	
412	345	
412	346	
412	347	
412	348	
412	349	
412	350	
412	351	
412	352	
413	352	
413	353	
413	354	
412	355	
411	356	
411	357	
411	358	
411	359	
411	360	
411	361	
411	362	
411	363	
411	364	
412	365	
412	366	
411	367	
411	368	
411	369	
413	370	
413	371	
411	372	
411	373	
413	374	
413	375	
413	376	
412	377	
411	378	
412	379	
412	380	
412	381	
412	382	
412	383	
412	384	
412	385	
412	386	
412	387	
412	388	
412	389	
412	390	
412	391	
412	392	
412	393	
412	394	
411	395	
412	396	
412	397	
412	398	
412	399	
413	400	
412	401	
412	402	
411	403	
412	404	
413	405	
413	406	
419	407	
419	408	
419	409	
420	410	
421	411	
421	412	
423	413	
423	414	
423	415	
423	416	
422	417	
422	418	
423	419	
423	420	
422	421	
422	422	
424	423	
424	424	
423	425	
423	426	
424	427	
424	428	
424	429	
424	430	
424	431	
424	432	
423	433	
424	434	
425	435	
425	436	
425	437	
425	438	
424	439	
424	440	
424	441	
424	442	
424	443	
424	444	
424	445	
424	446	
425	447	
424	448	
424	449	
424	450	
424	451	
424	452	
424	453	
424	454	
424	455	
423	456	
423	457	
423	458	
423	459	
423	460	
425	460	
423	461	
423	462	
424	463	
424	464	
424	465	
424	466	
423	467	
423	468	
424	469	
424	470	
424	471	
425	472	
425	473	
424	474	
424	475	
424	476	
423	477	
424	477	
425	478	
425	479	
424	480	
424	481	
423	482	
423	483	
424	484	
425	485	
422	486	
422	487	
423	488	
423	489	
422	490	
422	491	
422	492	
422	493	
422	494	
421	495	
421	496	
421	497	
422	498	
422	499	
422	500	
422	501	
420	502	
420	503	
423	504	
420	505	
420	506	
420	507	
420	508	
420	509	
420	510	
420	511	
419	512	
419	513	
420	514	
419	515	
420	516	
420	517	
418	518	
418	519	
418	520	
419	521	
420	522	
419	523	
419	524	
420	525	
421	526	
421	527	
422	528	
422	529	
423	530	
425	531	
422	532	
422	533	
423	533	
423	534	
423	535	
423	536	
423	537	
427	538	
425	539	
425	540	
425	541	
426	541	
427	542	
427	543	
428	544	
426	545	
425	546	
425	547	
425	548	
426	549	
426	550	
426	551	
426	552	
426	553	
429	554	
426	555	
426	556	
426	557	
426	558	
426	559	
426	560	
426	561	
428	562	
428	563	
427	564	
426	565	
428	566	
425	567	
426	568	
426	569	
427	570	
428	571	
428	572	
428	573	
427	574	
427	575	
428	576	
427	577	
428	578	
428	579	
428	580	
428	581	
430	582	
429	583	
429	584	
429	585	
429	586	
429	587	
429	588	
429	589	
429	590	
429	591	
429	592	
430	592	
430	593	
429	594	
430	595	
430	596	
430	597	
430	598	
431	599	
431	600	
432	601	
433	601	
431	602	
432	603	
431	604	
432	604	
431	605	
432	605	
431	606	
433	607	
432	608	
433	609	
433	610	
435	611	
435	612	
435	613	
434	614	
433	615	
433	616	
433	617	
433	618	
433	619	
433	620	
433	621	
433	622	
433	623	
433	624	
434	625	
434	626	
434	627	
434	628	
434	629	
433	630	
433	631	
434	631	
435	632	
434	633	
434	634	
434	635	
435	636	
434	637	
433	638	
433	639	
434	640	
434	641	
434	642	
434	643	
436	644	
433	645	
433	646	
434	647	
433	648	
433	649	
433	650	
433	651	
433	652	
433	653	
433	654	
433	655	
433	656	
433	657	
434	657	
433	658	
433	659	
433	660	
433	661	
433	662	
433	663	
437	664	
433	665	
433	666	
433	667	
433	668	
433	669	
433	670	
433	671	
435	672	
435	673	
435	674	
435	675	
435	676	
434	677	
433	678	
433	679	
433	680	
438	681	
434	682	
436	682	
433	683	
434	683	
433	684	
433	685	
433	686	
436	687	
436	688	
436	689	
433	690	
434	690	
433	691	
434	692	
434	693	
436	694	
434	695	
433	696	
433	697	
434	698	
433	699	
433	700	
433	701	
433	702	
435	703	
435	704	
435	705	
436	705	
435	706	
433	707	
433	708	
434	709	
433	710	
433	711	
437	711	
432	712	
433	713	
433	714	
435	715	
431	716	
432	717	
433	718	
433	719	
433	720	
432	721	
431	722	
434	723	
435	723	
435	724	
435	725	
431	726	
431	727	
431	728	
432	729	
432	730	
431	731	
431	732	
431	733	
431	734	
431	735	
432	736	
431	737	
431	738	
431	739	
431	740	
431	741	
431	742	
431	743	
431	744	
431	745	
431	746	
431	747	
431	748	
431	749	
433	750	
433	751	
433	752	
433	753	
433	754	
430	755	
430	756	
430	757	
430	758	
431	759	
431	760	
431	761	
431	762	
431	763	
431	764	
429	765	
429	766	
429	767	
429	768	
429	769	
429	770	
431	771	
430	772	
430	773	
429	774	
429	775	
429	776	
429	777	
429	778	
432	779	
431	780	
427	781	
427	782	
428	783	
429	783	
429	784	
429	785	
427	786	
429	787	
431	788	
427	789	
427	790	
427	791	
427	792	
429	793	
425	794	
425	795	
425	796	
425	797	
425	798	
429	799	
429	800	
425	801	
425	802	
426	802	
426	803	
425	804	
426	805	
425	806	
425	807	
425	808	
426	808	
426	809	
426	810	
425	811	
425	812	
425	813	
425	814	
425	815	
425	816	
425	817	
425	818	
425	819	
423	820	
426	821	
426	822	
425	823	
425	824	
425	825	
425	826	
426	827	
426	828	
426	829	
426	830	
425	831	
425	832	
425	833	
425	834	
426	835	
425	836	
425	837	
425	838	
425	839	
425	840	
425	841	
425	842	
426	843	
427	844	
425	845	
425	846	
426	847	
427	848	
427	849	
427	850	
427	851	
427	852	
425	853	
425	854	
425	855	
425	856	
425	857	
425	858	
425	859	
424	860	
423	861	
423	862	
424	863	
425	864	
425	865	
425	866	
425	867	
425	868	
424	869	
423	870	
423	871	
425	872	
427	873	
427	874	
427	875	
424	876	
425	877	
424	878	
426	878	
423	879	
424	879	
424	880	
424	881	
425	882	
425	883	
425	884	
424	885	
423	886	
423	887	
423	888	
423	889	
423	890	
424	891	
425	892	
425	893	
425	894	
423	895	
423	896	
423	897	
423	898	
423	899	
423	900	
425	901	
425	902	
423	903	
423	904	
423	905	
423	906	
423	907	
423	908	
423	909	
423	910	
423	911	
423	912	
423	913	
427	914	
425	932	
425	933	
425	934	
425	935	
425	936	
423	937	
425	937	
423	938	
423	939	
423	940	
423	941	
427	1015	
429	1023	
431	1025	
431	1037	
431	1038	
439	1069	
439	1090	
439	1091	
441	1094	
441	1095	
443	1096	
443	1097	
441	1110	
