416	305	
416	306	
415	307	
416	307	
416	308	
414	309	
415	309	
414	310	
415	310	
414	311	
414	312	
414	313	
414	314	
414	315	
415	316	
415	317	
416	317	
415	318	
416	318	
415	319	
414	320	
414	321	
415	322	
415	323	
416	324	
416	325	
416	326	
416	327	
417	328	
416	329	
416	330	
416	331	
416	332	
414	333	
415	334	
416	335	
414	336	
414	337	
414	338	
415	339	
415	340	
415	341	
414	342	
414	343	
414	344	
414	345	
414	346	
414	347	
414	348	
414	349	
414	350	
414	351	
414	352	
414	353	
414	354	
413	355	
413	356	
414	357	
414	358	
413	359	
413	360	
414	361	
414	362	
413	363	
413	364	
413	365	
413	366	
413	367	
414	367	
414	368	
414	369	
413	370	
413	371	
412	372	
415	373	
412	374	
413	375	
413	376	
413	377	
415	378	
415	379	
413	380	
413	381	
413	382	
413	383	
413	384	
412	385	
413	386	
414	387	
413	388	
413	389	
413	390	
414	391	
413	392	
414	393	
413	394	
413	395	
413	396	
414	397	
413	398	
413	399	
414	400	
414	401	
414	402	
413	403	
413	404	
413	405	
413	406	
425	411	
425	412	
423	413	
423	414	
423	415	
424	416	
424	417	
424	418	
424	419	
424	420	
424	421	
424	422	
425	423	
425	424	
425	425	
426	426	
427	427	
427	428	
424	429	
424	430	
425	431	
426	432	
426	433	
426	434	
425	435	
425	436	
426	437	
426	438	
426	439	
426	440	
426	441	
426	442	
426	443	
426	444	
426	445	
426	446	
426	447	
426	448	
426	449	
426	450	
426	451	
426	452	
426	453	
426	454	
426	455	
425	456	
425	457	
425	458	
425	459	
425	460	
425	461	
425	462	
426	463	
425	464	
426	465	
426	466	
426	467	
427	468	
426	469	
425	470	
425	471	
425	472	
426	473	
426	474	
425	475	
425	476	
426	477	
426	478	
425	479	
425	480	
424	481	
424	482	
424	483	
425	484	
426	485	
425	486	
425	487	
424	488	
424	489	
424	490	
424	491	
424	492	
424	493	
425	494	
425	495	
425	496	
425	497	
423	498	
422	499	
424	500	
422	501	
423	502	
423	503	
422	504	
422	505	
422	506	
421	507	
422	507	
421	508	
420	509	
420	510	
421	511	
421	512	
420	513	
421	514	
421	515	
422	516	
421	517	
420	518	
420	519	
423	519	
423	520	
419	521	
420	522	
420	523	
423	524	
421	525	
421	526	
423	527	
423	528	
423	529	
423	530	
423	531	
426	532	
426	533	
427	533	
424	534	
424	535	
424	536	
425	537	
425	538	
425	539	
427	540	
428	540	
427	541	
425	542	
425	543	
425	544	
427	545	
428	545	
427	546	
427	547	
427	548	
427	549	
427	550	
427	551	
427	552	
427	553	
427	554	
428	555	
428	556	
428	557	
427	558	
428	559	
429	560	
429	561	
428	562	
428	563	
428	564	
428	565	
428	566	
428	567	
428	568	
428	569	
428	570	
428	571	
428	572	
428	573	
430	573	
428	574	
429	575	
429	576	
429	577	
429	578	
429	579	
429	580	
429	581	
429	582	
429	583	
429	584	
430	585	
431	586	
431	587	
432	587	
433	588	
431	589	
432	589	
431	590	
431	591	
432	592	
433	593	
431	594	
432	595	
432	596	
432	597	
432	598	
432	599	
432	600	
431	601	
431	602	
436	603	
433	604	
436	604	
433	605	
433	606	
435	607	
435	608	
436	609	
434	610	
434	611	
434	612	
435	613	
436	614	
435	615	
434	616	
434	617	
434	618	
434	619	
433	620	
435	621	
433	622	
433	623	
436	623	
435	624	
435	625	
436	626	
435	627	
435	628	
436	629	
435	630	
435	631	
435	632	
435	633	
435	634	
435	635	
435	636	
435	637	
435	638	
435	639	
435	640	
436	641	
435	642	
436	642	
435	643	
434	644	
437	645	
434	646	
435	647	
435	648	
438	649	
437	650	
435	651	
435	652	
435	653	
436	654	
435	655	
435	656	
436	657	
437	658	
435	659	
435	660	
435	661	
433	662	
434	663	
434	664	
434	665	
435	666	
437	667	
437	668	
435	669	
435	670	
435	671	
435	672	
436	672	
435	673	
435	674	
435	675	
435	676	
435	677	
435	678	
435	679	
435	680	
435	681	
435	682	
435	683	
435	684	
435	685	
439	686	
436	687	
437	688	
435	689	
435	690	
435	691	
438	692	
438	693	
438	694	
436	695	
436	696	
435	697	
435	698	
435	699	
435	700	
435	701	
435	702	
433	703	
433	704	
434	705	
435	706	
435	707	
435	708	
435	709	
435	710	
437	711	
433	712	
433	713	
433	714	
433	715	
433	716	
433	717	
433	718	
433	719	
433	720	
433	721	
433	722	
433	723	
433	724	
433	725	
433	726	
433	727	
433	728	
433	729	
434	730	
434	731	
433	732	
433	733	
433	734	
433	735	
433	736	
433	737	
433	738	
433	739	
433	740	
434	740	
433	741	
432	742	
432	743	
432	744	
433	745	
434	746	
434	747	
431	748	
431	749	
431	750	
432	751	
432	752	
432	753	
431	754	
431	755	
432	756	
435	757	
435	758	
435	759	
431	760	
431	761	
433	762	
431	763	
431	764	
431	765	
431	766	
431	767	
431	768	
431	769	
431	770	
431	771	
431	772	
431	773	
431	774	
429	775	
429	776	
432	777	
431	778	
430	779	
429	780	
431	781	
431	782	
429	783	
429	784	
431	785	
431	786	
431	787	
429	788	
427	789	
427	790	
427	791	
428	792	
431	793	
431	794	
427	795	
427	796	
427	797	
427	798	
429	799	
428	800	
427	801	
428	801	
427	802	
426	803	
427	804	
427	805	
426	806	
427	807	
427	808	
427	809	
427	810	
427	811	
427	812	
428	812	
427	813	
427	814	
427	815	
427	816	
427	817	
428	818	
426	819	
426	820	
425	821	
425	822	
425	823	
426	824	
427	825	
428	826	
428	827	
427	828	
427	829	
428	830	
427	831	
427	832	
427	833	
427	834	
428	835	
428	836	
427	837	
427	838	
427	839	
427	840	
427	841	
427	842	
426	843	
426	844	
426	845	
425	846	
425	847	
425	848	
429	849	
429	850	
426	851	
426	852	
425	853	
425	854	
425	855	
425	856	
425	857	
426	858	
428	859	
428	860	
428	861	
426	862	
425	863	
425	864	
425	865	
426	866	
429	867	
428	868	
425	869	
425	870	
425	871	
425	872	
425	873	
429	874	
426	875	
425	876	
425	877	
425	878	
429	879	
427	880	
425	881	
425	882	
426	883	
426	884	
425	885	
425	886	
425	887	
425	888	
425	889	
427	890	
427	891	
428	892	
425	893	
425	894	
425	895	
425	896	
429	897	
425	898	
426	899	
427	900	
427	901	
425	902	
425	903	
425	904	
425	905	
425	906	
423	907	
426	907	
427	907	
423	908	
425	909	
425	910	
427	911	
427	912	
427	913	
427	914	
427	915	
423	927	
423	928	
427	935	
427	936	
423	937	
427	938	
425	939	
425	940	
425	941	
425	942	
425	943	
425	944	
425	945	
442	1087	
445	1090	
445	1091	
443	1114	
