419	310	
419	311	
418	313	
417	314	
418	315	
419	316	
418	317	
418	318	
418	319	
418	320	
418	321	
418	322	
418	323	
418	324	
418	325	
418	326	
418	327	
418	328	
417	329	
417	330	
418	331	
418	332	
418	333	
418	334	
418	335	
418	336	
418	337	
418	338	
417	339	
418	340	
417	341	
418	342	
418	343	
418	344	
418	345	
417	346	
417	347	
417	348	
417	349	
417	350	
417	351	
417	352	
417	353	
417	354	
416	355	
416	356	
416	357	
416	358	
416	359	
416	360	
416	361	
416	362	
416	363	
417	364	
417	365	
416	366	
416	367	
416	368	
416	369	
416	370	
417	371	
416	372	
415	373	
416	374	
416	375	
416	376	
416	377	
416	378	
416	379	
416	380	
416	381	
415	382	
416	382	
415	383	
415	384	
417	385	
416	386	
416	387	
415	388	
415	389	
415	390	
415	391	
415	392	
416	393	
416	394	
416	395	
416	396	
417	397	
416	398	
416	399	
416	400	
416	401	
416	402	
416	403	
416	404	
415	405	
423	407	
424	408	
427	409	
426	410	
425	411	
425	412	
425	413	
426	414	
426	415	
426	416	
429	417	
427	418	
427	419	
427	420	
427	421	
427	422	
428	423	
428	424	
428	425	
428	426	
428	427	
428	428	
428	429	
428	430	
428	431	
428	432	
428	433	
428	434	
429	434	
429	435	
429	436	
428	437	
428	438	
428	439	
428	440	
430	440	
429	441	
429	442	
429	443	
429	444	
429	445	
430	446	
430	447	
429	448	
429	449	
429	450	
429	451	
428	452	
428	453	
428	454	
428	455	
430	455	
429	456	
428	457	
428	458	
428	459	
428	460	
428	461	
428	462	
428	463	
428	464	
428	465	
428	466	
428	467	
430	468	
429	469	
429	470	
429	471	
429	472	
428	473	
428	474	
428	475	
428	476	
428	477	
428	478	
427	479	
427	480	
427	481	
427	482	
427	483	
427	484	
429	485	
429	486	
429	487	
428	488	
428	489	
428	490	
428	491	
426	492	
426	493	
426	494	
426	495	
426	496	
427	496	
427	497	
427	498	
427	499	
427	500	
426	501	
426	502	
425	503	
425	504	
425	505	
426	506	
424	507	
424	508	
424	509	
426	510	
423	511	
423	512	
424	513	
425	513	
424	514	
424	515	
423	516	
423	517	
423	518	
423	519	
423	520	
424	520	
423	521	
423	522	
424	523	
425	524	
424	525	
425	526	
425	527	
425	528	
427	529	
427	530	
427	531	
429	532	
427	533	
427	534	
427	535	
427	536	
427	537	
427	538	
427	539	
428	540	
427	541	
428	541	
427	542	
431	543	
431	544	
431	545	
430	546	
430	547	
430	548	
430	549	
430	550	
429	551	
429	552	
430	553	
432	554	
430	555	
429	556	
431	557	
431	558	
432	559	
432	560	
432	561	
432	562	
433	563	
433	564	
433	565	
433	566	
433	567	
432	568	
432	569	
431	570	
432	571	
432	572	
431	573	
431	574	
431	575	
432	576	
431	577	
432	578	
432	579	
432	580	
433	580	
433	581	
432	582	
432	583	
432	584	
432	585	
433	586	
434	587	
434	588	
435	589	
434	590	
434	591	
434	592	
434	593	
435	593	
434	594	
435	595	
435	596	
435	597	
436	598	
435	599	
435	600	
435	601	
436	602	
436	603	
436	604	
436	605	
437	606	
435	607	
436	608	
436	609	
437	610	
437	611	
439	612	
438	613	
437	614	
437	615	
437	616	
437	617	
437	618	
437	619	
437	620	
438	621	
438	622	
437	623	
441	624	
438	625	
437	626	
438	627	
438	628	
437	629	
437	630	
438	631	
437	632	
437	633	
438	634	
438	635	
438	636	
438	637	
437	638	
437	639	
438	640	
438	641	
437	642	
438	643	
439	644	
439	645	
438	646	
438	647	
437	648	
438	649	
437	650	
437	651	
437	652	
437	653	
439	653	
437	654	
436	655	
436	656	
435	657	
435	658	
435	659	
435	660	
437	661	
437	662	
437	663	
437	664	
437	665	
437	666	
437	667	
437	668	
437	669	
437	670	
437	671	
437	672	
437	673	
438	673	
439	674	
437	675	
437	676	
437	677	
438	678	
437	679	
437	680	
437	681	
437	682	
437	683	
437	684	
438	685	
439	686	
439	687	
441	688	
437	689	
437	690	
437	691	
437	692	
437	693	
438	694	
437	695	
437	696	
437	697	
437	698	
437	699	
437	700	
439	701	
439	702	
439	703	
437	704	
437	705	
437	706	
438	707	
439	708	
437	709	
437	710	
437	711	
438	712	
439	713	
439	714	
437	715	
437	716	
437	717	
435	718	
436	718	
437	718	
435	719	
435	720	
435	721	
435	722	
435	723	
436	724	
435	725	
435	726	
435	727	
435	728	
436	728	
435	729	
435	730	
435	731	
435	732	
435	733	
435	734	
435	735	
435	736	
435	737	
435	738	
435	739	
436	740	
435	741	
436	742	
436	743	
435	744	
435	745	
435	746	
437	747	
435	748	
435	749	
435	750	
435	751	
435	752	
435	753	
436	754	
436	755	
435	756	
434	757	
434	758	
433	759	
433	760	
433	761	
433	762	
434	763	
434	764	
435	764	
434	765	
433	766	
434	767	
433	768	
434	769	
433	770	
434	771	
435	772	
436	773	
433	774	
434	774	
434	775	
435	776	
433	777	
433	778	
433	779	
433	780	
431	781	
431	782	
431	783	
431	784	
431	785	
431	786	
433	787	
433	788	
432	789	
431	790	
430	791	
429	792	
430	793	
431	794	
429	795	
430	796	
429	797	
430	798	
430	799	
429	800	
429	801	
429	802	
429	803	
431	804	
432	805	
432	806	
429	807	
429	808	
430	808	
429	809	
429	810	
429	811	
429	812	
429	813	
429	814	
430	815	
430	816	
429	817	
429	818	
429	819	
429	820	
430	820	
429	821	
429	822	
429	823	
429	824	
429	825	
429	826	
429	827	
429	828	
429	829	
429	830	
429	831	
429	832	
429	833	
429	834	
430	835	
431	836	
429	837	
429	838	
430	839	
433	840	
433	841	
429	842	
433	843	
433	844	
429	845	
429	846	
429	847	
429	848	
431	849	
430	850	
429	851	
429	852	
429	853	
432	854	
432	855	
429	856	
429	857	
428	858	
429	859	
429	860	
430	861	
431	862	
431	863	
429	864	
429	865	
429	866	
429	867	
430	868	
430	869	
429	870	
429	871	
429	872	
429	873	
429	874	
429	875	
429	876	
429	877	
429	878	
429	879	
429	880	
431	881	
431	882	
429	883	
429	884	
429	885	
429	886	
430	887	
430	888	
429	889	
429	890	
428	891	
427	892	
431	893	
431	894	
431	895	
431	896	
427	897	
427	898	
427	899	
427	900	
431	901	
431	902	
427	903	
427	904	
427	905	
427	906	
427	907	
427	908	
429	909	
429	910	
428	911	
427	912	
427	913	
427	914	
425	922	
425	923	
425	924	
427	933	
429	935	
429	936	
427	937	
427	938	
429	939	
427	940	
427	941	
427	942	
429	969	
429	970	
433	972	
433	973	
433	974	
429	975	
429	976	
433	1005	
437	1041	
449	1098	
449	1099	
445	1112	
