199	487	
199	488	
200	489	
201	490	
202	491	
199	492	
200	493	
201	494	
201	495	
202	496	
199	497	
199	498	
199	499	
203	500	
203	501	
201	502	
203	503	
202	504	
202	505	
203	506	
203	507	
203	508	
201	509	
200	510	
201	510	
201	511	
201	512	
201	513	
201	514	
202	514	
204	515	
204	516	
204	517	
204	518	
204	519	
204	520	
204	521	
203	522	
203	523	
205	524	
202	525	
203	526	
204	527	
204	528	
205	529	
206	530	
206	531	
205	532	
205	533	
204	534	
205	535	
205	536	
206	537	
206	538	
205	539	
205	540	
205	541	
205	542	
205	543	
209	544	
209	545	
209	546	
209	547	
208	548	
208	549	
208	550	
208	551	
208	552	
209	553	
209	554	
210	555	
211	556	
210	557	
210	558	
211	559	
210	560	
211	561	
211	562	
207	563	
208	564	
208	565	
208	566	
207	567	
207	568	
206	569	
205	570	
205	571	
209	572	
208	573	
207	574	
207	575	
205	576	
205	577	
206	577	
205	578	
206	579	
205	580	
206	581	
206	582	
206	583	
206	584	
206	585	
209	586	
208	587	
206	588	
207	588	
207	589	
207	590	
208	591	
208	592	
208	593	
207	594	
211	595	
211	596	
211	597	
211	598	
213	599	
213	600	
213	601	
213	602	
213	603	
213	604	
213	605	
213	606	
212	607	
212	608	
212	609	
213	610	
213	611	
215	612	
210	613	
210	614	
211	615	
214	616	
215	617	
215	618	
211	619	
212	620	
214	621	
215	622	
215	623	
213	624	
215	624	
214	625	
215	626	
215	627	
214	628	
213	629	
213	630	
213	631	
213	632	
212	633	
211	634	
210	635	
210	636	
211	636	
210	637	
210	638	
209	639	
211	640	
207	641	
208	642	
208	643	
211	644	
210	645	
210	646	
211	647	
210	648	
207	649	
208	650	
208	651	
208	652	
208	653	
208	654	
209	655	
208	656	
207	657	
207	658	
208	659	
208	660	
209	661	
209	662	
209	663	
206	664	
209	665	
207	666	
206	667	
205	668	
205	669	
207	670	
208	671	
208	672	
209	672	
206	673	
206	674	
203	675	
203	676	
204	677	
206	678	
206	679	
203	680	
204	681	
205	682	
205	683	
205	684	
205	685	
201	686	
204	686	
203	687	
203	688	
204	689	
203	690	
202	691	
202	692	
202	693	
203	693	
203	694	
203	695	
202	696	
203	697	
202	698	
201	699	
201	700	
199	701	
199	702	
199	703	
199	704	
199	705	
197	706	
199	707	
199	708	
199	709	
199	710	
