419	312	
420	312	
419	313	
419	314	
420	315	
420	316	
420	317	
420	318	
420	319	
420	320	
420	321	
420	322	
420	323	
419	324	
419	325	
420	326	
420	327	
420	328	
420	329	
420	330	
420	331	
420	332	
420	333	
420	334	
420	335	
420	336	
420	337	
420	338	
420	339	
420	340	
420	341	
420	342	
419	343	
419	344	
420	345	
419	346	
419	347	
419	348	
421	349	
421	350	
421	351	
421	352	
418	353	
418	354	
419	355	
418	356	
418	357	
418	358	
419	359	
418	360	
418	361	
418	362	
418	363	
418	364	
418	365	
419	366	
418	367	
418	368	
418	369	
418	370	
418	371	
418	372	
418	373	
419	374	
419	375	
419	376	
419	377	
420	377	
418	378	
417	379	
417	380	
418	381	
418	382	
417	383	
418	384	
418	385	
417	386	
418	386	
417	387	
417	388	
417	389	
418	390	
417	391	
418	392	
419	393	
419	394	
419	395	
419	396	
417	397	
417	398	
417	399	
418	400	
419	401	
419	402	
417	403	
417	404	
427	407	
427	408	
427	409	
427	410	
428	411	
429	412	
429	413	
429	414	
428	415	
427	416	
428	417	
428	418	
428	419	
428	420	
429	421	
431	422	
430	423	
430	424	
429	425	
429	426	
430	427	
430	428	
430	429	
430	430	
430	431	
433	432	
430	433	
430	434	
430	435	
431	436	
432	436	
431	437	
431	438	
430	439	
430	440	
430	441	
430	442	
431	443	
430	444	
430	445	
433	445	
433	446	
431	447	
430	448	
430	449	
430	450	
430	451	
430	452	
430	453	
430	454	
430	455	
430	456	
430	457	
430	458	
430	459	
430	460	
430	461	
430	462	
430	463	
430	464	
430	465	
430	466	
430	467	
430	468	
429	469	
429	470	
430	471	
430	472	
430	473	
430	474	
430	475	
430	476	
432	477	
432	478	
432	479	
431	480	
430	481	
429	482	
429	483	
430	484	
430	485	
431	486	
431	487	
428	488	
428	489	
428	490	
428	491	
428	492	
428	493	
428	494	
428	495	
428	496	
428	497	
427	498	
428	498	
427	499	
427	500	
427	501	
427	502	
428	503	
426	504	
426	505	
426	506	
426	507	
426	508	
426	509	
425	510	
426	510	
425	511	
425	512	
425	513	
425	514	
425	515	
425	516	
426	517	
426	518	
424	519	
424	520	
424	521	
425	522	
425	523	
425	524	
425	525	
426	526	
425	527	
425	528	
427	529	
427	530	
427	531	
430	532	
429	533	
430	534	
430	535	
430	536	
430	537	
430	538	
430	539	
430	540	
429	541	
429	542	
430	543	
431	544	
431	545	
431	546	
431	547	
432	548	
431	549	
431	550	
432	551	
431	552	
434	553	
435	554	
432	555	
432	556	
434	557	
434	558	
433	559	
432	560	
432	561	
435	562	
434	563	
433	564	
433	565	
433	566	
434	566	
433	567	
433	568	
434	568	
433	569	
435	570	
435	571	
435	572	
433	573	
434	573	
433	574	
433	575	
434	576	
434	577	
434	578	
434	579	
434	580	
434	581	
434	582	
435	583	
436	584	
435	585	
434	586	
435	587	
436	588	
436	589	
436	590	
437	590	
435	591	
436	592	
435	593	
436	594	
435	595	
435	596	
436	597	
436	598	
437	599	
438	600	
438	601	
437	602	
438	602	
437	603	
437	604	
437	605	
438	606	
438	607	
438	608	
437	609	
437	610	
438	611	
439	612	
439	613	
440	614	
440	615	
440	616	
439	617	
439	618	
439	619	
439	620	
439	621	
439	622	
439	623	
439	624	
438	625	
439	626	
439	627	
439	628	
439	629	
440	630	
440	631	
439	632	
440	632	
440	633	
440	634	
439	635	
439	636	
439	637	
439	638	
439	639	
439	640	
440	640	
440	641	
439	642	
440	643	
440	644	
439	645	
440	646	
440	647	
439	648	
439	649	
439	650	
439	651	
439	652	
439	653	
439	654	
439	655	
438	656	
437	657	
437	658	
437	659	
438	659	
437	660	
437	661	
437	662	
437	663	
441	664	
437	665	
437	666	
437	667	
441	668	
441	669	
437	670	
439	671	
439	672	
439	673	
439	674	
439	675	
441	676	
439	677	
439	678	
439	679	
439	680	
439	681	
439	682	
439	683	
440	684	
439	685	
439	686	
439	687	
439	688	
440	689	
439	690	
439	691	
443	692	
439	693	
439	694	
440	695	
441	696	
441	697	
439	698	
439	699	
443	700	
438	701	
439	701	
439	702	
437	703	
438	704	
437	705	
437	706	
437	707	
437	708	
437	709	
437	710	
439	710	
437	711	
437	712	
437	713	
437	714	
437	715	
437	716	
437	717	
437	718	
437	719	
436	720	
440	721	
437	722	
438	723	
439	724	
440	725	
440	726	
437	727	
437	728	
437	729	
437	730	
436	731	
441	732	
441	733	
439	734	
439	735	
439	736	
439	737	
437	738	
437	739	
436	740	
438	740	
438	741	
437	742	
437	743	
435	744	
438	745	
439	746	
440	747	
435	748	
439	749	
439	750	
439	751	
439	752	
439	753	
439	754	
438	755	
437	756	
437	757	
437	758	
436	759	
435	760	
436	760	
436	761	
436	762	
436	763	
440	764	
435	765	
435	766	
435	767	
435	768	
435	769	
435	770	
435	771	
435	772	
437	773	
437	774	
434	775	
435	775	
435	776	
435	777	
435	778	
435	779	
435	780	
437	781	
437	782	
436	783	
435	784	
433	785	
433	786	
433	787	
433	788	
433	789	
433	790	
431	791	
431	792	
431	793	
431	794	
431	795	
431	796	
431	797	
431	798	
431	799	
431	800	
431	801	
431	802	
431	803	
431	804	
431	805	
431	806	
431	807	
431	808	
431	809	
431	810	
435	810	
432	811	
432	812	
432	813	
431	814	
431	815	
431	816	
431	817	
431	818	
431	819	
431	820	
431	821	
431	822	
431	823	
431	824	
431	825	
432	826	
432	827	
432	828	
432	829	
432	830	
431	831	
431	832	
432	833	
431	834	
432	834	
432	835	
431	836	
432	837	
432	838	
431	839	
431	840	
431	841	
431	842	
432	843	
433	844	
431	845	
431	846	
431	847	
431	848	
431	849	
431	850	
431	851	
431	852	
431	853	
431	854	
431	855	
431	856	
431	857	
431	858	
432	859	
431	860	
431	861	
430	862	
431	863	
431	864	
433	864	
431	865	
433	866	
430	867	
429	868	
429	869	
431	870	
431	871	
432	872	
432	873	
432	874	
431	875	
431	876	
433	877	
429	878	
429	879	
430	880	
430	881	
431	882	
431	883	
429	884	
429	885	
429	886	
431	887	
431	888	
433	889	
429	890	
429	891	
430	892	
431	893	
429	894	
429	895	
429	896	
429	897	
429	898	
429	899	
429	900	
433	901	
433	902	
429	903	
431	904	
431	905	
431	906	
429	907	
429	908	
429	909	
431	910	
427	911	
431	912	
429	938	
429	939	
433	969	
433	970	
431	971	
431	972	
431	973	
431	974	
435	1007	
435	1008	
437	1011	
437	1031	
