349	67	
350	67	
349	68	
349	69	
422	315	
422	316	
423	316	
422	317	
422	318	
422	319	
421	320	
422	321	
422	322	
421	323	
421	324	
422	325	
422	326	
422	327	
422	328	
422	329	
422	330	
423	330	
423	331	
423	332	
422	333	
422	334	
423	334	
422	335	
423	335	
422	336	
422	337	
422	338	
422	339	
422	340	
422	341	
422	342	
422	343	
422	344	
422	345	
422	346	
422	347	
422	348	
421	349	
422	350	
423	351	
423	352	
422	353	
422	354	
421	355	
421	356	
421	357	
421	358	
421	359	
421	360	
420	361	
420	362	
420	363	
420	364	
421	364	
421	365	
420	366	
420	367	
420	368	
420	369	
420	370	
420	371	
421	372	
420	373	
420	374	
420	375	
420	376	
420	377	
420	378	
420	379	
419	380	
420	381	
420	382	
420	383	
420	384	
420	385	
420	386	
419	387	
420	388	
420	389	
421	389	
420	390	
420	391	
419	392	
419	393	
419	394	
419	395	
419	396	
418	397	
418	398	
419	399	
419	400	
419	401	
419	402	
420	403	
419	404	
419	405	
419	406	
429	409	
429	410	
431	411	
431	412	
431	413	
431	414	
430	415	
432	416	
431	417	
430	418	
430	419	
433	420	
433	421	
433	422	
431	423	
431	424	
432	425	
432	426	
432	427	
432	428	
433	429	
433	430	
432	431	
432	432	
432	433	
432	434	
432	435	
432	436	
432	437	
432	438	
435	439	
435	440	
434	441	
433	442	
432	443	
433	444	
433	445	
434	445	
433	446	
432	447	
432	448	
434	449	
434	450	
434	451	
433	452	
432	453	
432	454	
433	455	
433	456	
435	457	
435	458	
434	459	
434	460	
433	461	
433	462	
434	463	
434	464	
433	465	
434	465	
433	466	
433	467	
433	468	
433	469	
432	470	
432	471	
432	472	
433	472	
432	473	
433	474	
433	475	
433	476	
432	477	
432	478	
432	479	
432	480	
432	481	
432	482	
432	483	
432	484	
432	485	
431	486	
431	487	
430	488	
431	488	
430	489	
430	490	
430	491	
431	492	
430	493	
430	494	
433	495	
429	496	
429	497	
429	498	
429	499	
430	500	
430	501	
429	502	
429	503	
430	504	
428	505	
428	506	
428	507	
430	508	
428	509	
430	509	
428	510	
428	511	
428	512	
428	513	
428	514	
427	515	
427	516	
427	517	
427	518	
427	519	
427	520	
427	521	
427	522	
428	523	
429	524	
429	525	
427	526	
427	527	
427	528	
427	529	
427	530	
427	531	
429	532	
431	533	
431	534	
431	535	
431	536	
431	537	
432	538	
431	539	
432	539	
432	540	
432	541	
432	542	
432	543	
432	544	
433	545	
433	546	
433	547	
433	548	
433	549	
433	550	
433	551	
433	552	
434	553	
434	554	
434	555	
434	556	
434	557	
435	558	
435	559	
435	560	
435	561	
435	562	
435	563	
435	564	
435	565	
435	566	
435	567	
436	567	
435	568	
436	569	
436	570	
436	571	
436	572	
436	573	
439	574	
435	575	
435	576	
437	577	
438	578	
438	579	
439	580	
438	581	
436	582	
439	583	
440	584	
439	585	
437	586	
437	587	
437	588	
439	589	
439	590	
439	591	
438	592	
439	593	
440	594	
440	595	
440	596	
441	597	
438	598	
439	599	
439	600	
439	601	
439	602	
439	603	
439	604	
439	605	
439	606	
439	607	
441	608	
440	609	
439	610	
439	611	
439	612	
439	613	
440	614	
443	615	
443	616	
442	617	
441	618	
441	619	
441	620	
441	621	
441	622	
442	623	
442	624	
441	625	
441	626	
441	627	
446	628	
441	629	
441	630	
443	631	
443	632	
442	633	
441	634	
441	635	
441	636	
442	636	
441	637	
441	638	
441	639	
441	640	
442	641	
441	642	
441	643	
441	644	
441	645	
441	646	
440	647	
442	647	
442	648	
441	649	
441	650	
443	651	
442	652	
442	653	
441	654	
440	655	
439	656	
439	657	
439	658	
439	659	
439	660	
439	661	
441	662	
442	663	
441	664	
447	664	
439	665	
439	666	
439	667	
439	668	
439	669	
439	670	
443	671	
443	672	
439	673	
439	674	
439	675	
439	676	
439	677	
443	678	
441	681	
441	682	
441	683	
440	684	
442	685	
441	687	
441	688	
441	689	
441	690	
441	691	
443	692	
439	697	
439	698	
439	699	
439	700	
439	701	
443	702	
440	703	
439	704	
439	705	
439	706	
439	707	
439	708	
439	709	
439	710	
439	711	
439	712	
439	713	
439	714	
439	715	
439	716	
440	716	
439	717	
439	718	
439	719	
439	720	
439	721	
439	722	
439	723	
439	724	
439	725	
439	726	
439	727	
443	728	
443	729	
442	730	
439	731	
439	732	
439	733	
439	734	
439	735	
438	736	
438	737	
438	738	
442	739	
442	740	
442	741	
441	742	
439	743	
439	744	
439	745	
441	746	
439	747	
439	748	
439	749	
439	750	
437	751	
437	752	
437	753	
439	754	
439	755	
440	756	
440	757	
437	758	
437	759	
437	760	
437	761	
437	762	
437	763	
437	764	
437	765	
437	766	
437	767	
439	768	
437	769	
437	770	
437	771	
437	772	
437	773	
438	774	
437	775	
435	776	
437	777	
437	778	
436	779	
435	780	
435	781	
435	782	
435	783	
439	784	
437	785	
435	786	
433	787	
433	788	
435	789	
435	790	
435	791	
434	792	
434	793	
434	794	
433	795	
433	796	
433	797	
433	798	
433	799	
433	800	
433	801	
433	802	
433	803	
433	804	
433	805	
433	806	
434	806	
436	807	
436	808	
434	809	
433	810	
433	811	
437	812	
437	813	
437	814	
437	815	
437	816	
434	817	
433	818	
433	819	
433	820	
431	821	
432	822	
434	823	
433	824	
434	824	
433	825	
433	826	
433	827	
433	828	
433	829	
433	830	
433	831	
433	832	
433	833	
433	834	
437	835	
437	836	
433	837	
433	838	
435	839	
435	840	
433	841	
433	842	
433	843	
433	844	
433	845	
433	846	
433	847	
433	848	
433	849	
433	850	
433	851	
433	852	
433	853	
433	854	
433	855	
435	856	
436	856	
435	857	
435	858	
436	859	
436	860	
431	861	
433	862	
433	863	
433	864	
433	865	
434	866	
433	867	
433	868	
434	869	
435	870	
433	871	
433	872	
433	873	
433	874	
433	875	
433	876	
433	877	
432	878	
432	879	
433	879	
433	880	
433	881	
433	882	
431	883	
431	884	
434	885	
435	885	
433	886	
431	887	
431	888	
431	889	
433	890	
435	891	
435	892	
431	893	
431	894	
431	895	
431	896	
433	897	
433	898	
435	899	
435	900	
431	901	
431	902	
433	903	
433	904	
431	905	
431	906	
431	907	
431	908	
431	909	
431	910	
431	911	
433	912	
433	913	
431	914	
431	915	
431	937	
431	938	
431	942	
431	943	
431	956	
431	957	
433	969	
433	970	
435	971	
435	972	
433	973	
433	974	
433	975	
433	976	
441	1029	
439	1031	
