425	318	
424	319	
425	320	
425	322	
426	322	
426	323	
426	324	
426	325	
426	326	
426	327	
427	328	
427	329	
427	330	
426	331	
426	332	
426	333	
425	334	
426	334	
425	335	
426	336	
426	337	
426	338	
426	339	
426	340	
426	341	
426	342	
426	343	
426	344	
426	345	
426	346	
426	347	
426	348	
425	349	
426	350	
427	351	
426	352	
426	353	
426	354	
426	355	
425	356	
425	357	
426	358	
426	359	
425	360	
425	361	
425	362	
425	363	
426	364	
426	365	
425	366	
425	367	
425	368	
425	369	
425	370	
424	371	
424	372	
424	373	
424	374	
424	375	
425	375	
424	376	
425	376	
424	377	
424	378	
424	379	
424	380	
424	381	
424	382	
424	383	
424	384	
424	385	
423	386	
424	387	
424	388	
423	389	
423	390	
423	391	
423	392	
423	393	
423	394	
423	395	
423	396	
424	397	
425	398	
425	399	
425	400	
424	401	
424	402	
422	403	
421	404	
432	408	
432	409	
432	410	
435	411	
435	412	
434	413	
435	414	
434	415	
434	416	
434	417	
434	418	
434	419	
434	420	
435	421	
435	422	
435	423	
435	424	
435	425	
436	426	
436	427	
436	428	
436	429	
436	430	
436	431	
436	432	
436	433	
436	434	
436	435	
436	436	
437	437	
437	438	
437	439	
436	440	
436	441	
437	442	
437	443	
436	444	
436	445	
436	446	
437	447	
438	448	
438	449	
436	450	
436	451	
436	452	
436	453	
436	454	
436	455	
436	456	
436	457	
436	458	
436	459	
436	460	
436	461	
436	462	
436	463	
436	464	
436	465	
436	466	
436	467	
435	468	
436	468	
435	469	
436	470	
436	471	
435	472	
435	473	
435	474	
436	475	
436	476	
435	477	
436	478	
436	479	
436	480	
436	481	
435	482	
435	483	
436	483	
435	484	
435	485	
435	486	
437	487	
436	488	
436	489	
436	490	
434	491	
434	492	
434	493	
434	494	
434	495	
434	496	
433	497	
433	498	
434	499	
434	500	
433	501	
433	502	
433	503	
433	504	
435	504	
435	505	
435	506	
432	507	
431	508	
432	508	
431	509	
432	509	
431	510	
431	511	
431	512	
431	513	
432	514	
431	515	
432	515	
430	516	
430	517	
430	518	
430	519	
430	520	
430	521	
430	522	
430	523	
433	523	
430	524	
430	525	
430	526	
430	527	
431	528	
431	529	
431	530	
432	531	
433	532	
433	533	
433	534	
433	535	
435	536	
435	537	
435	538	
435	539	
435	540	
435	541	
435	542	
437	543	
437	544	
437	545	
439	546	
436	547	
436	548	
435	549	
439	549	
438	550	
437	551	
437	552	
437	553	
437	554	
437	555	
437	556	
439	557	
439	558	
437	559	
437	560	
439	561	
439	562	
439	563	
439	564	
440	564	
439	565	
439	566	
440	567	
440	568	
440	569	
440	570	
439	571	
443	572	
439	573	
440	574	
440	575	
442	576	
442	577	
442	578	
443	579	
442	580	
441	581	
441	582	
441	583	
441	584	
441	585	
442	586	
442	587	
442	588	
441	589	
441	590	
441	591	
442	592	
442	593	
441	594	
445	595	
444	596	
442	597	
441	598	
442	599	
442	600	
442	601	
443	602	
443	603	
443	604	
443	605	
445	606	
443	607	
443	608	
443	609	
443	610	
443	611	
443	612	
443	613	
443	614	
443	615	
443	616	
444	617	
444	618	
444	619	
444	620	
444	621	
443	622	
446	623	
447	624	
447	625	
447	626	
446	627	
445	628	
446	629	
443	630	
443	631	
445	632	
447	633	
446	634	
446	635	
446	636	
444	637	
444	638	
447	639	
447	640	
445	641	
445	642	
444	643	
444	644	
444	645	
444	646	
445	647	
444	648	
444	649	
444	650	
446	651	
447	652	
444	653	
443	654	
445	654	
445	655	
445	656	
445	657	
445	658	
445	659	
442	660	
442	661	
443	662	
443	663	
443	664	
443	665	
443	666	
442	667	
444	668	
441	669	
442	669	
442	670	
443	671	
444	672	
445	673	
441	674	
445	675	
443	676	
443	677	
441	678	
443	679	
444	680	
443	681	
443	682	
443	683	
445	684	
443	685	
441	686	
443	686	
441	687	
445	688	
443	689	
443	690	
443	691	
443	692	
442	693	
443	694	
442	695	
443	696	
443	697	
443	698	
443	699	
441	700	
443	701	
443	702	
442	703	
441	704	
443	705	
445	705	
445	706	
445	707	
443	708	
443	709	
443	710	
442	711	
441	712	
442	713	
443	714	
442	715	
442	716	
442	717	
442	718	
442	719	
443	720	
444	721	
444	722	
444	723	
442	724	
442	725	
443	726	
442	727	
441	728	
441	729	
441	730	
441	731	
441	732	
443	732	
443	733	
443	734	
443	735	
442	736	
443	737	
443	738	
441	739	
441	740	
441	741	
441	742	
441	743	
443	744	
441	745	
441	746	
442	747	
443	748	
441	749	
441	750	
441	751	
441	752	
443	753	
444	754	
443	755	
441	756	
441	757	
441	758	
442	759	
441	760	
441	761	
441	762	
445	763	
443	764	
443	765	
439	766	
439	767	
439	768	
441	768	
441	769	
443	770	
443	771	
443	772	
443	773	
443	774	
439	775	
439	776	
439	777	
439	778	
441	779	
441	780	
441	781	
442	782	
443	782	
441	783	
439	784	
437	785	
437	786	
437	787	
437	788	
437	789	
438	790	
440	791	
441	792	
437	793	
436	794	
437	795	
437	796	
437	797	
437	798	
437	799	
437	800	
438	800	
437	801	
437	802	
437	803	
437	804	
437	805	
437	806	
440	807	
441	807	
437	808	
441	808	
441	809	
437	810	
439	811	
439	812	
439	813	
437	814	
437	815	
437	816	
437	817	
437	818	
437	819	
437	820	
437	821	
437	822	
436	823	
441	824	
441	825	
437	826	
437	827	
437	828	
438	829	
440	830	
437	831	
437	832	
437	833	
437	834	
437	835	
437	836	
437	837	
437	838	
437	839	
437	840	
440	841	
438	842	
439	842	
438	843	
439	844	
439	845	
439	846	
437	847	
437	848	
437	849	
437	850	
437	851	
435	852	
435	853	
439	854	
439	855	
438	856	
439	856	
438	857	
438	858	
437	859	
438	859	
439	860	
435	861	
435	862	
439	863	
439	864	
437	865	
437	866	
437	867	
437	868	
437	869	
437	870	
437	871	
439	872	
439	873	
437	874	
437	875	
437	876	
437	877	
437	878	
437	879	
435	880	
435	881	
435	882	
435	883	
437	884	
437	885	
436	886	
435	887	
435	888	
435	889	
435	890	
436	891	
436	892	
435	893	
435	894	
435	895	
435	896	
435	897	
435	898	
437	899	
437	900	
435	901	
437	902	
437	903	
437	904	
437	905	
437	906	
437	907	
433	908	
433	909	
434	910	
435	911	
437	912	
437	913	
435	915	
433	935	
433	936	
441	1013	
441	1014	
441	1015	
445	1037	
