432	330	
432	331	
432	332	
432	333	
431	334	
431	335	
433	336	
434	336	
433	337	
432	338	
432	339	
432	340	
432	341	
432	342	
432	343	
432	344	
432	345	
432	346	
432	347	
432	348	
432	349	
432	350	
432	351	
432	352	
432	353	
432	354	
432	355	
432	356	
432	357	
432	358	
432	359	
432	360	
433	361	
432	362	
432	363	
432	364	
432	365	
433	366	
433	367	
432	368	
432	369	
432	370	
432	371	
432	372	
432	373	
431	374	
431	375	
431	376	
432	377	
432	378	
432	379	
432	380	
432	381	
431	382	
433	383	
432	384	
432	385	
432	386	
431	387	
431	388	
430	389	
433	390	
433	391	
433	392	
431	393	
430	394	
430	395	
430	396	
431	397	
431	398	
430	399	
430	400	
430	401	
430	402	
430	403	
430	404	
430	405	
439	407	
438	408	
438	409	
438	410	
440	411	
441	412	
441	413	
441	414	
441	415	
441	416	
442	417	
442	418	
441	419	
441	420	
443	421	
443	422	
444	422	
441	423	
441	424	
442	425	
442	426	
442	427	
442	428	
442	429	
442	430	
442	431	
442	432	
442	433	
442	434	
444	435	
444	436	
443	437	
443	438	
444	439	
445	440	
444	441	
444	442	
442	443	
444	444	
444	445	
443	446	
444	446	
445	447	
445	448	
445	449	
445	450	
445	451	
445	452	
444	453	
444	454	
443	455	
443	456	
443	457	
443	458	
444	459	
444	460	
443	461	
443	462	
443	463	
442	464	
442	465	
442	466	
442	467	
442	468	
443	469	
443	470	
443	471	
442	472	
442	473	
442	474	
442	475	
442	476	
442	477	
442	478	
443	479	
443	480	
442	481	
442	482	
442	483	
442	484	
441	485	
441	486	
442	487	
441	488	
442	488	
442	489	
442	490	
441	491	
442	491	
441	492	
441	493	
441	494	
442	494	
441	495	
441	496	
441	497	
440	498	
441	498	
441	499	
440	500	
439	501	
440	501	
439	502	
439	503	
439	504	
439	505	
438	506	
438	507	
438	508	
437	509	
437	510	
438	511	
438	512	
439	512	
437	513	
437	514	
436	515	
436	516	
436	517	
437	518	
436	519	
436	520	
436	521	
436	522	
436	523	
436	524	
437	525	
437	526	
437	527	
437	528	
437	529	
438	530	
438	531	
438	532	
437	533	
437	534	
438	535	
439	536	
439	537	
439	538	
439	539	
439	540	
441	542	
443	544	
442	545	
441	546	
445	547	
444	548	
445	548	
444	549	
442	550	
443	551	
443	552	
444	553	
444	554	
444	555	
444	556	
443	557	
443	558	
443	559	
443	560	
444	561	
444	562	
444	563	
445	564	
445	565	
445	566	
445	567	
445	568	
445	569	
446	570	
446	571	
447	572	
448	573	
448	574	
448	575	
446	576	
446	577	
449	578	
446	579	
447	580	
447	581	
447	582	
447	583	
447	584	
447	585	
447	586	
448	587	
448	588	
448	589	
447	590	
447	591	
451	592	
447	593	
448	594	
448	595	
448	596	
447	597	
448	598	
448	599	
451	600	
448	601	
447	602	
447	603	
451	604	
448	605	
449	606	
449	607	
451	608	
447	609	
447	610	
447	611	
449	612	
449	613	
449	614	
449	615	
449	616	
449	617	
450	618	
447	619	
449	620	
449	621	
449	622	
449	623	
449	624	
449	625	
451	626	
451	627	
450	628	
449	629	
449	630	
449	631	
449	632	
449	633	
452	634	
449	635	
450	635	
449	636	
450	637	
450	638	
450	639	
450	640	
451	641	
451	642	
450	643	
451	644	
453	645	
454	646	
453	647	
449	648	
449	649	
450	649	
453	650	
449	651	
449	652	
449	653	
449	654	
450	655	
451	656	
451	657	
449	658	
449	659	
450	660	
450	661	
449	662	
449	663	
451	664	
450	665	
449	666	
448	667	
448	668	
448	669	
447	670	
447	671	
448	672	
447	673	
447	674	
447	675	
448	676	
448	677	
449	678	
446	679	
448	680	
446	681	
449	682	
449	683	
449	684	
449	685	
446	686	
447	687	
447	688	
447	689	
447	690	
447	691	
448	691	
447	692	
447	693	
447	694	
446	695	
446	696	
450	697	
447	698	
448	698	
448	699	
446	700	
447	701	
447	702	
447	703	
447	704	
447	705	
447	706	
447	707	
447	708	
447	709	
447	710	
447	711	
447	712	
447	713	
447	714	
451	715	
451	716	
451	717	
447	718	
447	719	
447	720	
447	721	
448	722	
447	723	
447	724	
447	725	
447	726	
447	727	
447	728	
450	729	
450	730	
450	731	
450	732	
447	733	
450	733	
447	734	
447	735	
447	736	
447	737	
447	738	
448	739	
449	740	
448	741	
447	742	
447	743	
447	744	
447	745	
447	746	
449	747	
449	748	
447	749	
447	750	
449	751	
449	752	
449	753	
447	754	
447	755	
447	756	
447	757	
447	758	
447	759	
447	760	
445	761	
445	762	
447	763	
447	764	
447	765	
447	766	
445	767	
445	768	
445	769	
449	770	
449	771	
447	772	
447	773	
445	774	
445	775	
445	776	
444	777	
444	778	
443	779	
444	780	
445	781	
445	782	
443	783	
444	783	
443	784	
443	785	
445	786	
443	787	
443	788	
444	789	
443	790	
443	791	
443	792	
443	793	
443	794	
443	795	
445	796	
446	797	
444	798	
443	799	
443	800	
443	801	
446	802	
443	803	
444	804	
443	805	
442	806	
443	807	
443	808	
443	809	
446	810	
446	811	
446	812	
443	813	
443	814	
442	815	
445	816	
445	817	
445	818	
443	819	
444	820	
445	821	
446	822	
446	823	
444	824	
444	825	
442	826	
443	826	
443	827	
443	828	
443	829	
443	830	
443	831	
443	832	
447	833	
443	834	
443	835	
444	836	
443	837	
443	838	
444	838	
443	839	
443	840	
443	841	
442	842	
443	843	
443	844	
443	845	
443	846	
443	847	
443	848	
443	849	
443	850	
445	851	
445	852	
443	853	
443	854	
443	855	
443	856	
443	857	
443	858	
443	859	
442	860	
442	861	
443	862	
443	863	
443	864	
445	865	
445	866	
445	867	
443	868	
443	869	
443	870	
443	871	
445	872	
443	873	
443	874	
443	875	
443	876	
443	877	
443	878	
443	879	
443	880	
443	881	
443	882	
444	883	
442	884	
442	885	
442	886	
443	887	
443	888	
445	889	
445	890	
442	891	
443	892	
443	893	
443	894	
441	895	
441	896	
441	897	
441	898	
441	899	
441	900	
441	901	
441	902	
443	902	
441	903	
441	904	
441	905	
441	906	
441	907	
440	908	
445	909	
445	910	
441	911	
441	912	
441	913	
441	914	
441	915	
451	1019	
449	1028	
449	1029	
451	1030	
449	1035	
453	1035	
