432	332	
432	333	
432	334	
434	335	
434	336	
434	337	
434	338	
434	339	
434	340	
433	341	
434	341	
435	342	
435	343	
434	344	
433	345	
433	346	
433	347	
434	348	
434	349	
434	350	
434	351	
434	352	
434	353	
434	354	
434	355	
434	356	
434	357	
433	358	
434	358	
434	359	
434	360	
434	361	
434	362	
433	363	
433	364	
434	365	
434	366	
434	367	
434	368	
434	369	
434	370	
433	371	
434	372	
434	373	
434	374	
434	375	
434	376	
434	377	
434	378	
434	379	
434	380	
433	381	
433	382	
433	383	
433	384	
433	385	
432	386	
435	386	
432	387	
432	388	
432	389	
432	390	
432	391	
432	392	
432	393	
432	394	
432	395	
432	396	
432	397	
432	398	
432	399	
432	400	
434	401	
433	402	
432	403	
432	404	
432	405	
432	406	
441	409	
441	410	
442	411	
441	412	
440	413	
441	414	
442	415	
442	416	
442	417	
442	418	
445	419	
445	420	
442	421	
443	422	
443	423	
444	424	
445	425	
445	426	
444	427	
444	428	
444	429	
444	430	
443	431	
443	432	
444	433	
444	434	
444	435	
444	436	
444	437	
444	438	
444	439	
444	440	
444	441	
444	442	
444	443	
444	444	
444	445	
443	446	
444	447	
444	448	
444	449	
444	450	
444	451	
444	452	
444	453	
444	454	
445	455	
445	456	
444	457	
445	458	
445	459	
445	460	
445	461	
444	462	
444	463	
445	464	
445	465	
445	466	
446	467	
446	468	
444	469	
444	470	
445	471	
445	472	
444	473	
443	474	
443	475	
443	476	
443	477	
443	478	
443	479	
444	480	
443	481	
443	482	
444	483	
444	484	
445	485	
444	486	
443	487	
443	488	
443	489	
442	490	
442	491	
442	492	
442	493	
441	494	
443	495	
442	496	
442	497	
442	498	
442	499	
442	500	
441	501	
442	501	
441	502	
441	503	
441	504	
442	505	
442	506	
443	506	
440	507	
440	508	
440	509	
440	510	
440	511	
440	512	
439	513	
439	514	
438	515	
438	516	
437	517	
437	518	
441	518	
440	519	
439	520	
437	521	
438	521	
441	522	
437	523	
438	524	
438	525	
438	526	
439	527	
439	528	
439	529	
440	530	
439	531	
439	532	
439	533	
440	534	
439	535	
439	536	
439	537	
439	538	
439	539	
441	540	
441	541	
441	542	
443	545	
443	546	
443	547	
444	548	
444	549	
445	550	
444	551	
445	552	
445	553	
445	554	
445	555	
445	556	
445	557	
448	558	
448	559	
447	560	
446	561	
445	562	
445	563	
445	564	
445	565	
445	566	
445	567	
446	568	
447	568	
447	569	
448	570	
446	571	
447	571	
446	572	
446	573	
446	574	
449	575	
447	576	
447	577	
447	578	
447	579	
448	580	
448	581	
449	582	
448	583	
448	584	
448	585	
449	586	
448	587	
449	588	
449	589	
449	590	
450	591	
450	592	
450	593	
449	594	
451	595	
449	596	
451	597	
451	598	
451	599	
449	600	
449	601	
450	602	
449	603	
449	604	
449	605	
449	606	
449	607	
449	608	
449	609	
449	610	
449	611	
449	612	
448	613	
450	614	
449	615	
449	616	
449	617	
449	618	
450	618	
449	619	
450	620	
450	621	
451	622	
450	623	
450	624	
450	625	
450	626	
452	627	
452	628	
451	629	
451	630	
451	631	
451	632	
451	633	
451	634	
451	635	
451	636	
451	637	
451	638	
451	639	
453	640	
451	641	
451	642	
451	643	
451	644	
452	645	
451	646	
450	647	
451	647	
450	648	
455	649	
455	650	
451	651	
449	652	
450	652	
451	653	
451	654	
451	655	
451	656	
451	657	
451	658	
452	659	
454	660	
453	661	
451	662	
450	663	
449	664	
449	665	
449	666	
449	667	
449	668	
449	669	
449	670	
450	671	
450	672	
451	673	
451	674	
447	675	
447	676	
451	677	
451	678	
448	679	
448	680	
448	681	
448	682	
448	683	
448	684	
448	685	
447	686	
447	687	
447	688	
448	688	
448	689	
448	690	
448	691	
448	692	
447	693	
447	694	
447	695	
447	696	
447	697	
448	698	
451	699	
448	701	
447	702	
450	703	
451	704	
448	705	
449	706	
449	707	
449	708	
449	709	
448	710	
449	711	
447	712	
449	713	
449	714	
449	715	
451	716	
449	717	
449	718	
449	719	
450	720	
449	721	
449	722	
449	723	
451	724	
449	725	
449	726	
449	727	
449	728	
449	729	
449	730	
449	731	
449	732	
449	733	
449	734	
449	735	
449	736	
449	737	
449	738	
451	739	
451	740	
451	741	
449	742	
449	743	
449	744	
449	745	
449	746	
449	747	
450	747	
450	748	
450	749	
451	749	
448	750	
448	751	
449	752	
448	753	
447	754	
447	755	
449	756	
449	757	
447	758	
447	759	
451	760	
447	761	
447	762	
447	763	
447	764	
447	765	
447	766	
447	767	
447	768	
447	769	
447	770	
445	771	
445	772	
449	773	
447	774	
449	775	
445	776	
445	777	
445	778	
445	779	
445	780	
445	781	
448	782	
447	783	
447	784	
447	785	
448	786	
445	787	
445	788	
446	789	
447	790	
447	791	
445	792	
448	793	
449	794	
445	795	
445	796	
445	797	
445	798	
445	799	
445	800	
445	801	
445	802	
445	803	
445	804	
445	805	
445	806	
445	807	
445	808	
445	809	
445	810	
447	810	
447	811	
447	812	
445	813	
444	814	
445	815	
444	816	
444	817	
443	818	
446	819	
447	820	
447	821	
448	822	
445	823	
445	824	
449	825	
447	826	
445	827	
446	827	
446	828	
445	829	
445	830	
445	831	
445	832	
445	833	
445	834	
445	835	
444	836	
445	837	
446	838	
445	839	
448	840	
445	841	
445	842	
445	843	
445	844	
445	845	
445	846	
445	847	
445	848	
445	849	
445	850	
445	851	
449	852	
446	853	
443	854	
444	855	
445	856	
445	857	
445	858	
446	858	
446	859	
445	860	
444	861	
444	862	
445	863	
445	864	
445	865	
444	866	
443	867	
443	868	
444	869	
444	870	
447	871	
447	872	
443	873	
447	874	
447	875	
447	876	
445	877	
443	878	
443	879	
443	880	
443	881	
443	882	
443	883	
443	884	
445	885	
445	886	
443	887	
443	888	
443	889	
443	890	
443	891	
445	892	
445	893	
445	894	
443	895	
443	896	
443	897	
443	898	
443	899	
443	900	
443	901	
443	902	
445	903	
445	904	
443	905	
443	906	
443	907	
443	908	
443	909	
443	910	
443	911	
443	912	
441	913	
441	914	
441	915	
451	1023	
449	1025	
