436	339	
437	340	
437	341	
438	342	
438	343	
438	344	
438	345	
438	346	
438	347	
439	348	
439	349	
438	350	
438	351	
438	352	
438	353	
438	354	
438	355	
438	356	
438	357	
437	358	
438	359	
438	360	
439	361	
438	362	
438	363	
438	364	
438	365	
438	366	
437	367	
437	368	
438	369	
438	370	
437	371	
437	372	
438	373	
438	374	
437	375	
437	376	
437	377	
437	378	
438	379	
439	380	
439	381	
438	382	
438	383	
438	384	
438	385	
439	386	
438	387	
439	388	
436	389	
436	390	
437	391	
437	392	
438	393	
437	394	
437	395	
436	396	
436	397	
436	398	
436	399	
436	400	
439	401	
439	402	
436	403	
436	404	
436	405	
436	406	
436	407	
435	408	
443	409	
445	412	
444	413	
445	414	
446	415	
447	415	
446	416	
445	417	
446	418	
446	419	
447	420	
448	421	
448	422	
449	423	
448	424	
447	425	
447	426	
448	426	
449	427	
449	428	
447	429	
448	430	
449	431	
449	432	
448	433	
448	434	
448	435	
448	436	
448	437	
448	438	
448	439	
448	440	
450	441	
450	442	
449	443	
449	444	
448	445	
449	445	
448	446	
448	447	
448	448	
448	449	
448	450	
448	451	
448	452	
448	453	
448	454	
448	455	
448	456	
448	457	
448	458	
448	459	
448	460	
449	461	
448	462	
448	463	
448	464	
448	465	
448	466	
448	467	
448	468	
447	469	
448	470	
448	471	
448	472	
447	473	
448	473	
447	474	
448	475	
448	476	
448	477	
448	478	
448	479	
447	480	
447	481	
447	482	
447	483	
447	484	
447	485	
447	486	
447	487	
448	488	
448	489	
446	490	
446	491	
446	492	
446	493	
446	494	
446	495	
446	496	
446	497	
446	498	
446	499	
446	500	
446	501	
445	502	
445	503	
444	504	
444	505	
446	505	
445	506	
444	507	
444	508	
444	509	
444	510	
442	511	
444	511	
443	512	
442	513	
442	514	
442	515	
442	516	
442	517	
442	518	
441	519	
441	520	
441	521	
441	522	
443	522	
444	523	
443	524	
443	525	
443	526	
443	527	
443	528	
443	529	
442	530	
442	531	
442	532	
444	533	
444	534	
443	535	
443	536	
443	537	
443	538	
444	539	
445	540	
445	541	
445	542	
445	543	
445	544	
445	545	
445	546	
445	547	
449	551	
451	552	
447	553	
447	554	
451	555	
451	556	
451	557	
449	558	
449	559	
449	560	
449	561	
449	562	
449	563	
451	564	
451	565	
451	566	
451	567	
450	568	
450	569	
450	570	
449	571	
450	572	
451	573	
451	574	
453	575	
455	576	
453	577	
451	578	
451	579	
451	580	
451	581	
451	582	
451	583	
451	584	
452	585	
452	586	
451	587	
452	588	
452	589	
451	590	
452	591	
452	592	
453	593	
453	594	
453	595	
453	596	
452	597	
455	598	
451	599	
451	600	
453	601	
453	602	
453	603	
452	604	
452	605	
451	606	
452	606	
451	607	
451	608	
451	609	
451	610	
451	611	
451	612	
455	613	
455	614	
451	615	
451	616	
455	617	
454	618	
455	619	
455	620	
453	621	
454	621	
453	622	
453	623	
453	624	
453	625	
453	626	
453	627	
453	628	
453	629	
453	630	
455	631	
455	632	
455	633	
453	634	
457	635	
457	636	
457	637	
455	638	
453	639	
454	640	
455	641	
455	642	
455	643	
453	644	
455	645	
455	646	
455	647	
455	648	
455	649	
457	650	
454	651	
456	652	
457	653	
454	654	
457	654	
454	655	
456	656	
455	657	
455	658	
455	659	
453	660	
453	661	
454	662	
453	663	
453	664	
453	665	
453	666	
453	667	
453	668	
453	669	
453	670	
452	671	
451	672	
455	673	
451	674	
451	675	
451	676	
453	677	
453	678	
453	679	
453	680	
451	681	
452	681	
451	682	
454	683	
451	684	
451	685	
453	686	
453	687	
452	688	
451	689	
451	690	
451	691	
451	692	
451	693	
451	694	
451	695	
451	696	
451	697	
451	698	
452	699	
451	700	
451	701	
451	702	
454	703	
451	704	
454	705	
453	706	
451	707	
451	708	
451	709	
454	710	
451	711	
451	712	
451	713	
451	714	
451	715	
451	716	
455	717	
452	718	
451	719	
451	720	
453	721	
453	722	
453	723	
453	724	
451	725	
455	726	
453	727	
455	727	
453	728	
453	729	
453	730	
453	731	
453	732	
453	733	
451	734	
451	735	
451	736	
451	737	
452	737	
452	738	
452	739	
453	740	
453	741	
453	742	
454	743	
451	744	
452	745	
452	746	
451	747	
451	748	
451	749	
451	750	
453	750	
454	751	
451	752	
451	753	
451	754	
455	755	
455	756	
455	757	
451	758	
451	759	
451	760	
451	761	
451	762	
451	763	
451	764	
451	765	
452	766	
449	767	
449	768	
449	769	
449	770	
449	771	
449	772	
449	773	
452	774	
451	775	
451	776	
451	777	
451	778	
450	779	
450	780	
449	781	
449	782	
452	783	
452	784	
449	785	
449	786	
449	787	
449	788	
449	789	
449	790	
449	791	
448	792	
449	792	
449	793	
449	794	
449	795	
448	796	
449	797	
449	798	
450	799	
451	800	
451	801	
449	802	
449	803	
449	804	
449	805	
449	806	
449	807	
449	808	
449	809	
451	810	
451	811	
453	812	
448	813	
449	814	
449	815	
449	816	
449	817	
449	818	
448	819	
449	820	
450	821	
450	822	
451	822	
451	823	
451	824	
451	825	
448	826	
451	826	
449	827	
449	828	
449	829	
449	830	
452	831	
453	832	
449	833	
449	834	
449	835	
449	836	
449	837	
452	838	
448	839	
448	840	
449	841	
449	842	
451	843	
451	844	
451	845	
452	846	
451	847	
449	848	
449	849	
448	850	
449	851	
449	852	
449	853	
449	854	
449	855	
449	856	
449	857	
449	858	
449	859	
449	860	
449	861	
449	862	
449	863	
449	864	
447	865	
449	866	
449	867	
449	868	
449	869	
449	870	
449	871	
449	872	
449	873	
449	874	
451	875	
447	876	
447	877	
447	878	
447	879	
451	880	
447	881	
447	882	
447	883	
447	884	
451	885	
447	886	
447	887	
447	888	
447	889	
447	890	
447	891	
447	892	
447	893	
447	894	
449	895	
449	896	
447	897	
447	898	
447	899	
446	900	
445	901	
445	902	
445	903	
445	904	
445	905	
446	906	
445	907	
445	908	
446	909	
445	910	
445	911	
445	912	
445	913	
446	914	
447	915	
447	916	
455	1029	
458	1031	
