438	342	
438	343	
438	344	
438	345	
441	346	
440	347	
439	348	
438	349	
440	350	
440	351	
440	352	
440	353	
440	354	
440	355	
440	356	
440	357	
440	358	
440	359	
439	360	
439	361	
440	362	
440	363	
440	364	
439	365	
440	366	
440	367	
440	368	
440	369	
438	370	
438	371	
442	372	
441	373	
441	374	
441	375	
439	376	
439	377	
440	378	
440	379	
440	380	
440	381	
439	382	
438	383	
438	384	
440	385	
440	386	
440	387	
439	388	
438	389	
439	389	
438	390	
440	390	
440	391	
438	392	
438	393	
438	394	
438	395	
438	396	
439	397	
438	398	
439	398	
438	399	
438	400	
438	401	
438	402	
438	403	
437	404	
437	405	
437	406	
437	407	
438	407	
446	412	
446	413	
446	414	
449	415	
449	416	
447	417	
448	417	
447	418	
447	419	
447	420	
448	421	
448	422	
448	423	
448	424	
448	425	
448	426	
449	427	
448	428	
448	429	
448	430	
449	431	
449	432	
449	433	
449	434	
449	435	
449	436	
449	437	
449	438	
449	439	
449	440	
449	441	
449	442	
450	443	
450	444	
450	445	
450	446	
452	447	
451	448	
450	449	
450	450	
450	451	
450	452	
451	453	
451	454	
450	455	
450	456	
450	457	
450	458	
450	459	
450	460	
450	461	
450	462	
450	463	
450	464	
451	465	
450	466	
450	467	
450	468	
449	469	
450	469	
449	470	
449	471	
450	471	
450	472	
450	473	
449	474	
449	475	
449	476	
450	476	
449	477	
450	477	
449	478	
448	479	
448	480	
448	481	
448	482	
448	483	
448	484	
448	485	
448	486	
448	487	
448	488	
448	489	
448	490	
448	491	
448	492	
448	493	
448	494	
448	495	
446	496	
449	497	
446	498	
446	499	
446	500	
446	501	
446	502	
446	503	
447	504	
445	505	
445	506	
446	506	
445	507	
445	508	
445	509	
446	510	
445	511	
445	512	
444	513	
443	514	
443	515	
443	516	
443	517	
444	518	
443	519	
443	520	
443	521	
443	522	
443	523	
443	524	
444	525	
443	526	
444	526	
443	527	
443	528	
444	529	
443	530	
443	531	
443	532	
444	533	
444	534	
444	535	
444	536	
444	537	
444	538	
444	539	
444	540	
445	541	
445	542	
445	543	
445	544	
445	545	
445	546	
445	547	
445	548	
445	549	
449	554	
451	555	
451	556	
449	557	
449	558	
450	559	
451	560	
451	561	
453	562	
453	563	
453	564	
453	565	
452	566	
451	567	
451	568	
451	569	
453	570	
453	571	
451	572	
451	573	
451	574	
451	575	
451	576	
451	577	
452	578	
452	579	
453	580	
453	581	
453	582	
453	583	
453	584	
455	585	
455	586	
454	587	
453	588	
453	589	
453	590	
453	591	
453	592	
453	593	
453	594	
455	595	
455	596	
453	597	
453	598	
453	599	
453	600	
453	601	
453	602	
453	603	
451	604	
453	605	
454	606	
453	607	
453	608	
453	609	
451	610	
455	611	
457	612	
454	613	
455	614	
455	615	
455	616	
453	617	
453	618	
453	619	
453	620	
453	621	
455	622	
453	623	
453	624	
455	625	
457	626	
455	627	
455	628	
453	629	
453	630	
453	631	
455	632	
455	633	
455	634	
457	634	
457	635	
457	636	
455	637	
455	638	
455	639	
455	640	
455	641	
455	642	
459	643	
459	644	
456	645	
455	646	
456	647	
456	648	
456	649	
456	650	
456	651	
456	652	
455	653	
455	654	
455	655	
455	656	
456	657	
455	658	
455	659	
455	660	
456	661	
456	662	
455	663	
455	664	
456	665	
457	666	
457	667	
456	668	
455	669	
455	670	
454	671	
454	672	
453	673	
454	674	
454	675	
457	676	
457	677	
453	678	
453	679	
453	680	
456	681	
455	682	
455	683	
454	684	
455	685	
454	686	
453	687	
452	688	
453	689	
453	690	
453	691	
453	692	
453	693	
455	694	
454	695	
453	696	
453	697	
453	698	
455	699	
455	700	
455	701	
453	702	
453	703	
453	704	
453	705	
453	706	
453	707	
453	708	
453	709	
453	710	
453	711	
453	712	
453	713	
453	714	
453	715	
453	716	
453	717	
455	718	
455	719	
455	720	
455	721	
456	722	
453	723	
453	724	
453	725	
453	726	
453	727	
453	728	
453	729	
453	730	
453	731	
453	732	
453	733	
453	734	
453	735	
455	736	
453	737	
453	738	
453	739	
453	740	
453	741	
454	742	
454	743	
453	744	
453	745	
453	746	
457	746	
453	747	
452	748	
452	749	
456	750	
457	750	
455	751	
455	752	
453	753	
453	754	
452	755	
451	756	
452	757	
455	758	
455	759	
452	760	
452	761	
451	762	
455	763	
455	764	
451	765	
451	766	
451	767	
455	768	
451	769	
451	770	
453	771	
454	772	
454	773	
451	774	
451	775	
451	776	
451	777	
451	778	
450	779	
449	780	
450	781	
451	782	
450	783	
451	784	
451	785	
450	786	
451	787	
451	788	
455	789	
455	790	
450	791	
450	792	
453	793	
452	794	
450	795	
449	796	
450	797	
452	798	
451	799	
451	800	
451	801	
452	802	
449	803	
450	804	
451	805	
451	806	
453	807	
453	808	
451	809	
451	810	
450	811	
449	812	
449	813	
449	814	
449	815	
449	816	
450	816	
449	817	
449	818	
449	819	
449	820	
453	821	
449	822	
449	823	
449	824	
450	825	
449	826	
449	827	
449	828	
450	829	
453	830	
449	831	
449	832	
449	833	
451	834	
451	835	
451	836	
449	837	
449	838	
450	838	
450	839	
451	840	
450	841	
449	842	
449	843	
449	844	
451	845	
451	846	
449	847	
449	848	
449	849	
449	850	
449	851	
449	852	
451	853	
453	854	
449	855	
450	855	
449	856	
449	857	
450	857	
451	858	
451	859	
449	860	
450	860	
451	861	
451	862	
449	863	
449	864	
449	865	
449	866	
449	867	
449	868	
449	869	
449	870	
449	871	
449	872	
451	873	
451	874	
449	875	
449	876	
449	877	
449	878	
449	879	
449	880	
449	881	
449	882	
449	883	
449	884	
449	885	
451	886	
451	887	
447	888	
447	889	
449	889	
449	890	
451	891	
451	892	
447	893	
447	894	
447	895	
447	896	
451	897	
451	898	
449	899	
447	900	
449	900	
449	901	
447	902	
451	903	
447	904	
447	905	
447	906	
447	907	
447	908	
451	909	
449	910	
447	911	
447	912	
447	913	
447	914	
457	1025	
457	1031	
