444	353	
445	356	
444	357	
444	358	
444	359	
444	360	
444	361	
444	362	
444	363	
444	364	
444	365	
444	366	
444	367	
444	368	
445	369	
444	370	
444	371	
443	372	
443	373	
444	374	
444	375	
444	376	
444	377	
444	378	
444	379	
444	380	
444	381	
444	382	
445	383	
445	384	
445	385	
446	385	
444	386	
444	387	
444	388	
444	389	
444	390	
444	391	
444	392	
444	393	
444	394	
444	395	
443	396	
443	397	
443	398	
444	399	
444	400	
444	401	
444	402	
445	402	
445	403	
444	404	
444	405	
444	406	
443	407	
443	408	
444	409	
449	411	
450	412	
451	413	
451	414	
452	415	
452	416	
452	418	
452	419	
452	420	
453	421	
453	422	
453	423	
453	424	
454	425	
454	426	
454	427	
454	428	
454	429	
454	430	
454	431	
454	432	
454	433	
454	434	
454	435	
454	436	
454	437	
454	438	
454	439	
454	440	
454	441	
454	442	
455	443	
455	444	
455	445	
455	446	
455	447	
456	448	
456	449	
457	450	
454	451	
454	452	
457	453	
457	454	
457	455	
454	456	
454	457	
455	458	
454	459	
454	460	
454	461	
454	462	
457	463	
456	464	
455	465	
455	466	
455	467	
455	468	
455	469	
455	470	
455	471	
455	472	
456	473	
454	474	
454	475	
454	476	
454	477	
454	478	
454	479	
454	480	
454	481	
453	482	
453	483	
453	484	
453	485	
453	486	
453	487	
453	488	
454	489	
453	490	
453	491	
453	492	
453	493	
454	494	
454	495	
453	496	
453	497	
453	498	
451	499	
452	499	
451	500	
452	501	
451	502	
450	503	
450	504	
450	505	
449	506	
450	507	
451	508	
450	509	
450	510	
449	511	
449	512	
449	513	
450	513	
450	514	
451	514	
448	515	
447	516	
448	517	
447	518	
448	519	
448	520	
448	521	
448	522	
448	523	
448	524	
448	525	
448	526	
449	527	
449	528	
449	529	
449	530	
448	531	
448	532	
449	533	
449	534	
449	535	
450	536	
449	537	
450	537	
450	538	
450	539	
450	540	
451	540	
450	541	
450	542	
450	543	
450	544	
450	545	
450	546	
450	547	
451	548	
449	549	
449	550	
450	551	
453	552	
451	553	
451	554	
451	555	
452	556	
451	557	
451	558	
452	559	
455	560	
455	570	
455	571	
456	572	
455	573	
456	573	
455	574	
456	575	
457	576	
455	577	
455	578	
457	579	
457	580	
457	581	
455	582	
457	583	
459	584	
457	585	
457	591	
457	592	
455	593	
455	594	
456	595	
457	596	
457	597	
455	598	
455	599	
455	600	
455	601	
455	602	
455	603	
456	604	
455	605	
455	606	
455	607	
455	608	
455	609	
455	610	
455	611	
456	612	
455	613	
455	614	
456	615	
456	616	
455	617	
455	618	
455	619	
456	619	
455	620	
456	620	
455	621	
455	622	
455	623	
455	624	
455	625	
455	626	
455	627	
455	628	
455	629	
455	630	
456	631	
459	640	
459	641	
459	642	
459	643	
459	644	
459	645	
459	646	
463	647	
459	648	
459	649	
459	650	
461	651	
461	652	
459	653	
459	654	
459	655	
462	656	
460	657	
462	657	
460	658	
460	659	
461	660	
459	661	
459	662	
459	663	
459	664	
459	665	
459	666	
459	667	
459	668	
459	669	
460	670	
460	671	
459	672	
461	673	
461	674	
460	675	
460	676	
457	677	
457	678	
457	679	
457	680	
458	681	
458	682	
457	683	
458	683	
458	684	
458	685	
457	686	
457	687	
457	688	
457	689	
457	690	
457	691	
457	692	
457	693	
457	694	
457	695	
457	696	
457	697	
458	698	
458	699	
457	700	
457	701	
457	702	
457	703	
458	704	
457	705	
457	706	
457	707	
457	708	
457	709	
457	710	
457	711	
457	712	
457	713	
457	714	
457	715	
457	716	
457	717	
458	718	
457	719	
457	720	
460	721	
461	722	
457	723	
457	724	
457	725	
461	726	
457	727	
457	728	
457	729	
457	730	
457	731	
457	732	
457	733	
457	734	
457	735	
457	736	
457	737	
457	738	
457	739	
457	740	
457	741	
457	742	
457	743	
457	744	
457	745	
457	746	
457	747	
457	748	
458	749	
459	749	
459	750	
457	751	
457	752	
457	753	
458	754	
459	755	
459	756	
457	757	
457	758	
457	759	
461	760	
457	761	
455	762	
457	763	
457	764	
455	765	
455	766	
459	767	
459	768	
456	769	
456	770	
455	771	
455	772	
455	773	
455	774	
455	775	
455	776	
455	777	
455	778	
455	779	
455	780	
455	781	
455	782	
455	783	
455	784	
455	785	
455	786	
455	787	
455	788	
455	789	
455	790	
458	790	
455	791	
455	792	
455	793	
455	794	
455	795	
455	796	
455	797	
455	798	
455	799	
455	800	
455	801	
459	802	
455	803	
455	804	
456	805	
456	806	
456	807	
456	808	
457	809	
458	810	
455	811	
455	812	
455	813	
455	814	
457	815	
455	816	
455	817	
455	818	
455	819	
455	820	
455	821	
455	822	
455	823	
455	824	
455	825	
455	826	
455	827	
455	828	
455	829	
457	830	
457	831	
455	832	
455	833	
457	834	
455	835	
455	836	
455	837	
455	838	
455	839	
455	840	
455	841	
455	842	
455	843	
455	844	
454	845	
454	846	
457	847	
457	848	
457	849	
457	850	
455	851	
455	852	
455	853	
455	854	
456	854	
455	855	
455	856	
454	857	
453	858	
455	859	
455	860	
455	861	
455	862	
455	863	
455	864	
455	865	
455	866	
455	867	
455	868	
455	869	
453	870	
453	871	
453	872	
453	873	
454	874	
455	875	
455	876	
455	877	
455	878	
455	879	
455	880	
457	881	
457	882	
453	883	
453	884	
453	885	
453	886	
453	887	
453	888	
453	889	
453	890	
452	891	
452	892	
453	893	
455	894	
453	895	
453	896	
453	897	
453	898	
453	899	
455	900	
455	901	
455	902	
455	903	
451	904	
451	905	
451	906	
451	907	
451	908	
451	909	
451	910	
451	911	
451	912	
453	913	
453	914	
463	1031	
465	1033	
463	1035	
