446	359	
445	360	
445	361	
445	362	
446	364	
446	365	
446	366	
446	367	
446	368	
446	369	
446	370	
446	371	
446	372	
447	373	
446	374	
446	375	
445	376	
445	377	
446	378	
446	379	
445	380	
445	381	
446	382	
447	383	
446	384	
446	385	
446	386	
446	387	
446	388	
446	389	
446	390	
446	391	
445	392	
446	392	
446	393	
446	394	
446	395	
446	396	
446	397	
446	398	
446	399	
446	400	
445	401	
447	402	
446	403	
444	404	
444	405	
444	406	
445	407	
444	408	
444	409	
444	410	
452	413	
452	414	
452	415	
453	418	
453	419	
453	420	
454	421	
454	422	
454	423	
454	424	
454	425	
454	426	
455	427	
455	428	
455	429	
455	430	
455	431	
455	432	
455	433	
455	434	
456	435	
456	436	
456	437	
456	438	
456	439	
457	440	
457	441	
457	442	
456	443	
456	444	
455	445	
455	446	
456	447	
456	448	
456	449	
456	450	
456	451	
456	452	
456	453	
456	454	
456	455	
456	456	
456	457	
455	458	
457	459	
457	460	
456	461	
456	462	
456	463	
456	464	
456	465	
456	466	
456	467	
456	468	
455	469	
455	470	
456	470	
456	471	
456	472	
455	473	
455	474	
455	475	
455	476	
457	477	
457	478	
455	479	
455	480	
456	481	
455	482	
455	483	
455	484	
455	485	
454	486	
454	487	
454	488	
455	488	
456	488	
455	489	
454	490	
454	491	
453	492	
454	493	
453	494	
453	495	
453	496	
454	497	
453	498	
453	499	
453	500	
453	501	
453	502	
452	503	
452	504	
453	505	
451	506	
451	507	
451	508	
452	509	
453	510	
451	511	
451	512	
452	513	
449	514	
449	515	
451	516	
449	517	
449	518	
449	519	
448	520	
450	521	
450	522	
450	523	
449	524	
449	525	
449	526	
450	527	
449	528	
449	529	
449	530	
450	531	
450	532	
450	533	
451	534	
452	535	
452	536	
451	537	
452	538	
452	539	
452	540	
451	541	
450	542	
450	543	
453	544	
452	545	
452	546	
452	547	
452	548	
452	549	
453	550	
453	551	
452	552	
452	553	
453	554	
453	555	
454	555	
454	556	
454	557	
454	558	
455	559	
455	560	
453	561	
453	562	
453	563	
457	564	
457	565	
457	581	
459	582	
459	583	
457	586	
457	589	
457	590	
459	591	
458	592	
457	593	
457	594	
457	595	
457	596	
457	597	
457	598	
457	599	
457	600	
457	601	
458	602	
457	603	
457	604	
457	605	
457	606	
457	607	
457	608	
457	609	
457	610	
458	610	
458	611	
458	612	
457	613	
457	614	
458	615	
459	616	
458	617	
458	618	
457	619	
458	619	
458	620	
457	621	
457	622	
457	623	
457	624	
457	625	
457	626	
458	627	
458	628	
457	629	
457	630	
457	631	
459	632	
459	633	
457	634	
457	635	
457	636	
457	637	
461	638	
459	641	
459	642	
463	643	
463	644	
463	645	
459	646	
463	647	
463	648	
461	649	
461	650	
461	651	
459	652	
460	652	
463	653	
461	654	
461	655	
461	656	
461	657	
461	658	
461	659	
462	660	
462	661	
462	662	
461	663	
461	664	
461	665	
459	666	
460	666	
459	667	
463	668	
459	669	
459	670	
459	671	
461	672	
459	673	
459	674	
459	675	
459	676	
461	677	
459	678	
459	679	
459	680	
459	681	
459	682	
459	683	
459	684	
459	685	
461	686	
458	687	
460	688	
460	689	
460	690	
459	691	
457	692	
460	693	
461	693	
461	694	
459	695	
459	696	
459	697	
459	698	
459	699	
459	700	
461	701	
461	702	
460	703	
459	704	
459	705	
458	706	
458	707	
459	708	
458	709	
461	710	
461	711	
462	712	
461	713	
461	714	
461	715	
459	716	
459	717	
459	718	
461	719	
457	720	
461	721	
461	722	
459	723	
459	724	
459	725	
461	726	
459	727	
463	728	
461	729	
461	730	
459	731	
459	732	
459	733	
459	734	
459	735	
459	736	
459	737	
459	738	
458	739	
463	740	
461	741	
460	742	
460	743	
457	744	
459	745	
461	746	
461	747	
458	748	
461	748	
457	749	
458	749	
458	750	
459	751	
459	752	
461	753	
461	754	
457	755	
457	756	
459	757	
459	758	
459	759	
457	760	
457	761	
457	762	
457	763	
457	764	
457	765	
457	766	
457	767	
458	768	
457	769	
458	769	
457	770	
457	771	
457	772	
457	773	
457	774	
457	775	
457	776	
457	777	
457	778	
458	778	
458	779	
458	780	
457	781	
457	782	
457	783	
457	784	
457	785	
457	786	
457	787	
457	788	
457	789	
457	790	
457	791	
458	792	
458	793	
457	794	
457	795	
457	796	
457	797	
456	798	
459	799	
459	800	
459	801	
457	802	
456	803	
456	804	
458	805	
457	806	
457	807	
457	808	
457	809	
457	810	
457	811	
456	812	
457	812	
456	813	
457	814	
456	815	
456	816	
457	817	
457	818	
455	819	
455	820	
455	821	
456	821	
457	822	
457	823	
457	824	
457	825	
457	826	
456	827	
455	828	
455	829	
455	830	
455	831	
456	832	
457	833	
457	834	
457	835	
457	836	
457	837	
460	838	
455	839	
456	840	
456	841	
457	842	
460	842	
457	843	
459	844	
459	845	
460	845	
455	846	
455	847	
455	848	
455	849	
455	850	
456	851	
456	852	
456	853	
459	853	
458	854	
456	855	
455	856	
457	857	
459	858	
459	859	
456	860	
455	861	
455	862	
459	863	
459	864	
457	865	
457	866	
456	867	
459	867	
455	868	
455	869	
455	870	
457	871	
457	872	
457	873	
455	874	
455	875	
455	876	
455	877	
456	879	
457	880	
457	881	
458	882	
459	882	
458	883	
458	884	
454	885	
455	885	
455	886	
453	887	
453	888	
453	889	
453	890	
453	891	
453	892	
455	893	
455	894	
453	895	
453	896	
453	897	
453	898	
453	899	
455	900	
455	901	
455	902	
453	903	
453	904	
453	905	
453	906	
453	907	
453	908	
453	909	
453	910	
455	911	
