446	364	
446	365	
446	366	
447	367	
447	368	
447	369	
448	370	
447	371	
448	372	
449	373	
447	374	
447	375	
448	376	
448	377	
447	378	
446	379	
447	380	
448	380	
448	381	
448	382	
448	383	
448	384	
448	385	
447	386	
447	387	
448	388	
448	389	
447	390	
448	391	
448	392	
447	393	
448	394	
448	395	
448	396	
448	397	
448	398	
447	399	
447	400	
447	401	
447	402	
447	403	
447	404	
446	405	
447	406	
447	407	
446	408	
447	409	
446	410	
446	411	
454	418	
453	419	
454	420	
456	421	
456	422	
455	423	
455	424	
459	425	
459	426	
457	427	
456	428	
456	429	
456	430	
456	431	
457	432	
457	433	
457	434	
458	435	
458	436	
458	437	
457	438	
457	439	
457	440	
458	441	
457	442	
457	443	
457	444	
457	445	
457	446	
457	447	
457	448	
458	449	
460	450	
459	451	
458	452	
458	453	
458	454	
458	455	
457	456	
458	457	
458	458	
458	459	
458	460	
458	461	
458	462	
457	463	
458	464	
458	465	
458	466	
458	467	
458	468	
457	469	
457	470	
457	471	
458	472	
457	473	
458	473	
458	474	
458	475	
459	476	
459	477	
458	478	
457	479	
457	480	
458	481	
458	482	
456	483	
456	484	
456	485	
456	486	
456	487	
459	488	
456	489	
456	490	
455	491	
455	492	
456	493	
454	494	
455	495	
455	496	
455	497	
454	498	
454	499	
454	500	
454	501	
453	502	
454	503	
454	504	
454	505	
454	506	
455	507	
455	508	
452	509	
452	510	
452	511	
451	512	
451	513	
451	514	
451	515	
452	516	
450	517	
449	518	
450	519	
450	520	
450	521	
450	522	
451	523	
451	524	
451	525	
453	526	
453	527	
451	528	
451	529	
451	530	
452	531	
453	532	
453	533	
455	534	
452	535	
452	536	
453	536	
453	537	
454	538	
454	539	
454	540	
453	541	
453	542	
453	543	
453	544	
453	545	
454	546	
453	547	
453	548	
454	548	
453	549	
453	550	
453	551	
457	552	
453	553	
453	554	
454	555	
454	556	
454	557	
455	558	
456	558	
455	559	
455	560	
455	561	
455	562	
455	563	
455	564	
455	565	
455	566	
455	567	
455	568	
455	569	
459	570	
457	571	
457	572	
457	573	
459	583	
459	584	
457	585	
457	586	
457	587	
459	588	
458	589	
459	589	
461	590	
457	591	
457	592	
458	593	
459	594	
459	595	
459	596	
459	597	
459	598	
458	599	
457	600	
457	601	
458	602	
461	603	
461	604	
461	605	
458	606	
461	607	
461	608	
461	609	
458	610	
461	611	
461	612	
461	613	
459	614	
461	614	
458	615	
459	616	
458	617	
459	617	
459	618	
459	619	
460	620	
461	620	
458	621	
458	622	
458	623	
458	624	
459	624	
458	625	
458	626	
458	627	
458	628	
458	629	
459	630	
459	631	
458	632	
458	633	
458	634	
461	635	
461	636	
459	637	
459	638	
459	639	
461	640	
461	643	
461	644	
461	645	
461	646	
461	647	
461	648	
461	649	
465	650	
462	651	
463	652	
462	653	
461	654	
463	655	
463	656	
461	658	
461	659	
461	660	
461	661	
465	662	
465	663	
464	664	
461	665	
461	666	
461	667	
461	668	
461	669	
461	670	
461	671	
463	672	
461	673	
461	674	
461	675	
461	676	
461	677	
461	678	
461	679	
463	680	
459	681	
459	682	
459	683	
461	683	
461	684	
460	685	
459	686	
459	687	
459	688	
459	689	
459	690	
459	691	
459	692	
459	693	
459	694	
459	695	
459	696	
460	696	
460	697	
463	698	
461	699	
459	700	
459	701	
459	702	
459	703	
461	704	
461	705	
460	706	
460	707	
460	708	
459	709	
463	710	
459	711	
459	712	
463	713	
463	714	
459	715	
459	716	
459	717	
459	718	
459	719	
459	720	
459	721	
459	722	
459	723	
459	724	
459	725	
459	726	
463	727	
461	728	
459	729	
459	730	
459	731	
459	732	
459	733	
459	734	
459	735	
463	736	
459	737	
459	738	
459	739	
459	740	
460	741	
462	742	
463	742	
463	743	
459	744	
461	745	
461	746	
461	747	
461	748	
462	748	
459	749	
459	750	
461	751	
461	752	
461	753	
460	754	
459	755	
459	756	
459	757	
461	758	
459	759	
459	760	
459	761	
459	762	
459	763	
459	764	
459	765	
463	766	
458	767	
458	768	
459	769	
459	770	
459	771	
459	772	
459	773	
459	774	
457	775	
461	776	
460	777	
459	778	
460	779	
458	780	
457	781	
458	782	
462	783	
462	784	
457	785	
457	786	
459	787	
459	788	
457	789	
457	790	
458	791	
459	792	
458	793	
457	794	
458	795	
459	796	
459	797	
459	798	
460	799	
457	800	
461	801	
461	802	
457	803	
457	804	
458	805	
460	806	
457	807	
457	808	
457	809	
457	810	
457	811	
457	812	
457	813	
457	814	
458	815	
461	816	
458	817	
458	818	
457	819	
457	820	
457	821	
457	822	
459	823	
459	824	
459	825	
457	826	
457	827	
457	828	
457	829	
457	830	
459	831	
457	832	
460	833	
457	834	
457	835	
457	836	
457	837	
457	838	
459	839	
459	840	
458	841	
457	842	
457	843	
457	844	
457	845	
457	846	
458	846	
458	847	
458	848	
458	849	
457	850	
457	851	
457	852	
457	853	
457	854	
457	855	
457	856	
457	857	
457	858	
457	859	
457	860	
457	861	
459	862	
459	863	
457	864	
461	865	
461	866	
457	867	
457	868	
457	869	
457	870	
461	871	
461	872	
459	873	
459	874	
457	875	
457	876	
457	877	
455	878	
455	879	
455	880	
456	881	
457	882	
457	883	
457	884	
457	885	
459	886	
459	887	
455	888	
455	889	
455	890	
455	891	
455	892	
455	893	
455	894	
455	895	
455	896	
459	897	
459	898	
453	899	
457	900	
457	901	
455	902	
455	903	
455	904	
457	905	
457	906	
457	907	
457	908	
457	909	
457	910	
455	911	
455	912	
465	1033	
465	1034	
467	1035	
467	1049	
