448	365	
448	368	
448	369	
450	370	
450	371	
448	372	
448	373	
448	374	
448	375	
448	376	
452	377	
448	378	
448	379	
449	380	
449	381	
448	382	
448	383	
448	384	
449	384	
450	385	
449	386	
452	387	
451	388	
451	389	
451	390	
451	391	
451	392	
451	393	
448	394	
449	395	
449	396	
449	397	
448	398	
448	399	
448	400	
448	401	
448	402	
448	403	
448	404	
448	405	
448	406	
449	406	
448	407	
449	407	
448	408	
449	408	
448	409	
448	410	
448	411	
448	412	
456	417	
456	418	
458	419	
458	420	
457	421	
457	422	
457	423	
458	424	
458	425	
457	426	
457	427	
457	428	
457	429	
458	430	
458	431	
458	432	
458	433	
458	434	
458	435	
459	436	
458	437	
458	438	
458	439	
458	440	
459	441	
459	442	
459	443	
459	444	
459	445	
459	446	
458	447	
458	448	
458	449	
459	450	
459	451	
459	452	
461	453	
461	454	
461	455	
461	456	
461	457	
460	458	
460	459	
460	460	
459	461	
459	462	
458	463	
458	464	
460	465	
459	466	
459	467	
459	468	
459	469	
459	470	
459	471	
458	472	
458	473	
458	474	
458	475	
458	476	
458	477	
458	478	
458	479	
458	480	
458	481	
458	482	
458	483	
458	484	
457	485	
457	486	
458	487	
457	488	
457	489	
457	490	
457	491	
458	491	
458	492	
457	493	
457	494	
457	495	
457	496	
456	497	
456	498	
456	499	
455	500	
455	501	
456	502	
455	503	
455	504	
455	505	
454	506	
455	507	
455	508	
453	509	
453	510	
453	511	
454	512	
454	513	
452	514	
452	515	
452	516	
452	517	
451	518	
451	519	
452	520	
452	521	
452	522	
452	523	
451	524	
452	525	
453	526	
453	527	
453	528	
455	529	
455	530	
454	531	
454	532	
454	533	
454	534	
455	535	
454	536	
455	536	
454	537	
454	538	
454	539	
456	540	
455	541	
455	542	
455	543	
455	544	
455	545	
456	546	
455	547	
455	548	
456	549	
456	550	
456	551	
457	552	
455	553	
456	554	
456	555	
456	556	
456	557	
455	558	
456	559	
457	560	
457	561	
457	562	
457	563	
457	564	
458	565	
459	566	
457	567	
461	568	
457	569	
457	570	
457	571	
457	572	
457	573	
457	574	
458	575	
457	576	
458	577	
459	577	
459	578	
459	579	
461	580	
461	581	
461	582	
461	583	
459	584	
459	585	
459	586	
459	587	
459	588	
459	589	
459	590	
459	591	
459	592	
459	593	
459	594	
460	594	
459	595	
459	596	
459	597	
460	598	
459	599	
459	600	
459	601	
459	602	
462	603	
461	604	
459	605	
460	605	
461	606	
461	607	
460	608	
460	609	
461	610	
460	611	
460	612	
460	613	
459	614	
460	614	
460	615	
460	616	
459	617	
459	618	
459	619	
459	620	
459	621	
459	622	
462	623	
462	624	
461	625	
461	626	
461	627	
459	628	
459	629	
459	630	
460	631	
459	632	
460	632	
459	633	
459	634	
460	635	
461	636	
461	637	
461	638	
461	639	
461	640	
461	641	
461	643	
461	644	
461	645	
465	645	
465	646	
465	647	
465	648	
465	649	
463	650	
465	650	
465	651	
465	652	
463	653	
463	654	
465	654	
465	655	
461	656	
465	657	
463	658	
463	659	
463	660	
464	661	
462	662	
462	663	
465	664	
465	665	
463	666	
463	667	
463	668	
463	669	
463	670	
463	671	
463	672	
461	673	
465	674	
461	675	
463	676	
463	677	
463	678	
461	679	
461	680	
461	681	
461	682	
461	683	
461	684	
463	685	
463	686	
460	687	
461	688	
463	689	
463	690	
461	691	
461	692	
463	693	
463	694	
461	695	
461	696	
461	697	
460	698	
463	699	
463	700	
461	701	
461	702	
461	703	
461	704	
461	705	
461	706	
462	707	
463	708	
463	709	
463	710	
461	711	
461	712	
461	713	
461	714	
463	715	
463	716	
462	717	
461	718	
461	719	
461	720	
462	721	
463	722	
461	723	
461	724	
461	725	
461	726	
461	727	
461	728	
461	729	
461	730	
461	731	
461	732	
461	733	
461	734	
461	735	
461	736	
461	737	
461	738	
463	739	
463	740	
461	741	
461	742	
461	743	
461	744	
461	745	
461	746	
463	747	
462	748	
461	749	
461	750	
461	751	
461	752	
461	753	
461	754	
461	755	
461	756	
459	757	
459	758	
463	759	
461	760	
462	760	
463	761	
462	762	
462	763	
461	764	
461	765	
460	766	
461	767	
461	768	
461	769	
459	770	
459	771	
459	772	
459	773	
460	774	
463	775	
461	776	
463	776	
459	777	
459	778	
459	779	
460	779	
460	780	
460	781	
460	782	
459	783	
459	784	
459	785	
460	786	
461	787	
461	788	
461	789	
462	790	
463	791	
459	792	
459	793	
459	794	
459	795	
459	796	
459	797	
459	798	
459	799	
459	800	
459	801	
459	802	
459	803	
459	804	
459	805	
459	806	
460	807	
460	808	
459	809	
459	810	
459	811	
459	812	
459	813	
459	814	
463	815	
463	816	
458	817	
459	817	
459	818	
459	819	
459	820	
459	821	
459	822	
459	823	
459	824	
459	825	
459	826	
459	827	
459	828	
459	829	
459	830	
459	831	
459	832	
459	833	
460	834	
459	835	
459	836	
459	837	
461	838	
459	839	
461	840	
462	841	
463	842	
463	843	
462	844	
459	845	
459	846	
461	847	
461	848	
461	849	
459	850	
459	851	
460	851	
460	852	
459	853	
459	854	
459	855	
459	856	
460	857	
460	858	
459	859	
459	860	
459	861	
459	862	
458	863	
458	864	
459	865	
459	866	
459	867	
460	868	
461	869	
461	870	
461	871	
458	872	
459	873	
459	874	
459	875	
461	876	
457	877	
459	878	
459	879	
460	880	
457	881	
457	882	
457	883	
457	884	
457	885	
457	886	
457	887	
457	888	
459	888	
458	889	
458	890	
461	891	
459	892	
459	893	
459	894	
455	895	
455	896	
458	897	
459	898	
455	899	
455	900	
455	901	
455	902	
458	903	
458	904	
457	905	
459	906	
455	907	
455	908	
459	909	
459	910	
455	911	
455	912	
467	1005	
467	1006	
467	1007	
469	1055	
473	1067	
473	1068	
475	1096	
