392	51	
392	61	
392	62	
392	63	
462	402	
462	403	
462	404	
462	405	
462	406	
462	407	
462	408	
462	409	
462	410	
462	411	
462	412	
462	413	
462	414	
462	415	
462	416	
462	417	
462	418	
461	419	
462	420	
462	421	
470	431	
470	432	
471	433	
470	434	
469	435	
470	436	
470	437	
470	438	
473	439	
473	440	
470	441	
470	442	
471	442	
471	443	
471	444	
471	445	
472	445	
472	446	
472	447	
472	448	
472	449	
472	450	
472	451	
471	452	
471	453	
471	454	
472	455	
472	456	
472	457	
472	458	
471	459	
471	460	
472	461	
472	462	
472	463	
472	464	
472	465	
472	466	
472	467	
472	468	
471	469	
471	470	
471	471	
471	472	
474	473	
473	474	
472	475	
472	476	
472	477	
471	478	
471	479	
471	480	
471	481	
470	482	
470	483	
470	484	
471	484	
470	485	
471	485	
470	486	
470	487	
473	488	
470	489	
470	490	
470	491	
470	492	
471	492	
471	493	
470	494	
470	495	
471	496	
471	497	
467	498	
467	499	
467	500	
467	501	
467	502	
467	503	
465	507	
465	508	
464	509	
463	510	
467	511	
465	512	
463	513	
464	514	
464	515	
464	516	
463	517	
463	518	
464	519	
464	520	
464	521	
464	522	
464	523	
464	524	
464	525	
464	526	
464	527	
464	528	
464	529	
464	530	
465	531	
465	532	
466	533	
467	534	
465	535	
466	536	
465	537	
466	538	
469	539	
468	540	
468	541	
468	542	
470	542	
468	543	
467	544	
467	545	
467	546	
467	547	
471	548	
469	549	
469	550	
469	551	
469	552	
469	553	
469	554	
470	554	
473	555	
473	556	
472	557	
472	558	
473	559	
473	560	
473	561	
471	562	
473	562	
471	563	
471	564	
471	565	
471	566	
471	567	
472	568	
471	569	
472	569	
472	570	
472	571	
472	572	
472	573	
472	574	
472	575	
472	576	
472	577	
472	578	
472	579	
471	580	
475	581	
473	582	
473	583	
473	584	
473	585	
473	586	
475	587	
475	588	
474	589	
472	590	
474	590	
474	591	
473	592	
473	593	
474	594	
473	595	
474	596	
475	597	
476	598	
474	599	
474	600	
473	601	
474	602	
474	603	
473	604	
473	605	
473	606	
473	607	
473	608	
473	609	
473	610	
473	611	
473	612	
476	613	
473	614	
473	615	
474	616	
475	617	
475	618	
475	619	
475	620	
475	621	
475	622	
473	623	
473	624	
474	625	
475	626	
477	626	
475	627	
475	628	
473	629	
473	630	
474	631	
471	632	
473	633	
473	634	
474	635	
471	636	
471	637	
471	638	
471	639	
473	639	
473	640	
471	641	
471	642	
471	643	
473	644	
470	645	
471	646	
471	647	
472	648	
470	649	
469	650	
469	651	
470	652	
472	653	
473	654	
473	655	
469	656	
470	657	
470	658	
469	659	
469	660	
469	661	
469	662	
469	663	
470	664	
469	665	
469	666	
473	667	
471	668	
469	669	
469	670	
469	671	
471	672	
469	673	
469	674	
469	675	
471	676	
469	677	
469	678	
471	679	
471	680	
472	680	
471	681	
471	682	
471	683	
469	684	
470	685	
473	686	
469	687	
469	688	
473	689	
473	690	
471	691	
471	692	
471	693	
471	694	
473	695	
469	696	
470	697	
471	698	
471	699	
471	700	
471	701	
471	702	
473	703	
473	704	
471	705	
471	706	
471	707	
471	708	
471	709	
471	710	
471	711	
471	712	
475	713	
475	714	
475	715	
473	716	
473	717	
473	718	
471	719	
474	720	
474	721	
473	722	
475	723	
475	724	
471	725	
471	726	
471	727	
475	728	
475	729	
475	730	
476	730	
473	731	
473	732	
473	733	
473	734	
473	735	
473	736	
473	737	
472	738	
473	739	
473	740	
473	741	
473	742	
473	743	
473	744	
473	745	
473	746	
473	747	
473	748	
473	749	
473	750	
473	751	
473	752	
473	753	
473	754	
473	755	
473	756	
473	757	
473	758	
473	759	
473	760	
474	760	
473	761	
473	762	
473	763	
474	763	
473	764	
474	764	
473	765	
472	766	
473	767	
473	768	
473	769	
472	770	
474	771	
475	772	
471	773	
471	774	
473	775	
473	776	
473	777	
474	778	
475	778	
472	779	
475	779	
471	780	
472	780	
473	781	
473	782	
473	783	
471	784	
474	785	
473	786	
473	787	
473	788	
473	789	
473	790	
473	791	
473	792	
473	793	
474	794	
474	795	
474	796	
474	797	
474	798	
475	799	
472	800	
471	801	
472	802	
473	803	
473	804	
473	805	
474	806	
474	807	
474	808	
474	809	
474	810	
471	811	
471	812	
475	813	
475	814	
471	815	
471	816	
473	817	
475	818	
475	819	
475	820	
471	821	
471	822	
472	823	
472	824	
472	825	
474	826	
471	827	
471	828	
475	829	
475	830	
473	831	
471	832	
471	833	
471	834	
472	835	
473	836	
473	837	
473	838	
471	839	
471	840	
471	841	
471	842	
471	843	
471	844	
471	845	
473	846	
471	847	
471	848	
471	849	
471	850	
471	851	
471	852	
471	853	
471	854	
471	855	
471	856	
471	857	
471	858	
473	859	
471	860	
471	861	
471	862	
475	863	
475	864	
471	865	
471	866	
471	867	
471	868	
473	869	
473	870	
471	871	
471	872	
473	873	
473	874	
471	875	
471	876	
473	877	
473	878	
469	879	
471	880	
471	881	
469	882	
469	883	
469	884	
471	885	
471	886	
469	887	
469	888	
471	889	
471	890	
469	891	
469	892	
469	893	
469	894	
469	895	
469	896	
471	897	
471	898	
469	899	
469	900	
469	901	
469	902	
469	903	
467	905	
467	906	
471	907	
469	908	
483	1005	
485	1033	
485	1043	
483	1045	
485	1058	
485	1059	
489	1062	
489	1063	
489	1064	
487	1067	
487	1068	
489	1084	
