132	36	
132	37	
132	38	
207	480	
207	481	
207	482	
207	483	
207	484	
207	485	
207	486	
208	487	
205	488	
207	489	
207	490	
207	491	
207	492	
207	493	
207	494	
208	495	
208	496	
209	496	
208	497	
208	498	
207	499	
208	500	
208	501	
208	502	
208	503	
208	504	
208	505	
208	506	
208	507	
209	508	
207	509	
211	510	
211	511	
211	512	
210	513	
209	514	
210	515	
210	516	
210	517	
211	518	
211	519	
211	520	
211	521	
211	522	
211	523	
209	524	
209	525	
213	526	
213	527	
212	528	
212	529	
213	529	
212	530	
212	531	
212	532	
213	532	
212	533	
211	534	
211	535	
215	536	
211	537	
211	538	
211	539	
214	540	
214	541	
214	542	
215	543	
216	544	
213	545	
213	546	
217	547	
217	548	
216	549	
216	550	
217	551	
214	552	
217	553	
217	554	
217	555	
214	556	
214	557	
217	558	
217	559	
216	560	
217	560	
218	561	
217	562	
216	563	
215	564	
216	564	
215	565	
217	566	
217	567	
216	568	
216	569	
215	570	
214	571	
216	572	
216	573	
216	574	
214	575	
211	576	
211	577	
214	578	
215	579	
211	580	
213	581	
217	582	
217	583	
215	584	
219	585	
217	586	
219	587	
219	588	
219	589	
221	590	
217	591	
217	592	
220	593	
220	594	
220	595	
220	596	
220	597	
218	598	
219	599	
223	600	
221	601	
219	602	
220	602	
219	603	
220	604	
221	605	
221	606	
221	607	
222	608	
222	609	
221	610	
222	611	
223	612	
222	613	
222	614	
222	615	
220	616	
220	617	
220	618	
222	619	
222	620	
223	621	
222	622	
222	623	
222	624	
221	625	
221	626	
221	627	
223	628	
222	629	
222	630	
221	631	
221	632	
221	633	
221	634	
221	635	
221	636	
221	637	
219	638	
223	638	
218	639	
218	640	
218	641	
217	642	
217	643	
218	643	
217	644	
218	644	
217	645	
219	646	
216	647	
219	647	
215	648	
215	649	
215	650	
215	651	
217	652	
217	653	
217	654	
217	655	
217	656	
217	657	
216	658	
216	659	
216	660	
217	661	
213	662	
213	663	
213	664	
213	665	
213	666	
213	667	
213	668	
214	669	
214	670	
214	671	
215	671	
215	672	
212	673	
211	674	
213	675	
212	676	
213	677	
213	678	
213	679	
209	680	
210	680	
210	681	
209	682	
209	683	
209	684	
211	685	
211	686	
211	687	
211	688	
211	689	
207	690	
206	691	
206	692	
208	693	
209	693	
208	694	
208	695	
208	696	
209	697	
208	698	
208	699	
207	700	
205	701	
205	702	
205	703	
207	704	
207	705	
207	706	
207	707	
207	708	
207	709	
203	710	
203	711	
203	712	
125	742	
125	743	
221	1069	
