402	83	
471	498	
471	500	
471	501	
473	502	
473	503	
471	504	
471	505	
471	506	
471	507	
472	508	
472	509	
471	510	
472	510	
472	511	
471	512	
471	513	
471	514	
475	515	
475	516	
473	517	
474	517	
473	518	
474	519	
475	519	
476	520	
475	521	
475	522	
475	523	
475	524	
476	525	
479	526	
476	527	
476	528	
476	529	
478	530	
479	531	
475	532	
476	533	
476	534	
476	535	
475	536	
475	537	
475	538	
475	539	
476	540	
476	541	
475	542	
475	543	
475	544	
476	545	
476	546	
479	547	
477	548	
477	549	
476	550	
479	553	
479	554	
479	555	
481	556	
482	557	
482	558	
480	559	
479	560	
479	561	
480	562	
481	563	
481	564	
480	565	
480	566	
480	567	
481	568	
481	569	
481	570	
482	571	
482	572	
482	573	
482	574	
481	575	
481	576	
481	577	
483	578	
481	579	
481	580	
481	581	
481	582	
483	583	
485	584	
483	585	
483	586	
481	587	
481	588	
481	589	
483	590	
483	591	
486	592	
485	593	
485	594	
483	595	
483	596	
481	597	
485	597	
481	598	
481	599	
481	600	
481	601	
483	602	
481	603	
481	604	
481	605	
481	606	
482	606	
481	607	
481	608	
481	609	
481	610	
481	611	
485	612	
481	613	
483	614	
481	615	
481	617	
481	618	
482	618	
479	628	
479	629	
479	630	
479	631	
481	632	
481	633	
479	634	
479	635	
479	636	
479	637	
479	638	
479	639	
479	640	
479	641	
479	642	
479	643	
481	644	
479	645	
479	646	
479	647	
481	648	
481	649	
481	650	
481	651	
479	652	
481	652	
479	653	
479	654	
479	655	
479	656	
481	657	
477	658	
477	659	
477	660	
477	661	
477	664	
477	665	
477	666	
477	667	
477	668	
477	669	
477	670	
477	671	
477	672	
477	673	
477	674	
477	675	
477	676	
478	677	
478	678	
478	679	
477	680	
478	680	
478	681	
479	682	
477	683	
477	684	
477	685	
479	686	
479	687	
477	688	
477	689	
481	690	
479	691	
479	692	
479	693	
479	694	
479	695	
479	696	
480	697	
479	698	
479	699	
479	700	
479	701	
479	702	
479	703	
480	703	
480	704	
479	705	
479	706	
479	707	
479	708	
480	709	
481	710	
479	711	
479	712	
479	713	
479	714	
479	715	
479	716	
483	717	
483	718	
481	719	
481	720	
481	721	
482	722	
481	723	
481	724	
481	725	
481	726	
481	727	
481	728	
481	729	
481	730	
485	731	
483	732	
483	733	
483	734	
483	735	
483	736	
483	737	
483	738	
483	739	
483	740	
484	741	
484	742	
484	743	
489	744	
485	745	
484	746	
485	747	
485	748	
485	749	
485	750	
485	751	
485	752	
485	753	
486	754	
485	755	
485	756	
485	757	
485	758	
485	759	
485	760	
486	761	
486	762	
486	763	
486	764	
486	765	
486	766	
486	767	
485	768	
484	769	
484	770	
484	771	
484	772	
483	773	
483	774	
484	775	
484	776	
483	777	
487	778	
485	779	
485	780	
485	781	
485	782	
485	783	
486	784	
485	785	
484	786	
485	787	
485	788	
486	788	
485	789	
487	790	
483	791	
483	792	
483	793	
483	794	
483	795	
483	796	
483	797	
487	798	
487	799	
485	800	
485	801	
485	802	
483	803	
483	804	
482	805	
481	806	
485	807	
485	808	
485	809	
481	810	
481	811	
481	812	
485	813	
485	814	
481	815	
481	816	
481	817	
481	818	
481	819	
481	820	
481	821	
481	822	
481	823	
481	824	
481	825	
481	826	
481	827	
485	828	
481	829	
481	830	
481	831	
481	832	
481	833	
481	834	
483	835	
483	836	
481	837	
481	838	
483	839	
483	840	
483	841	
481	842	
481	843	
481	844	
481	845	
480	846	
481	846	
480	847	
479	849	
479	850	
479	851	
479	852	
481	853	
481	854	
479	855	
479	856	
479	857	
483	858	
483	859	
483	860	
479	861	
479	862	
479	863	
481	864	
479	865	
479	866	
479	867	
479	868	
479	869	
479	870	
479	871	
479	872	
479	873	
479	874	
479	875	
481	876	
483	877	
479	880	
479	881	
479	882	
479	883	
479	884	
477	885	
477	886	
477	889	
477	890	
477	891	
477	892	
477	893	
477	896	
481	897	
477	898	
477	899	
477	900	
477	901	
477	902	
477	903	
497	1066	
497	1067	
497	1068	
499	1070	
499	1071	
501	1084	
503	1084	
501	1085	
499	1086	
499	1087	
