408	75	
464	402	
464	403	
464	404	
464	405	
464	406	
464	407	
464	408	
464	409	
475	499	
475	500	
474	501	
474	502	
474	503	
475	504	
477	505	
477	506	
476	507	
477	507	
476	508	
477	508	
475	509	
475	510	
475	511	
476	512	
475	513	
477	514	
477	515	
477	516	
477	517	
478	517	
477	518	
476	519	
476	520	
477	521	
479	527	
480	527	
479	528	
480	529	
480	530	
480	531	
480	532	
480	533	
480	534	
484	535	
484	536	
483	537	
482	538	
482	539	
482	540	
483	541	
482	542	
482	543	
481	544	
481	545	
482	545	
482	546	
481	547	
480	548	
480	549	
480	550	
483	551	
481	552	
481	553	
481	554	
481	555	
481	556	
481	557	
482	558	
483	559	
486	566	
485	572	
485	587	
485	588	
485	589	
485	590	
485	591	
487	592	
485	593	
485	594	
485	595	
485	596	
487	597	
486	599	
485	600	
487	601	
487	602	
487	603	
485	604	
485	605	
485	606	
487	608	
487	612	
487	613	
487	614	
487	615	
487	616	
483	618	
485	620	
483	622	
483	623	
483	624	
483	625	
481	652	
481	653	
483	654	
483	655	
483	656	
483	657	
483	658	
481	659	
481	660	
481	661	
482	662	
481	663	
481	664	
483	665	
483	666	
483	667	
481	668	
481	669	
481	670	
481	671	
482	672	
481	673	
481	674	
482	675	
481	676	
482	677	
482	678	
482	679	
482	680	
482	681	
482	682	
482	683	
481	684	
481	685	
484	686	
483	687	
483	688	
483	689	
483	690	
482	691	
482	692	
485	692	
482	693	
482	694	
483	695	
483	696	
483	697	
483	698	
483	699	
483	700	
484	701	
484	702	
486	703	
484	704	
484	705	
486	706	
487	707	
487	708	
485	709	
485	710	
486	711	
486	712	
485	713	
485	714	
485	715	
486	716	
487	717	
487	718	
486	719	
486	720	
486	721	
486	722	
486	723	
485	724	
486	725	
486	726	
486	727	
488	728	
488	729	
488	730	
488	731	
487	732	
487	733	
487	734	
487	735	
487	736	
487	737	
487	738	
490	739	
492	740	
493	740	
490	741	
489	742	
489	743	
489	744	
489	745	
489	746	
489	747	
489	748	
493	749	
493	750	
490	751	
490	752	
489	753	
494	754	
489	755	
490	756	
490	757	
491	757	
491	758	
491	759	
491	760	
491	761	
491	762	
491	763	
491	764	
491	765	
489	766	
490	766	
489	767	
489	768	
489	769	
489	770	
489	771	
489	772	
489	773	
489	774	
491	774	
490	775	
490	776	
490	777	
490	778	
490	779	
491	780	
490	781	
489	782	
490	783	
490	784	
492	785	
492	786	
490	787	
489	788	
489	789	
489	790	
490	790	
490	791	
489	792	
489	793	
489	794	
491	795	
487	796	
487	797	
487	798	
487	799	
489	800	
489	801	
489	802	
488	803	
488	804	
487	805	
485	806	
485	807	
485	808	
486	809	
487	810	
487	811	
487	812	
489	813	
489	814	
485	815	
485	816	
487	817	
487	818	
487	819	
485	820	
485	821	
485	822	
485	823	
485	824	
485	825	
485	826	
485	827	
485	828	
487	829	
487	830	
487	831	
487	832	
485	833	
485	834	
485	835	
485	837	
483	838	
483	839	
483	840	
485	841	
485	842	
483	843	
483	844	
483	845	
483	847	
483	848	
483	849	
483	850	
485	851	
483	852	
485	853	
485	854	
485	855	
483	856	
483	857	
483	858	
483	859	
483	860	
483	861	
483	862	
483	863	
483	864	
483	865	
483	866	
483	867	
487	868	
485	869	
485	870	
483	871	
483	873	
485	874	
485	875	
485	876	
485	877	
485	878	
483	879	
483	880	
483	881	
483	883	
483	884	
481	885	
481	886	
483	894	
504	1063	
503	1066	
503	1067	
507	1070	
507	1071	
503	1074	
507	1077	
505	1078	
505	1079	
505	1088	
507	1090	
