466	403	
466	404	
466	405	
465	406	
466	407	
466	408	
466	409	
466	410	
466	411	
466	412	
466	413	
466	414	
465	415	
466	416	
477	501	
476	502	
476	503	
476	504	
476	505	
476	506	
476	507	
476	508	
476	509	
477	509	
477	510	
476	511	
476	512	
477	513	
477	514	
477	515	
477	516	
477	517	
477	518	
477	519	
479	520	
479	521	
478	523	
478	524	
479	525	
482	529	
482	530	
482	531	
481	532	
481	533	
481	534	
482	535	
482	536	
482	537	
482	538	
482	539	
483	539	
482	540	
482	541	
485	542	
485	543	
482	544	
482	545	
482	546	
482	547	
482	548	
482	549	
482	550	
482	551	
482	552	
481	553	
481	554	
481	555	
485	556	
485	557	
485	558	
485	559	
483	560	
483	561	
487	582	
485	583	
485	584	
486	585	
486	586	
486	587	
486	588	
487	589	
487	590	
485	591	
485	592	
487	592	
485	593	
485	594	
485	595	
485	596	
485	597	
485	598	
485	599	
485	604	
485	605	
485	606	
485	607	
485	608	
483	612	
483	613	
483	614	
481	615	
481	616	
481	617	
481	618	
481	619	
481	620	
481	621	
481	622	
481	623	
481	624	
483	625	
483	626	
481	645	
481	646	
481	647	
483	648	
483	649	
485	650	
483	651	
483	652	
483	653	
483	654	
483	657	
482	658	
483	658	
485	659	
485	660	
485	661	
483	662	
483	663	
483	664	
483	665	
483	666	
483	667	
483	668	
483	669	
487	670	
486	671	
484	672	
483	673	
483	674	
483	675	
483	676	
484	677	
483	678	
483	679	
484	679	
484	680	
483	681	
483	682	
483	683	
483	684	
483	685	
484	686	
483	687	
484	688	
483	689	
483	690	
484	691	
484	692	
486	693	
486	694	
486	695	
486	696	
485	697	
485	698	
485	699	
485	700	
485	701	
485	702	
485	703	
486	704	
486	705	
485	706	
485	707	
486	707	
486	708	
486	709	
486	710	
489	711	
488	712	
487	713	
486	714	
486	715	
486	716	
487	717	
487	718	
487	719	
487	720	
487	721	
487	722	
488	723	
488	724	
487	725	
488	726	
488	727	
491	728	
490	729	
490	730	
490	731	
490	732	
490	733	
489	734	
489	735	
489	736	
493	737	
494	738	
493	739	
490	740	
491	741	
491	742	
491	743	
491	744	
492	744	
492	745	
492	746	
491	747	
491	748	
492	748	
492	749	
491	750	
491	751	
491	752	
492	753	
492	754	
493	755	
493	756	
495	757	
493	758	
493	759	
493	760	
492	761	
492	762	
491	763	
493	764	
492	765	
492	766	
492	767	
492	768	
492	769	
491	770	
491	771	
491	772	
492	773	
492	774	
492	775	
492	776	
492	777	
492	778	
492	779	
492	780	
492	781	
493	781	
492	782	
492	783	
492	784	
491	785	
491	786	
495	787	
492	788	
492	789	
492	790	
492	791	
492	792	
493	793	
489	794	
489	795	
490	796	
491	797	
491	798	
491	799	
493	800	
489	801	
487	802	
489	803	
489	804	
487	805	
487	806	
487	807	
487	808	
487	809	
491	810	
487	811	
487	812	
487	813	
487	814	
487	815	
485	816	
489	817	
489	818	
489	819	
489	820	
485	821	
487	822	
489	823	
489	824	
485	825	
485	826	
487	827	
489	828	
489	829	
487	830	
487	831	
487	832	
485	833	
485	834	
487	835	
487	836	
489	837	
489	838	
483	839	
483	840	
483	841	
483	842	
483	843	
483	844	
485	845	
485	846	
483	847	
483	848	
483	849	
483	850	
483	851	
483	852	
483	853	
483	854	
483	855	
483	856	
483	857	
483	858	
483	859	
483	860	
485	860	
485	861	
483	864	
483	865	
483	866	
487	867	
487	868	
487	869	
487	870	
485	871	
483	872	
483	873	
483	874	
483	875	
483	876	
483	877	
483	878	
483	879	
505	1074	
505	1075	
