422	71	
422	72	
422	73	
420	77	
476	425	
476	428	
476	429	
476	430	
476	431	
476	432	
477	434	
477	435	
476	436	
475	437	
474	438	
474	439	
474	440	
474	441	
491	544	
491	545	
491	546	
493	547	
493	548	
493	549	
495	550	
493	551	
493	552	
494	553	
497	554	
494	555	
494	556	
493	557	
495	558	
494	559	
495	559	
494	560	
494	561	
494	562	
493	563	
493	564	
494	565	
496	566	
495	567	
495	568	
494	569	
495	569	
494	570	
494	571	
494	572	
494	573	
494	574	
496	575	
496	576	
496	577	
493	578	
494	579	
494	580	
496	581	
496	582	
494	583	
494	584	
494	585	
494	586	
494	587	
493	588	
495	589	
495	590	
493	591	
493	592	
494	593	
494	594	
494	595	
494	596	
494	597	
494	598	
494	599	
494	600	
494	601	
494	602	
493	603	
493	604	
494	605	
494	606	
493	607	
493	608	
493	609	
493	610	
493	611	
496	612	
493	613	
493	614	
497	615	
499	616	
495	617	
494	618	
493	619	
493	620	
497	621	
497	622	
493	623	
497	624	
495	625	
495	626	
493	627	
494	627	
493	628	
495	629	
495	630	
493	631	
493	632	
493	633	
491	635	
491	636	
491	637	
491	638	
493	642	
495	646	
493	647	
493	648	
495	651	
497	652	
497	653	
497	655	
497	656	
495	657	
495	658	
495	659	
495	660	
495	661	
497	662	
495	663	
495	664	
495	665	
497	668	
497	669	
497	670	
495	671	
495	672	
495	673	
495	674	
499	675	
498	676	
498	677	
496	678	
496	679	
496	680	
496	681	
496	682	
496	683	
496	684	
496	685	
496	686	
496	687	
496	688	
496	689	
497	690	
498	691	
496	692	
496	693	
496	694	
497	695	
497	696	
497	697	
497	698	
497	699	
497	700	
497	701	
497	702	
497	703	
497	704	
498	705	
497	706	
497	707	
498	708	
499	709	
498	710	
498	711	
498	712	
498	713	
498	714	
501	715	
502	716	
499	717	
499	718	
499	719	
499	720	
499	721	
499	722	
499	723	
499	724	
500	725	
500	726	
501	727	
501	728	
501	729	
501	730	
504	731	
501	732	
501	733	
502	734	
501	735	
505	736	
504	737	
505	738	
503	739	
503	740	
504	741	
504	742	
503	743	
504	744	
504	745	
504	746	
504	747	
504	748	
504	749	
504	750	
505	750	
505	751	
505	752	
505	753	
505	754	
504	755	
505	755	
503	756	
503	757	
503	758	
503	759	
504	760	
505	760	
504	761	
503	762	
508	763	
505	764	
507	764	
505	765	
504	766	
505	767	
505	768	
507	769	
507	770	
507	771	
508	771	
505	772	
505	773	
505	774	
504	775	
504	776	
504	777	
503	778	
503	779	
505	780	
505	781	
506	782	
507	783	
506	784	
505	785	
506	785	
505	786	
504	787	
505	787	
507	788	
507	789	
507	790	
504	791	
505	792	
507	793	
503	794	
507	794	
502	795	
501	796	
501	797	
501	798	
501	799	
503	800	
505	801	
505	802	
499	803	
499	804	
499	805	
497	809	
497	810	
493	813	
493	814	
495	815	
495	816	
495	817	
495	818	
495	819	
495	820	
