134	47	
134	56	
209	477	
209	478	
209	479	
207	480	
209	481	
211	482	
209	483	
209	484	
210	485	
210	486	
210	487	
210	488	
211	489	
211	490	
210	491	
210	492	
210	493	
210	494	
210	495	
210	496	
210	497	
210	498	
210	499	
209	500	
209	501	
211	502	
211	503	
212	504	
211	505	
211	506	
211	507	
212	508	
213	509	
213	510	
213	511	
212	512	
212	513	
211	514	
212	514	
212	515	
211	516	
214	517	
211	518	
213	519	
214	519	
213	520	
214	521	
214	522	
215	523	
215	524	
214	525	
214	526	
215	527	
215	528	
213	529	
213	530	
216	531	
217	531	
217	532	
217	533	
217	534	
217	535	
217	536	
217	537	
216	538	
217	538	
217	539	
216	540	
216	541	
217	541	
217	542	
217	543	
217	544	
218	545	
218	546	
218	547	
218	548	
218	549	
218	550	
220	551	
220	552	
220	553	
220	554	
219	555	
219	556	
219	557	
220	558	
220	559	
221	560	
221	561	
221	562	
221	563	
221	564	
219	565	
219	566	
219	567	
218	568	
219	568	
218	569	
217	570	
219	570	
217	571	
219	571	
218	572	
218	573	
217	574	
215	575	
215	576	
215	577	
215	578	
217	579	
217	580	
219	581	
219	582	
222	583	
223	584	
224	585	
223	586	
223	587	
222	588	
224	588	
223	589	
222	590	
222	591	
224	591	
223	592	
223	593	
224	594	
225	594	
225	595	
225	596	
225	597	
225	598	
225	599	
225	600	
224	601	
224	602	
227	603	
227	604	
227	605	
227	606	
223	607	
224	608	
224	609	
223	610	
224	611	
224	612	
223	613	
223	614	
223	615	
223	616	
227	617	
227	618	
227	619	
227	620	
223	621	
223	622	
224	623	
225	624	
225	625	
224	626	
223	627	
225	628	
223	629	
224	630	
223	631	
224	632	
225	633	
225	634	
222	635	
222	636	
224	637	
222	638	
225	639	
225	640	
225	641	
225	642	
224	643	
224	644	
222	645	
222	646	
222	647	
222	648	
222	649	
222	650	
223	651	
222	652	
218	653	
219	654	
220	655	
220	656	
219	657	
219	658	
219	659	
220	659	
219	660	
218	661	
218	662	
217	663	
218	664	
218	665	
216	666	
216	667	
216	668	
216	669	
216	670	
215	671	
215	672	
217	673	
217	674	
216	675	
217	676	
215	677	
215	678	
215	679	
215	680	
215	681	
215	682	
214	683	
212	684	
213	684	
212	685	
211	686	
211	687	
211	688	
212	689	
212	690	
212	691	
212	692	
212	693	
212	694	
213	694	
213	695	
210	696	
210	697	
211	698	
211	699	
211	700	
211	701	
211	702	
211	703	
211	704	
211	705	
210	706	
211	706	
210	707	
207	708	
207	709	
125	710	
125	711	
125	712	
207	713	
207	714	
203	716	
201	718	
131	798	
221	1077	
221	1089	
221	1090	
