430	35	
428	65	
426	67	
426	74	
426	75	
426	76	
426	77	
426	78	
426	79	
426	80	
426	81	
426	82	
426	83	
426	87	
499	554	
497	556	
497	557	
498	558	
498	559	
499	560	
498	561	
498	562	
497	563	
497	564	
497	565	
498	566	
498	567	
498	568	
499	568	
498	569	
499	569	
499	570	
496	571	
498	572	
498	573	
498	574	
498	575	
498	576	
498	577	
498	578	
497	579	
497	580	
498	581	
498	582	
497	583	
498	584	
498	585	
498	586	
499	587	
498	588	
498	589	
498	590	
497	591	
497	592	
497	593	
498	594	
498	595	
498	596	
498	597	
498	598	
498	599	
499	600	
499	601	
499	602	
498	603	
498	604	
499	605	
499	606	
497	607	
497	608	
500	609	
499	610	
497	611	
498	612	
498	613	
497	614	
498	615	
500	616	
497	617	
497	618	
497	619	
497	620	
497	621	
497	622	
499	623	
499	624	
499	625	
497	626	
497	627	
497	628	
497	629	
499	630	
495	631	
495	632	
497	633	
497	634	
499	636	
499	637	
499	638	
499	639	
499	640	
497	641	
497	642	
499	643	
499	644	
499	647	
501	648	
501	649	
501	651	
501	652	
499	653	
499	654	
499	655	
499	656	
501	657	
501	658	
499	659	
499	660	
499	661	
499	662	
499	663	
499	664	
499	665	
499	666	
501	667	
499	669	
499	670	
499	671	
503	673	
499	674	
503	675	
503	676	
499	677	
499	678	
501	679	
502	680	
501	681	
501	682	
501	683	
501	684	
500	685	
500	686	
500	687	
502	688	
502	689	
503	690	
503	691	
504	692	
501	693	
501	694	
501	695	
501	696	
502	697	
501	698	
502	699	
502	700	
502	701	
501	702	
502	703	
502	704	
504	705	
504	706	
504	707	
501	708	
502	709	
503	710	
503	711	
503	712	
504	713	
504	714	
504	715	
504	716	
503	717	
503	718	
503	719	
503	720	
503	721	
503	722	
504	723	
504	724	
509	725	
509	726	
509	727	
505	728	
506	729	
507	730	
505	731	
506	732	
506	733	
506	734	
507	735	
507	736	
505	737	
505	738	
507	739	
507	740	
508	741	
507	742	
507	743	
507	744	
511	745	
513	746	
511	747	
510	748	
511	748	
511	749	
508	750	
509	751	
509	752	
508	753	
513	754	
508	755	
509	756	
508	757	
508	758	
511	759	
510	760	
510	761	
510	762	
509	763	
507	764	
510	765	
511	766	
512	767	
511	768	
509	769	
509	770	
511	770	
510	771	
510	772	
509	773	
509	774	
511	775	
511	776	
509	777	
509	778	
509	779	
510	780	
511	780	
511	781	
510	782	
510	783	
510	784	
510	785	
510	786	
509	787	
509	788	
509	789	
507	790	
507	791	
507	792	
509	793	
509	794	
507	795	
507	796	
507	797	
507	798	
509	799	
509	800	
509	801	
509	802	
503	803	
503	804	
503	805	
505	806	
505	807	
505	808	
517	1057	
517	1061	
521	1074	
521	1075	
