430	65	
430	66	
501	560	
499	563	
499	564	
501	565	
501	566	
501	567	
501	568	
500	569	
500	570	
500	571	
500	572	
500	573	
500	574	
502	575	
502	576	
501	577	
503	578	
500	579	
500	580	
501	580	
500	581	
500	582	
500	583	
503	584	
500	585	
500	586	
500	587	
501	588	
501	589	
501	590	
502	590	
501	591	
502	592	
502	593	
502	594	
501	595	
501	596	
501	597	
501	598	
502	599	
503	600	
500	601	
499	602	
499	603	
502	604	
502	605	
503	606	
500	607	
500	608	
501	609	
502	610	
500	611	
499	612	
499	613	
499	614	
501	615	
501	616	
501	617	
503	618	
499	619	
499	620	
499	621	
499	622	
501	626	
499	627	
499	628	
499	629	
499	630	
499	633	
499	634	
499	635	
499	636	
499	637	
501	640	
499	641	
499	642	
501	645	
501	646	
501	647	
505	650	
503	652	
503	653	
505	654	
505	655	
505	656	
505	657	
503	658	
503	659	
503	660	
501	661	
501	662	
501	663	
501	664	
503	665	
503	666	
503	667	
503	668	
505	669	
505	670	
505	671	
505	673	
505	674	
504	675	
503	676	
503	677	
503	678	
504	679	
504	680	
503	681	
503	682	
503	683	
504	684	
504	685	
504	686	
504	687	
502	688	
504	689	
504	690	
504	691	
504	692	
503	693	
503	694	
504	695	
505	696	
506	697	
507	698	
506	699	
505	700	
506	700	
505	701	
505	702	
505	703	
505	704	
506	705	
506	706	
505	707	
505	708	
508	709	
508	710	
508	711	
506	712	
505	713	
505	714	
505	715	
509	716	
509	717	
509	718	
508	719	
505	720	
509	721	
509	722	
509	723	
507	724	
507	725	
507	726	
508	727	
509	728	
507	729	
508	730	
508	731	
509	732	
509	733	
509	734	
509	735	
509	736	
509	737	
509	738	
509	739	
509	740	
513	741	
513	742	
509	743	
509	744	
509	745	
515	746	
511	747	
511	748	
511	749	
511	750	
511	751	
511	752	
511	753	
511	754	
512	755	
512	756	
511	757	
511	758	
511	759	
511	760	
511	761	
511	762	
511	763	
511	764	
513	765	
512	766	
512	767	
512	768	
512	769	
512	770	
512	771	
512	772	
512	773	
512	774	
511	775	
511	776	
511	777	
515	778	
511	779	
511	780	
511	781	
511	782	
511	783	
511	784	
514	785	
515	786	
514	787	
514	788	
513	789	
513	790	
509	791	
509	792	
513	793	
513	794	
513	795	
511	796	
511	797	
511	798	
511	799	
509	800	
509	801	
509	802	
507	803	
507	804	
507	805	
507	806	
503	808	
503	809	
503	810	
517	1038	
517	1039	
521	1056	
521	1057	
