503	572	
505	573	
505	574	
503	575	
503	576	
503	577	
503	578	
503	579	
503	580	
503	581	
503	582	
503	583	
503	584	
503	585	
503	586	
503	587	
505	588	
505	589	
503	590	
503	591	
505	592	
504	593	
503	594	
503	595	
503	596	
503	597	
503	598	
503	599	
505	600	
505	601	
506	602	
504	603	
503	604	
503	605	
503	606	
503	607	
503	608	
505	609	
505	610	
503	611	
503	612	
503	613	
505	614	
505	615	
501	620	
501	621	
501	622	
501	623	
501	624	
501	625	
505	626	
505	627	
503	628	
503	629	
503	630	
503	631	
501	632	
501	637	
501	638	
503	643	
503	644	
507	645	
507	646	
504	648	
505	648	
505	649	
505	650	
505	651	
505	652	
505	653	
505	654	
505	655	
505	656	
507	657	
507	658	
507	659	
507	661	
507	662	
507	663	
505	664	
505	665	
505	666	
507	667	
507	668	
509	672	
507	676	
509	678	
509	679	
509	680	
508	681	
508	682	
508	683	
508	684	
508	685	
509	686	
505	687	
506	688	
509	689	
509	690	
509	691	
507	692	
507	693	
507	694	
508	694	
507	695	
507	696	
508	697	
507	698	
507	699	
507	700	
508	701	
508	702	
507	703	
511	703	
511	704	
511	705	
511	706	
510	707	
510	708	
509	709	
510	709	
510	710	
511	711	
507	712	
509	713	
509	714	
509	715	
509	716	
509	717	
509	718	
509	719	
510	720	
510	721	
510	722	
509	723	
509	724	
509	725	
511	726	
511	727	
511	728	
512	729	
512	730	
512	731	
512	732	
512	733	
512	734	
512	735	
512	736	
512	737	
512	738	
513	739	
513	740	
514	741	
514	742	
513	743	
514	743	
514	744	
514	745	
514	746	
514	747	
514	748	
514	749	
514	750	
514	751	
515	752	
513	753	
513	754	
514	755	
514	756	
518	757	
515	758	
514	759	
514	760	
518	761	
518	762	
516	763	
516	764	
517	765	
517	766	
517	767	
516	768	
515	769	
519	770	
519	771	
518	772	
515	773	
518	773	
514	774	
517	775	
516	776	
515	777	
515	778	
516	779	
516	780	
519	781	
519	782	
517	783	
517	784	
517	785	
517	786	
517	787	
514	788	
517	789	
517	790	
513	791	
514	792	
515	793	
515	794	
517	795	
517	796	
513	797	
512	798	
514	798	
511	799	
511	800	
511	801	
511	802	
513	803	
513	804	
513	805	
529	1058	
529	1059	
525	1060	
525	1061	
525	1062	
529	1063	
527	1067	
527	1068	
527	1069	
527	1070	
525	1088	
527	1092	
