507	584	
507	585	
505	586	
507	589	
507	590	
505	591	
507	591	
507	593	
507	594	
505	595	
505	596	
505	597	
505	598	
507	599	
507	600	
507	601	
506	602	
506	603	
505	604	
505	605	
505	606	
505	607	
505	608	
507	609	
507	610	
503	616	
503	620	
505	624	
507	636	
509	640	
506	641	
507	642	
505	643	
505	645	
505	646	
507	650	
507	653	
507	654	
509	655	
507	656	
509	661	
509	662	
507	663	
507	664	
507	665	
509	669	
511	670	
509	675	
511	676	
509	677	
509	678	
509	679	
509	680	
509	681	
509	682	
510	683	
511	684	
508	685	
508	686	
509	687	
509	688	
508	689	
509	689	
509	690	
509	691	
509	692	
509	693	
510	694	
510	695	
510	696	
510	697	
510	698	
510	699	
510	700	
509	701	
510	701	
509	702	
510	703	
510	704	
510	705	
510	706	
511	707	
510	708	
511	708	
511	709	
511	710	
511	711	
511	712	
510	713	
510	714	
511	715	
511	716	
511	717	
515	718	
511	719	
511	720	
512	721	
513	722	
511	723	
511	724	
514	725	
513	726	
514	726	
513	727	
513	728	
514	729	
515	730	
513	731	
513	732	
514	732	
514	733	
514	734	
514	735	
515	736	
514	737	
514	738	
514	739	
515	740	
515	741	
519	742	
519	743	
515	744	
515	745	
515	746	
516	747	
516	748	
516	749	
521	750	
517	751	
517	752	
516	753	
515	754	
515	755	
516	755	
519	756	
519	757	
518	758	
517	759	
517	760	
521	761	
521	762	
521	763	
517	764	
517	765	
517	766	
517	767	
517	768	
517	769	
517	770	
517	771	
517	772	
517	773	
517	774	
519	775	
519	776	
519	777	
519	778	
517	779	
517	780	
517	781	
521	782	
517	783	
519	784	
519	785	
515	786	
519	787	
519	788	
519	789	
519	790	
518	791	
515	792	
515	793	
515	794	
517	795	
517	796	
513	797	
513	798	
513	799	
515	800	
515	801	
527	1056	
527	1057	
531	1076	
529	1078	
