436	87	
436	88	
436	89	
507	598	
505	600	
505	635	
505	636	
505	637	
509	641	
507	642	
509	642	
507	643	
507	644	
509	650	
511	652	
511	653	
513	654	
509	658	
511	660	
511	661	
509	662	
511	662	
510	666	
509	667	
509	668	
509	669	
509	670	
513	676	
513	680	
511	681	
511	682	
511	683	
511	684	
510	685	
510	686	
513	687	
514	688	
512	689	
512	690	
511	691	
511	692	
512	693	
512	694	
512	695	
511	696	
511	697	
511	698	
511	699	
511	700	
512	701	
512	702	
512	703	
512	704	
512	705	
511	706	
515	707	
515	708	
512	709	
513	709	
513	710	
514	711	
514	712	
512	713	
513	714	
513	715	
514	716	
514	717	
516	718	
516	719	
514	720	
517	721	
517	722	
517	723	
517	724	
513	725	
513	726	
516	727	
517	728	
515	729	
515	730	
516	731	
516	732	
515	733	
515	734	
517	735	
517	736	
519	737	
519	738	
517	739	
517	740	
517	741	
517	742	
519	743	
521	744	
517	745	
517	746	
518	747	
518	748	
518	749	
518	750	
518	751	
521	752	
519	753	
519	754	
519	755	
519	756	
519	757	
520	757	
519	758	
519	759	
519	760	
519	761	
519	762	
519	763	
519	764	
518	765	
523	766	
520	767	
522	768	
520	769	
520	770	
519	771	
522	772	
521	773	
521	774	
519	775	
523	776	
519	777	
521	778	
522	779	
517	780	
518	780	
518	781	
519	782	
519	783	
519	784	
520	785	
520	786	
517	787	
517	788	
517	789	
521	790	
517	791	
517	792	
517	793	
519	794	
519	795	
515	796	
515	797	
519	798	
515	799	
515	800	
517	801	
517	802	
517	803	
529	1061	
