442	34	
442	35	
440	59	
440	63	
438	75	
438	76	
438	77	
438	78	
438	79	
509	632	
509	633	
509	642	
509	643	
509	644	
509	645	
509	646	
509	647	
513	648	
509	649	
509	650	
513	651	
513	652	
513	653	
510	658	
509	659	
509	660	
511	662	
513	664	
511	666	
513	667	
513	668	
511	669	
511	670	
511	671	
511	672	
511	673	
512	680	
511	681	
516	682	
511	683	
511	684	
511	685	
512	686	
512	687	
512	688	
512	689	
512	690	
514	691	
515	692	
512	693	
512	694	
513	695	
514	695	
514	696	
514	697	
513	698	
514	698	
514	699	
513	700	
513	701	
514	701	
513	702	
513	703	
513	704	
513	705	
513	706	
514	707	
514	708	
514	709	
513	710	
513	711	
513	712	
513	713	
513	714	
514	715	
516	716	
519	716	
516	717	
514	718	
516	719	
515	720	
516	721	
516	722	
515	723	
515	724	
517	725	
517	726	
516	727	
515	728	
516	729	
517	730	
517	731	
518	732	
517	733	
517	734	
517	735	
519	736	
517	737	
517	738	
519	739	
521	740	
517	741	
517	742	
517	743	
519	743	
519	744	
519	745	
519	746	
521	747	
520	748	
521	748	
520	749	
520	750	
521	751	
522	752	
519	753	
519	754	
519	755	
519	756	
520	757	
522	757	
521	758	
520	759	
520	760	
520	761	
521	762	
519	763	
519	764	
519	765	
520	766	
520	767	
520	768	
524	769	
524	770	
519	771	
519	772	
519	773	
519	774	
520	775	
523	776	
519	777	
519	778	
519	779	
520	780	
522	781	
522	782	
523	783	
520	784	
523	785	
523	786	
523	787	
519	788	
519	789	
519	790	
521	791	
521	792	
519	794	
519	795	
521	796	
518	797	
515	798	
517	800	
