446	81	
446	82	
519	650	
519	656	
517	657	
517	658	
517	659	
517	660	
517	661	
518	662	
519	666	
519	667	
519	669	
519	670	
521	671	
519	672	
519	673	
519	674	
519	675	
521	676	
519	677	
519	678	
519	679	
521	680	
519	683	
519	684	
519	685	
519	686	
519	687	
519	688	
519	689	
523	690	
519	691	
519	692	
520	693	
523	694	
519	695	
519	696	
519	697	
519	698	
519	699	
519	700	
519	701	
519	702	
519	703	
519	704	
521	705	
521	706	
523	707	
520	708	
521	709	
521	710	
520	711	
519	712	
520	712	
522	713	
521	714	
525	714	
521	715	
522	716	
521	717	
521	718	
525	719	
525	720	
521	721	
521	722	
521	723	
521	724	
521	725	
521	726	
521	727	
521	728	
523	729	
523	730	
523	731	
523	732	
523	733	
523	734	
527	735	
527	736	
523	737	
523	738	
523	739	
527	740	
525	741	
525	742	
525	743	
525	744	
525	745	
525	746	
528	747	
529	747	
529	748	
525	749	
525	750	
529	751	
529	752	
529	753	
529	754	
529	755	
525	756	
529	757	
529	758	
529	759	
527	760	
528	760	
529	761	
529	762	
529	763	
529	764	
527	765	
527	766	
527	767	
527	768	
527	769	
527	770	
527	771	
529	772	
529	773	
529	774	
527	775	
527	776	
527	777	
527	778	
525	779	
525	780	
529	781	
529	782	
525	783	
525	784	
525	785	
527	786	
527	787	
527	788	
