450	52	
446	82	
446	83	
517	649	
517	650	
518	650	
517	654	
519	667	
519	668	
519	669	
519	670	
520	673	
519	674	
523	678	
519	680	
521	683	
521	684	
521	685	
519	686	
520	686	
519	687	
519	688	
520	689	
521	690	
520	691	
519	692	
519	693	
519	694	
519	695	
520	696	
521	697	
519	698	
519	699	
519	700	
523	701	
524	702	
523	703	
523	704	
521	705	
521	706	
521	707	
521	708	
521	709	
522	710	
521	711	
521	712	
521	713	
521	714	
521	715	
523	716	
525	717	
521	718	
521	719	
521	720	
521	721	
522	722	
525	723	
525	724	
525	725	
525	726	
523	727	
523	728	
523	729	
523	730	
523	731	
523	733	
523	734	
523	735	
523	736	
523	737	
525	739	
525	740	
525	741	
525	742	
525	743	
525	744	
525	745	
529	746	
527	747	
527	748	
527	749	
527	750	
525	751	
525	752	
527	753	
527	754	
527	755	
529	756	
529	757	
527	758	
529	759	
529	760	
527	761	
527	762	
527	763	
527	764	
527	765	
527	766	
527	767	
527	768	
527	769	
527	770	
527	771	
527	772	
529	773	
529	774	
527	775	
527	776	
527	777	
527	778	
529	779	
529	780	
529	781	
529	782	
525	785	
525	786	
525	787	
525	788	
527	789	
