448	82	
448	83	
448	84	
521	653	
521	654	
521	655	
517	662	
521	664	
521	668	
519	669	
519	670	
519	671	
519	672	
519	676	
520	676	
521	680	
521	681	
521	684	
521	685	
522	686	
523	687	
523	688	
520	689	
519	690	
519	691	
523	692	
523	693	
519	694	
523	695	
523	696	
521	697	
521	698	
521	699	
521	700	
521	701	
521	702	
521	703	
521	704	
521	705	
521	706	
522	707	
523	708	
522	709	
523	709	
521	710	
521	711	
521	712	
525	713	
525	714	
525	715	
525	716	
521	717	
521	718	
521	719	
522	720	
523	721	
523	722	
524	723	
524	724	
525	725	
525	726	
525	727	
523	728	
523	729	
523	730	
523	731	
525	732	
525	733	
525	734	
525	735	
525	736	
525	739	
525	740	
527	741	
527	742	
525	743	
525	744	
525	745	
527	746	
527	747	
527	748	
527	749	
529	750	
527	751	
527	752	
527	753	
531	754	
527	755	
527	756	
529	757	
529	758	
531	759	
531	760	
527	761	
527	762	
527	763	
531	764	
531	765	
529	766	
529	767	
529	768	
529	769	
531	770	
529	771	
529	772	
527	773	
529	773	
527	774	
527	775	
527	776	
527	777	
527	778	
527	779	
527	780	
531	781	
529	782	
528	783	
529	785	
529	786	
