144	9	
142	35	
140	37	
140	38	
140	49	
140	50	
139	51	
140	61	
138	63	
138	64	
138	67	
215	474	
215	475	
215	476	
213	477	
213	478	
213	479	
213	480	
215	481	
215	482	
216	483	
217	484	
216	485	
215	486	
214	487	
214	488	
216	489	
216	490	
216	491	
215	492	
215	493	
215	494	
216	495	
216	496	
216	497	
216	498	
216	499	
216	500	
216	501	
217	502	
217	503	
217	504	
217	505	
218	506	
218	507	
216	508	
219	509	
216	510	
216	511	
218	512	
218	513	
218	514	
216	515	
219	515	
217	516	
217	517	
217	518	
217	519	
217	520	
217	521	
219	522	
219	523	
219	524	
220	525	
221	526	
221	527	
221	528	
221	529	
219	530	
220	531	
221	532	
221	533	
222	534	
220	535	
219	536	
219	537	
219	538	
219	539	
219	540	
219	541	
223	542	
223	543	
221	544	
221	545	
225	546	
225	547	
225	548	
225	549	
225	550	
225	551	
225	552	
225	553	
225	554	
226	555	
226	556	
226	557	
224	558	
224	559	
223	560	
223	561	
225	562	
224	563	
224	564	
223	565	
224	565	
224	566	
224	567	
224	568	
224	569	
224	570	
224	571	
224	572	
225	573	
225	574	
225	575	
225	576	
228	577	
227	578	
227	579	
230	580	
227	581	
229	582	
229	583	
230	584	
230	585	
230	586	
231	587	
231	588	
228	589	
228	590	
231	591	
230	592	
230	593	
230	594	
231	595	
232	595	
230	596	
230	597	
230	598	
229	599	
232	600	
233	600	
230	601	
230	602	
230	603	
230	604	
229	605	
230	605	
229	606	
230	607	
229	608	
230	609	
229	610	
232	611	
232	612	
232	613	
233	614	
230	615	
233	616	
233	617	
231	618	
231	619	
229	620	
229	621	
230	622	
230	623	
229	624	
232	625	
230	626	
230	627	
229	628	
229	629	
230	630	
232	631	
231	632	
231	633	
232	634	
231	635	
231	636	
230	637	
230	638	
229	639	
229	640	
230	641	
230	642	
230	643	
228	644	
228	645	
227	646	
227	647	
225	648	
226	649	
229	650	
229	651	
229	652	
229	653	
229	654	
228	655	
227	656	
227	657	
228	658	
227	659	
227	660	
227	661	
225	662	
225	663	
225	664	
225	665	
225	666	
225	667	
225	668	
225	669	
225	670	
224	671	
223	672	
223	673	
221	674	
223	674	
223	675	
222	676	
222	677	
222	678	
219	679	
219	680	
218	681	
219	682	
218	683	
218	684	
218	685	
217	686	
217	687	
220	687	
216	688	
219	689	
219	690	
218	691	
217	692	
215	693	
215	694	
215	695	
217	695	
217	696	
216	697	
216	698	
216	699	
216	700	
216	701	
215	702	
216	702	
215	703	
216	704	
215	705	
214	706	
215	706	
214	707	
215	708	
215	709	
214	710	
214	711	
214	712	
215	713	
211	714	
211	715	
213	716	
213	717	
213	718	
213	719	
213	720	
211	721	
213	721	
211	723	
211	724	
225	1063	
227	1079	
227	1080	
229	1122	
