142	43	
142	44	
142	45	
142	57	
217	473	
217	474	
217	475	
217	476	
217	477	
217	478	
218	479	
218	480	
215	481	
215	482	
215	483	
218	484	
218	485	
218	486	
218	487	
219	488	
218	489	
218	490	
218	491	
218	492	
218	493	
218	494	
218	495	
217	496	
217	497	
217	498	
217	499	
217	500	
217	501	
219	502	
219	503	
219	504	
220	505	
220	506	
220	507	
220	508	
220	509	
220	510	
218	511	
220	511	
221	512	
221	513	
220	514	
220	515	
220	516	
219	517	
221	518	
221	519	
221	520	
221	521	
220	522	
219	523	
223	524	
223	525	
221	526	
222	526	
221	527	
221	528	
221	529	
221	530	
221	531	
224	532	
224	533	
222	534	
221	535	
222	535	
221	536	
221	537	
221	538	
225	539	
225	540	
225	541	
225	542	
225	543	
227	544	
227	545	
227	546	
227	547	
225	548	
225	549	
229	550	
225	551	
225	552	
225	553	
225	554	
225	555	
225	556	
225	557	
228	558	
229	559	
228	560	
228	561	
226	562	
226	563	
226	564	
226	565	
226	566	
226	567	
227	568	
227	569	
226	570	
226	571	
226	572	
227	572	
225	573	
229	574	
231	575	
231	576	
231	577	
231	578	
232	579	
232	580	
230	581	
232	581	
233	582	
229	583	
230	584	
230	585	
231	586	
231	587	
231	588	
234	589	
232	590	
232	591	
232	592	
231	593	
234	594	
234	595	
234	596	
233	597	
233	598	
234	599	
234	600	
234	601	
235	602	
235	603	
234	604	
234	605	
234	606	
234	607	
234	608	
235	609	
235	610	
235	611	
231	612	
235	612	
234	613	
234	614	
234	615	
235	616	
234	617	
235	618	
235	619	
234	620	
235	621	
234	622	
232	623	
231	624	
232	625	
232	626	
234	627	
233	628	
233	629	
234	629	
233	630	
233	631	
231	632	
231	633	
234	633	
234	634	
234	635	
232	636	
232	637	
231	638	
232	639	
231	640	
232	641	
232	642	
231	643	
232	643	
231	644	
232	645	
232	646	
232	647	
232	648	
231	649	
231	650	
230	651	
231	651	
230	652	
230	653	
231	653	
231	654	
231	655	
227	656	
231	657	
227	658	
227	659	
227	660	
227	661	
226	662	
225	663	
226	664	
228	665	
228	666	
227	667	
227	668	
227	669	
226	670	
227	670	
225	671	
223	672	
224	672	
224	673	
224	674	
224	675	
224	676	
224	677	
225	678	
225	679	
225	680	
224	681	
223	682	
223	683	
223	684	
223	685	
223	686	
220	687	
221	688	
221	689	
220	690	
220	691	
220	692	
217	693	
217	694	
217	695	
216	696	
217	697	
217	698	
217	699	
217	700	
217	701	
217	702	
216	703	
215	704	
215	705	
215	706	
216	707	
216	708	
217	708	
217	709	
217	710	
217	711	
217	712	
217	713	
217	714	
217	715	
217	716	
217	717	
217	718	
217	719	
217	720	
217	721	
215	722	
215	723	
211	724	
215	725	
211	727	
211	728	
213	729	
213	730	
207	733	
207	734	
207	735	
209	736	
207	737	
207	738	
205	739	
205	740	
205	741	
207	742	
207	743	
207	744	
227	1059	
231	1061	
231	1066	
231	1067	
231	1068	
231	1069	
229	1072	
229	1073	
233	1075	
233	1082	
233	1083	
231	1084	
231	1085	
