148	51	
220	446	
219	447	
219	448	
217	449	
217	450	
219	451	
220	452	
221	453	
219	454	
219	455	
219	456	
217	457	
217	458	
217	459	
217	460	
219	461	
219	462	
219	463	
223	470	
223	471	
223	472	
221	473	
221	474	
223	475	
223	476	
222	477	
221	478	
221	479	
225	480	
225	481	
225	482	
225	483	
225	484	
224	485	
224	486	
224	487	
224	488	
225	489	
224	490	
225	490	
223	491	
225	492	
225	493	
225	494	
225	495	
223	496	
223	497	
224	498	
223	499	
223	500	
223	501	
224	501	
224	502	
226	503	
226	504	
225	505	
224	506	
223	507	
226	508	
226	509	
225	510	
225	511	
226	512	
226	513	
226	514	
225	515	
225	516	
228	517	
225	518	
225	519	
225	520	
229	521	
229	522	
229	523	
229	524	
227	525	
228	526	
228	527	
228	528	
227	529	
228	530	
231	531	
230	532	
230	533	
231	534	
228	535	
227	536	
230	537	
231	538	
231	539	
231	540	
229	541	
229	542	
232	543	
233	544	
233	545	
233	546	
233	547	
233	548	
231	549	
231	550	
232	550	
232	551	
232	552	
232	553	
233	554	
233	555	
235	556	
235	557	
235	558	
233	559	
234	559	
233	560	
235	561	
235	562	
234	563	
234	564	
233	565	
233	566	
233	567	
234	568	
234	569	
233	570	
237	571	
237	572	
237	573	
238	574	
239	575	
239	576	
239	577	
239	578	
239	579	
239	580	
238	581	
238	582	
238	583	
238	584	
238	585	
237	586	
240	587	
240	588	
241	589	
240	590	
240	591	
241	592	
241	593	
241	594	
241	595	
241	596	
240	597	
241	597	
240	598	
241	599	
241	600	
242	601	
239	602	
239	603	
243	604	
239	605	
239	606	
240	607	
240	608	
240	609	
239	610	
239	611	
239	612	
240	613	
240	614	
240	615	
240	616	
240	617	
240	618	
239	619	
239	620	
242	621	
240	622	
241	622	
241	623	
242	623	
240	624	
242	625	
242	626	
241	627	
242	628	
242	629	
241	630	
241	631	
238	632	
241	632	
241	633	
239	634	
239	635	
239	636	
240	637	
240	638	
240	639	
239	640	
240	640	
241	641	
240	642	
241	643	
238	644	
237	645	
237	646	
240	647	
240	648	
237	649	
238	649	
237	650	
237	651	
239	652	
239	653	
239	654	
235	655	
235	656	
237	657	
238	658	
237	659	
237	660	
237	661	
237	662	
237	663	
236	664	
235	665	
231	666	
235	667	
235	668	
232	669	
233	670	
233	671	
229	672	
230	673	
230	674	
230	675	
231	676	
231	677	
229	678	
230	679	
227	680	
229	681	
229	682	
227	683	
225	684	
227	685	
227	686	
227	687	
228	688	
227	689	
224	690	
227	691	
226	692	
224	693	
224	694	
224	695	
224	696	
224	697	
224	698	
224	699	
225	700	
225	701	
225	702	
225	703	
225	704	
224	705	
225	706	
225	707	
225	708	
222	709	
224	710	
224	711	
224	712	
224	713	
224	714	
224	715	
225	716	
225	717	
225	718	
225	719	
225	720	
224	721	
224	722	
223	723	
223	724	
221	725	
221	726	
223	727	
223	728	
223	729	
223	730	
219	731	
219	732	
222	733	
223	733	
223	734	
219	735	
219	736	
221	737	
221	738	
221	739	
219	740	
219	741	
219	742	
221	743	
221	744	
217	745	
217	746	
217	747	
221	748	
221	749	
221	750	
221	751	
221	752	
219	753	
219	754	
219	755	
221	756	
221	757	
219	758	
217	759	
217	760	
217	761	
219	761	
219	762	
219	763	
219	764	
217	765	
221	766	
219	767	
219	768	
219	769	
219	770	
218	771	
219	772	
219	773	
219	774	
219	775	
215	776	
219	777	
219	778	
213	781	
213	782	
217	783	
215	784	
213	788	
213	789	
215	790	
233	1057	
235	1062	
235	1063	
237	1064	
237	1065	
237	1066	
235	1067	
235	1068	
239	1069	
235	1070	
235	1071	
235	1075	
239	1088	
239	1089	
241	1096	
241	1097	
239	1108	
