150	63	
223	431	
223	432	
221	433	
221	434	
225	435	
225	436	
223	437	
223	438	
224	439	
224	440	
224	441	
223	442	
223	443	
224	444	
225	445	
225	446	
224	447	
224	448	
224	449	
224	450	
224	451	
224	452	
224	453	
224	454	
224	455	
221	456	
222	456	
224	457	
224	458	
225	459	
225	460	
221	461	
221	462	
223	463	
223	464	
221	465	
221	466	
221	467	
219	468	
221	469	
221	470	
227	471	
227	472	
225	473	
225	474	
227	475	
227	476	
227	477	
226	478	
226	479	
227	480	
228	481	
228	482	
225	483	
225	484	
229	485	
229	486	
229	487	
229	488	
227	489	
227	490	
228	491	
227	492	
227	493	
227	494	
227	495	
227	496	
227	497	
228	497	
229	498	
229	499	
227	500	
229	501	
229	502	
229	503	
229	504	
229	505	
230	506	
230	507	
227	508	
227	509	
227	510	
227	511	
227	512	
230	513	
229	514	
231	515	
231	516	
231	517	
231	518	
229	519	
229	520	
230	521	
233	522	
233	523	
232	524	
232	525	
232	526	
232	527	
231	528	
231	529	
231	530	
231	531	
231	532	
233	533	
231	534	
231	535	
231	536	
231	537	
234	538	
234	539	
234	540	
235	541	
235	542	
235	543	
233	544	
233	545	
234	545	
234	546	
233	547	
235	548	
235	549	
236	550	
235	551	
236	552	
237	553	
235	554	
236	555	
237	556	
237	557	
235	558	
236	559	
236	560	
236	561	
236	562	
236	563	
237	563	
236	564	
237	565	
236	566	
236	567	
236	568	
241	569	
240	570	
240	571	
240	572	
240	573	
240	574	
240	575	
240	576	
242	577	
243	578	
240	579	
239	580	
239	581	
242	582	
242	583	
242	584	
242	585	
242	586	
242	587	
242	588	
243	589	
245	590	
245	591	
244	592	
242	593	
244	593	
244	594	
244	595	
244	596	
243	597	
243	598	
245	599	
245	600	
245	601	
244	602	
244	603	
245	604	
245	605	
245	606	
245	607	
245	608	
245	609	
244	610	
244	611	
244	612	
244	613	
244	614	
244	615	
244	616	
245	617	
246	618	
245	619	
244	620	
244	621	
244	622	
245	623	
244	624	
246	624	
243	625	
244	626	
244	627	
244	628	
243	629	
244	630	
243	631	
243	632	
243	633	
244	633	
243	634	
244	634	
244	635	
244	636	
243	637	
244	637	
242	638	
242	639	
243	640	
243	641	
244	642	
243	643	
242	644	
241	645	
242	646	
242	647	
242	648	
242	649	
242	650	
243	651	
243	652	
240	653	
240	654	
239	655	
239	656	
242	657	
242	658	
241	659	
241	660	
241	661	
240	662	
241	663	
241	664	
236	665	
235	666	
238	667	
236	668	
237	668	
236	669	
235	670	
235	671	
235	672	
235	673	
231	674	
231	675	
235	676	
234	677	
233	678	
233	679	
233	680	
229	681	
230	682	
230	683	
229	684	
232	685	
231	686	
231	687	
231	688	
231	689	
228	690	
229	691	
228	692	
228	693	
228	694	
228	695	
228	696	
228	697	
229	698	
229	699	
229	700	
229	701	
226	702	
229	702	
229	703	
229	704	
229	705	
229	706	
228	707	
228	708	
228	709	
227	710	
226	711	
226	712	
226	713	
226	714	
225	715	
225	716	
229	716	
229	717	
228	718	
228	719	
229	719	
229	720	
228	721	
228	722	
228	723	
225	724	
225	725	
225	726	
225	727	
225	728	
225	729	
226	730	
227	731	
227	732	
227	733	
227	734	
223	735	
225	736	
227	737	
223	738	
223	739	
223	740	
223	741	
223	742	
223	743	
223	744	
223	745	
227	746	
225	747	
225	748	
225	749	
225	750	
224	751	
223	752	
223	753	
225	754	
225	755	
225	756	
223	757	
223	758	
225	759	
225	760	
226	760	
221	761	
221	762	
221	763	
222	763	
225	764	
225	765	
225	766	
225	767	
221	768	
221	769	
225	770	
221	771	
221	772	
222	773	
223	774	
225	775	
225	776	
225	777	
221	778	
225	779	
225	780	
225	781	
221	782	
221	783	
221	784	
221	785	
221	786	
225	787	
223	788	
223	789	
221	790	
223	791	
222	792	
222	793	
221	794	
221	795	
221	796	
220	797	
219	798	
223	799	
223	800	
223	801	
223	802	
221	803	
221	804	
219	805	
223	806	
223	807	
223	808	
221	809	
221	810	
221	811	
221	812	
221	813	
222	813	
223	814	
221	815	
219	816	
221	817	
223	817	
223	818	
223	819	
223	820	
223	821	
221	822	
221	823	
221	824	
223	825	
223	826	
219	827	
219	828	
221	829	
223	830	
223	831	
223	832	
222	833	
223	834	
223	835	
223	836	
221	837	
221	838	
221	839	
221	841	
222	841	
222	842	
223	842	
219	843	
219	844	
239	1057	
239	1058	
237	1061	
241	1062	
241	1063	
237	1065	
243	1084	
243	1085	
241	1106	
