154	49	
154	50	
154	51	
154	52	
154	53	
154	54	
152	65	
152	66	
152	67	
152	68	
152	69	
227	425	
227	426	
227	427	
225	428	
227	429	
227	430	
226	431	
227	431	
229	432	
229	433	
229	434	
229	435	
229	436	
228	437	
228	438	
228	439	
227	440	
228	440	
229	441	
229	442	
229	443	
226	444	
229	444	
229	445	
229	446	
229	447	
229	448	
228	449	
229	450	
229	451	
229	452	
226	453	
226	454	
228	455	
228	456	
228	457	
228	458	
229	458	
228	459	
228	460	
227	461	
226	462	
226	463	
226	464	
226	465	
226	466	
228	467	
225	468	
225	469	
226	469	
227	470	
227	471	
227	472	
228	473	
229	473	
230	474	
227	475	
227	476	
229	476	
230	477	
231	478	
230	479	
231	479	
230	480	
229	481	
229	482	
231	483	
232	483	
231	484	
231	485	
230	486	
230	487	
230	488	
231	488	
231	489	
232	490	
233	491	
232	492	
231	493	
231	494	
231	495	
231	496	
230	497	
230	498	
232	499	
232	500	
232	501	
232	502	
233	503	
232	504	
231	505	
232	506	
231	507	
231	508	
232	509	
231	510	
231	511	
232	512	
234	513	
234	514	
234	515	
231	516	
231	517	
232	518	
233	519	
236	520	
235	521	
234	522	
235	523	
235	524	
235	525	
235	526	
235	527	
235	528	
235	529	
235	530	
233	531	
233	532	
233	533	
236	534	
236	535	
237	536	
237	537	
238	538	
237	539	
237	540	
238	541	
239	542	
239	543	
240	544	
240	545	
239	546	
237	547	
237	548	
237	549	
238	550	
240	551	
240	552	
240	553	
240	554	
240	555	
240	556	
240	557	
240	558	
239	559	
240	560	
239	561	
240	562	
241	562	
238	563	
238	564	
238	565	
238	566	
240	567	
241	568	
243	569	
245	570	
245	571	
245	572	
245	573	
245	574	
244	575	
244	576	
245	577	
245	578	
245	579	
245	580	
245	581	
245	582	
246	583	
245	584	
245	585	
245	586	
244	587	
244	588	
247	589	
247	590	
246	591	
246	592	
246	593	
246	594	
247	595	
247	596	
247	597	
247	598	
246	599	
245	600	
246	601	
247	602	
248	603	
248	604	
249	605	
249	606	
247	607	
247	608	
247	609	
247	610	
248	610	
248	611	
248	612	
247	613	
248	613	
247	614	
247	615	
248	616	
248	617	
249	618	
249	619	
249	620	
248	621	
249	622	
249	623	
249	624	
249	625	
249	626	
247	627	
247	628	
248	629	
246	630	
249	630	
248	631	
248	632	
248	633	
248	634	
248	635	
246	636	
248	636	
246	637	
245	638	
247	639	
247	640	
245	641	
246	642	
247	643	
246	644	
245	645	
246	646	
246	647	
246	648	
243	649	
244	650	
244	651	
244	652	
246	653	
245	654	
245	655	
244	656	
245	657	
245	658	
245	659	
244	660	
242	661	
244	662	
243	663	
243	664	
241	665	
241	666	
239	667	
237	668	
237	669	
237	670	
237	671	
239	672	
239	673	
239	674	
239	675	
235	676	
237	677	
237	678	
237	679	
236	680	
236	681	
235	682	
236	683	
235	684	
231	685	
231	686	
231	687	
234	688	
234	689	
233	690	
233	691	
233	692	
233	693	
233	694	
233	695	
233	696	
232	697	
233	697	
233	698	
233	699	
229	700	
232	701	
232	702	
230	703	
230	704	
232	705	
232	706	
233	707	
232	708	
230	709	
232	710	
231	711	
231	712	
231	713	
230	714	
230	715	
231	716	
232	717	
232	718	
230	719	
231	720	
231	721	
231	722	
230	723	
230	724	
230	725	
230	726	
229	727	
227	728	
231	729	
231	730	
231	731	
230	732	
230	733	
230	734	
231	735	
227	736	
231	737	
231	738	
231	739	
227	740	
227	741	
227	742	
229	743	
229	744	
227	745	
231	746	
227	747	
227	748	
227	749	
231	750	
231	751	
227	752	
229	753	
229	754	
230	755	
230	756	
230	757	
230	758	
230	759	
229	760	
229	761	
228	762	
229	763	
229	764	
229	765	
229	766	
230	767	
229	768	
225	769	
226	770	
229	771	
229	772	
227	773	
227	774	
227	775	
229	776	
225	777	
225	778	
229	779	
229	780	
229	781	
225	782	
229	783	
229	784	
228	785	
227	786	
227	787	
227	788	
229	789	
229	790	
229	791	
227	792	
228	792	
229	792	
229	793	
229	794	
229	795	
229	796	
225	797	
225	798	
225	799	
227	800	
225	801	
225	802	
225	803	
225	804	
225	805	
225	806	
225	807	
229	808	
229	809	
225	810	
227	811	
229	811	
227	812	
227	813	
225	814	
225	815	
227	816	
227	817	
226	818	
225	819	
225	820	
225	821	
225	822	
229	823	
229	824	
227	825	
227	826	
229	827	
229	828	
225	829	
225	830	
225	831	
225	832	
229	833	
229	834	
229	835	
225	836	
225	837	
226	838	
227	839	
227	840	
225	841	
225	842	
225	843	
225	844	
229	845	
227	846	
227	847	
227	848	
226	849	
227	850	
227	851	
227	852	
223	853	
223	854	
223	855	
223	856	
225	856	
223	857	
221	858	
225	859	
225	860	
221	861	
221	862	
221	863	
223	864	
223	865	
223	866	
222	867	
225	869	
225	870	
221	871	
221	872	
225	873	
225	874	
225	875	
225	876	
225	877	
225	878	
223	879	
223	880	
241	1049	
243	1088	
243	1089	
