162	39	
162	55	
160	57	
160	58	
160	59	
160	60	
160	61	
232	415	
235	416	
235	417	
235	418	
233	419	
233	420	
233	421	
237	422	
237	423	
237	424	
237	425	
237	426	
237	427	
237	428	
237	429	
237	430	
236	431	
236	432	
236	433	
236	434	
236	435	
236	436	
236	437	
237	438	
237	439	
237	440	
236	441	
235	442	
235	443	
235	444	
235	445	
235	446	
235	447	
235	448	
236	449	
236	450	
236	451	
236	452	
236	453	
236	454	
236	455	
236	456	
236	457	
236	458	
236	459	
236	460	
233	461	
233	462	
236	462	
235	463	
235	464	
236	464	
235	465	
235	466	
236	466	
235	467	
235	468	
234	469	
234	470	
235	470	
235	471	
236	472	
236	473	
235	474	
235	475	
237	476	
237	477	
235	478	
235	479	
235	480	
237	481	
237	482	
237	483	
237	484	
237	485	
237	486	
238	487	
238	488	
238	489	
238	490	
238	491	
238	492	
237	493	
237	494	
237	495	
238	495	
238	496	
237	497	
238	498	
238	499	
239	500	
240	500	
237	501	
240	501	
237	502	
239	503	
239	504	
237	505	
237	506	
238	506	
237	507	
240	508	
240	509	
239	510	
239	511	
240	512	
241	513	
241	514	
240	515	
241	515	
241	516	
241	517	
240	518	
241	519	
241	520	
241	521	
241	522	
241	523	
241	524	
241	525	
241	526	
241	527	
241	528	
244	529	
241	530	
241	531	
241	532	
241	533	
241	534	
241	535	
243	536	
245	537	
245	538	
245	539	
245	540	
245	541	
244	542	
243	543	
243	544	
243	545	
243	546	
243	547	
244	548	
244	549	
245	550	
246	551	
246	552	
246	553	
246	554	
245	555	
246	556	
246	557	
247	558	
247	559	
247	560	
246	561	
245	562	
245	563	
246	563	
245	564	
245	565	
250	566	
251	567	
251	568	
252	569	
250	570	
250	571	
250	572	
249	573	
253	574	
253	575	
249	576	
253	576	
253	577	
253	578	
249	579	
253	580	
252	581	
252	582	
252	583	
252	584	
251	585	
252	586	
253	586	
252	587	
255	588	
254	589	
252	590	
254	591	
254	592	
254	593	
255	594	
255	595	
253	596	
254	597	
256	598	
253	599	
253	600	
256	601	
256	602	
254	603	
256	603	
255	604	
254	605	
255	606	
255	607	
255	608	
255	609	
256	610	
256	611	
255	612	
256	613	
256	614	
256	615	
256	616	
255	617	
255	618	
254	619	
253	620	
253	621	
254	622	
254	623	
255	624	
255	625	
255	626	
254	627	
255	628	
256	629	
256	630	
255	631	
254	632	
254	633	
253	634	
253	635	
253	636	
253	637	
253	638	
253	639	
254	639	
253	640	
252	641	
254	642	
254	643	
254	644	
254	645	
253	646	
252	647	
252	648	
252	649	
253	650	
253	651	
252	652	
252	653	
251	654	
253	655	
253	656	
252	657	
251	658	
251	659	
252	660	
252	661	
251	662	
251	663	
251	664	
251	665	
247	666	
249	667	
245	668	
249	669	
249	670	
247	671	
247	672	
247	673	
243	674	
244	675	
244	676	
242	677	
244	678	
243	679	
243	680	
240	681	
240	682	
241	683	
241	684	
241	685	
241	686	
241	687	
241	688	
241	689	
240	690	
241	691	
241	692	
241	693	
239	694	
239	695	
239	696	
239	697	
239	698	
239	699	
240	700	
241	701	
241	702	
238	703	
240	704	
240	705	
240	706	
240	707	
239	708	
240	708	
240	709	
241	710	
241	711	
241	712	
237	713	
238	714	
240	715	
240	716	
241	717	
241	718	
241	719	
241	720	
241	721	
241	722	
241	723	
241	724	
241	725	
241	726	
238	727	
241	727	
238	728	
239	729	
241	730	
238	731	
238	732	
240	733	
240	734	
237	735	
238	736	
238	737	
240	738	
239	739	
239	740	
238	741	
239	742	
239	743	
239	744	
239	745	
239	746	
239	747	
239	748	
239	749	
237	750	
237	751	
237	752	
238	753	
239	754	
239	755	
235	756	
235	757	
236	758	
238	759	
239	760	
238	761	
239	761	
238	762	
238	763	
236	764	
238	765	
239	766	
238	767	
238	768	
238	769	
237	770	
238	771	
237	772	
237	773	
237	774	
237	775	
236	776	
237	777	
236	778	
236	779	
235	780	
235	781	
239	782	
236	783	
238	783	
236	784	
237	785	
237	786	
238	787	
237	788	
237	789	
237	790	
237	791	
238	792	
239	792	
238	793	
238	794	
239	795	
239	796	
239	797	
236	798	
235	799	
235	800	
235	801	
235	802	
235	803	
234	804	
237	805	
237	806	
238	806	
237	807	
237	808	
234	809	
237	809	
234	810	
234	811	
236	811	
237	812	
237	813	
236	814	
237	814	
236	815	
237	816	
237	817	
237	818	
236	819	
237	819	
236	820	
237	821	
237	822	
237	823	
237	824	
237	825	
237	826	
236	827	
236	828	
235	829	
239	830	
237	831	
237	832	
238	833	
235	834	
235	835	
239	836	
239	837	
239	838	
239	839	
239	840	
239	841	
239	842	
239	843	
239	844	
237	845	
237	846	
239	847	
239	848	
239	849	
239	850	
239	851	
239	852	
239	853	
235	854	
235	855	
235	856	
238	857	
237	858	
235	859	
235	860	
235	861	
239	862	
238	863	
237	864	
233	865	
233	866	
236	867	
236	868	
235	869	
235	870	
235	871	
235	872	
235	873	
235	874	
231	875	
231	876	
235	877	
235	878	
233	879	
233	880	
233	881	
235	882	
235	883	
235	884	
235	885	
235	886	
235	887	
235	888	
233	889	
235	890	
235	891	
235	892	
235	893	
235	894	
231	895	
231	896	
231	897	
231	898	
231	899	
231	900	
231	901	
231	902	
235	903	
235	904	
233	905	
233	906	
233	907	
231	908	
231	909	
231	910	
233	911	
233	912	
233	913	
233	914	
231	915	
231	916	
251	1047	
251	1071	
251	1072	
251	1073	
251	1074	
253	1102	
