235	413	
235	414	
235	415	
237	416	
235	417	
235	418	
235	419	
235	420	
235	421	
235	422	
235	423	
236	423	
237	424	
237	425	
238	426	
239	427	
239	428	
239	429	
239	430	
239	431	
239	432	
239	433	
238	434	
239	435	
239	436	
239	437	
238	438	
239	439	
237	440	
237	441	
239	442	
237	443	
237	444	
237	445	
237	446	
238	446	
237	447	
237	448	
237	449	
237	450	
237	451	
238	452	
238	453	
238	454	
238	455	
239	456	
239	457	
238	458	
238	459	
239	459	
238	460	
237	461	
237	462	
237	463	
235	464	
236	464	
235	465	
236	466	
235	467	
235	468	
235	469	
235	470	
236	471	
235	472	
236	473	
237	473	
237	474	
237	475	
238	476	
237	477	
237	478	
237	479	
237	480	
237	481	
239	482	
239	483	
241	484	
241	485	
237	486	
237	487	
237	488	
240	489	
239	490	
238	491	
238	492	
239	493	
240	493	
241	493	
240	494	
240	495	
240	496	
240	497	
239	498	
240	499	
240	500	
241	501	
241	502	
239	503	
240	504	
240	505	
240	506	
241	506	
241	507	
243	508	
239	509	
239	510	
240	511	
240	512	
241	513	
243	514	
243	515	
242	516	
241	517	
241	518	
241	519	
241	520	
241	521	
241	522	
245	523	
245	524	
245	525	
245	526	
245	527	
245	528	
243	529	
244	529	
247	530	
243	531	
243	532	
243	533	
244	534	
244	535	
246	536	
246	537	
245	538	
245	539	
246	540	
246	541	
245	542	
246	543	
245	544	
246	544	
245	545	
246	546	
246	547	
247	548	
245	549	
245	550	
245	551	
245	552	
248	553	
245	554	
249	554	
246	555	
245	556	
245	557	
245	558	
245	559	
246	560	
245	561	
245	562	
247	563	
247	564	
251	565	
252	566	
249	567	
250	568	
252	569	
252	570	
252	571	
251	572	
251	573	
253	573	
253	574	
252	575	
251	576	
251	577	
254	578	
254	579	
253	580	
254	581	
254	582	
255	582	
254	583	
255	584	
253	585	
255	586	
255	587	
255	588	
255	589	
255	590	
254	591	
255	592	
256	593	
257	594	
255	595	
255	596	
255	597	
256	598	
254	599	
255	600	
254	601	
255	601	
256	602	
256	603	
255	604	
256	605	
256	606	
257	607	
257	608	
257	609	
257	610	
256	611	
256	612	
257	613	
257	614	
257	615	
256	616	
256	617	
256	618	
255	619	
255	620	
256	621	
256	622	
256	623	
256	624	
255	625	
256	626	
256	627	
256	628	
257	629	
256	630	
256	631	
257	632	
257	633	
257	634	
255	635	
255	636	
256	636	
257	637	
257	638	
255	639	
256	640	
254	641	
256	642	
256	643	
254	644	
256	644	
254	645	
254	646	
256	646	
254	647	
254	648	
254	649	
254	650	
254	651	
254	652	
254	653	
254	654	
254	655	
254	656	
254	657	
254	658	
252	659	
254	660	
251	661	
251	662	
252	663	
249	664	
251	665	
253	666	
251	667	
249	668	
247	669	
250	670	
246	671	
245	672	
245	673	
245	674	
245	675	
245	676	
244	677	
243	678	
242	679	
241	680	
244	681	
251	682	
243	683	
243	684	
243	685	
243	686	
243	687	
243	688	
240	689	
243	689	
240	690	
242	691	
242	692	
243	692	
243	693	
242	694	
242	695	
241	696	
242	696	
242	697	
243	698	
243	699	
242	700	
242	701	
242	702	
243	702	
242	703	
243	703	
242	704	
239	705	
239	706	
243	707	
243	708	
242	709	
241	710	
241	711	
243	712	
243	713	
239	714	
243	715	
242	716	
242	717	
242	718	
243	719	
243	720	
243	721	
243	722	
242	723	
243	723	
242	724	
242	725	
242	726	
243	727	
239	728	
241	729	
241	730	
242	730	
241	731	
241	732	
241	733	
241	734	
241	735	
241	736	
241	737	
241	738	
241	739	
241	740	
241	741	
242	742	
241	743	
241	744	
241	745	
241	746	
240	747	
241	748	
241	749	
239	750	
238	751	
237	752	
241	753	
241	754	
241	755	
241	756	
241	757	
241	758	
241	759	
241	760	
241	761	
240	762	
240	763	
237	764	
237	765	
237	766	
237	767	
241	767	
241	768	
241	769	
241	770	
241	771	
241	772	
241	773	
240	774	
241	774	
240	775	
240	776	
240	777	
239	778	
239	779	
240	779	
240	780	
240	781	
237	782	
237	783	
237	784	
237	785	
237	786	
239	787	
239	788	
237	789	
241	789	
237	790	
241	791	
237	792	
237	793	
237	794	
237	795	
238	795	
238	796	
237	797	
237	798	
237	799	
240	800	
239	801	
239	802	
238	803	
237	804	
238	805	
239	806	
239	807	
239	808	
240	809	
240	810	
239	811	
238	812	
239	813	
239	814	
239	815	
235	816	
237	817	
237	818	
237	819	
238	820	
238	821	
239	821	
239	822	
239	823	
240	824	
239	825	
239	826	
237	827	
237	828	
240	829	
241	830	
241	831	
241	832	
241	833	
241	834	
241	835	
241	836	
241	837	
241	838	
241	839	
237	840	
237	841	
241	842	
241	843	
241	844	
241	845	
241	846	
241	847	
241	848	
241	849	
241	850	
241	851	
241	852	
241	853	
241	854	
241	855	
241	856	
241	857	
241	858	
239	859	
239	860	
238	861	
239	862	
239	863	
239	864	
237	865	
237	866	
237	867	
239	868	
239	869	
239	870	
237	871	
235	872	
235	873	
235	874	
237	875	
237	876	
235	877	
235	878	
237	879	
237	880	
236	881	
236	882	
236	883	
238	884	
238	885	
238	886	
235	887	
235	888	
235	889	
235	890	
237	891	
237	892	
233	893	
233	894	
239	895	
239	896	
235	897	
235	898	
239	899	
237	900	
237	901	
237	902	
237	903	
237	904	
237	905	
237	906	
233	907	
233	908	
233	909	
235	910	
235	911	
235	912	
233	913	
235	914	
235	915	
235	916	
255	1068	
257	1096	
