177	526	
179	527	
179	528	
179	529	
181	530	
177	531	
177	532	
180	533	
181	534	
179	535	
179	536	
181	537	
181	538	
177	539	
179	540	
179	541	
179	542	
181	543	
181	544	
176	545	
178	546	
178	547	
179	547	
178	548	
178	549	
179	550	
177	551	
178	552	
179	553	
175	554	
175	555	
91	570	
175	592	
173	594	
183	602	
183	603	
181	604	
183	605	
183	606	
183	607	
183	608	
183	609	
183	610	
183	611	
183	612	
183	613	
183	615	
183	616	
183	617	
183	618	
183	619	
185	620	
181	621	
182	622	
182	623	
179	624	
180	624	
183	624	
182	625	
182	626	
182	627	
183	628	
183	629	
183	630	
183	631	
183	632	
182	633	
182	634	
183	634	
182	635	
182	636	
182	637	
180	638	
181	639	
182	640	
182	641	
182	642	
180	643	
179	644	
180	645	
179	646	
180	647	
180	648	
181	649	
178	650	
178	651	
180	652	
180	653	
180	654	
177	655	
178	656	
178	657	
178	658	
180	658	
178	659	
178	660	
179	661	
178	662	
178	663	
178	664	
178	665	
177	666	
177	667	
178	668	
176	669	
180	670	
179	671	
177	672	
177	673	
177	674	
177	675	
179	676	
179	677	
179	678	
179	679	
175	680	
177	681	
175	683	
175	684	
177	685	
177	686	
177	687	
