241	407	
241	408	
243	409	
243	410	
242	411	
243	412	
245	413	
245	414	
245	415	
244	416	
243	417	
243	418	
243	419	
245	420	
245	421	
245	422	
243	423	
243	424	
243	425	
243	426	
245	427	
246	428	
244	429	
243	430	
243	431	
243	432	
244	433	
244	434	
245	434	
245	435	
244	436	
245	436	
245	437	
244	438	
245	439	
245	440	
245	441	
244	442	
245	443	
245	444	
243	445	
245	446	
245	447	
245	448	
245	449	
245	450	
245	451	
245	452	
245	453	
243	454	
243	455	
243	456	
243	457	
244	457	
244	458	
244	459	
244	460	
243	461	
244	461	
243	462	
243	463	
244	464	
244	465	
244	466	
244	467	
244	468	
243	469	
244	470	
245	471	
241	472	
241	473	
241	474	
243	475	
237	476	
244	477	
244	478	
244	479	
244	480	
246	481	
243	482	
243	483	
247	484	
246	485	
246	486	
246	487	
247	488	
247	489	
247	490	
247	491	
243	492	
246	493	
245	494	
246	495	
247	496	
246	497	
246	498	
245	499	
245	500	
246	501	
246	502	
246	503	
245	504	
245	505	
245	506	
245	507	
245	508	
245	509	
246	510	
248	511	
248	512	
248	513	
248	514	
248	515	
247	516	
247	517	
247	518	
247	519	
248	520	
247	521	
248	522	
248	523	
249	524	
249	525	
249	526	
249	527	
249	528	
249	529	
251	530	
251	531	
251	532	
253	533	
253	534	
253	535	
251	536	
251	537	
253	538	
254	539	
253	540	
251	541	
252	541	
254	542	
253	543	
253	544	
253	545	
253	546	
253	547	
253	548	
254	549	
253	550	
253	551	
253	552	
252	553	
253	554	
253	555	
253	556	
251	557	
252	558	
252	559	
252	560	
252	561	
252	562	
251	563	
253	564	
257	565	
259	566	
255	567	
259	567	
255	568	
259	569	
259	570	
256	571	
257	572	
258	573	
258	574	
258	575	
259	575	
260	576	
260	577	
258	578	
258	579	
260	580	
261	581	
261	582	
261	583	
261	584	
259	585	
259	586	
260	586	
260	587	
260	588	
260	589	
259	590	
259	591	
260	592	
262	593	
261	594	
261	595	
262	596	
262	597	
262	598	
263	599	
263	600	
261	601	
262	602	
261	603	
263	604	
263	605	
263	606	
263	607	
262	608	
262	609	
262	610	
263	611	
262	612	
263	613	
262	614	
263	614	
263	615	
263	616	
262	617	
263	618	
261	619	
262	620	
263	621	
263	622	
262	623	
262	624	
262	625	
262	626	
261	627	
262	628	
262	629	
261	630	
261	631	
261	632	
263	632	
262	633	
262	634	
263	635	
263	636	
262	637	
263	638	
261	639	
261	640	
260	641	
261	641	
259	642	
259	643	
261	643	
260	644	
259	645	
259	646	
260	647	
259	648	
260	648	
260	649	
261	649	
259	650	
259	651	
260	652	
259	653	
259	654	
258	655	
257	656	
257	657	
258	658	
259	659	
259	660	
259	661	
259	662	
259	663	
257	664	
255	668	
257	669	
257	670	
257	671	
257	672	
257	673	
255	674	
255	675	
255	676	
255	677	
257	678	
257	679	
257	680	
253	682	
257	684	
257	685	
257	686	
255	687	
253	688	
257	691	
257	692	
257	695	
257	696	
257	697	
253	700	
249	712	
249	713	
253	715	
253	716	
251	720	
251	721	
250	722	
251	723	
251	724	
251	725	
251	726	
251	727	
251	728	
250	729	
249	730	
248	731	
248	732	
247	733	
247	734	
250	735	
250	736	
249	737	
248	738	
249	739	
246	740	
247	741	
248	742	
248	743	
248	744	
247	745	
247	746	
248	747	
249	748	
249	749	
249	750	
249	751	
249	752	
249	753	
248	754	
248	755	
246	756	
245	757	
245	758	
245	759	
245	760	
245	761	
245	762	
245	763	
245	764	
245	765	
245	766	
247	767	
248	767	
247	768	
247	769	
245	770	
245	771	
249	772	
249	773	
247	774	
248	774	
245	775	
246	775	
245	776	
245	777	
245	778	
245	779	
247	780	
247	781	
245	782	
247	782	
247	783	
247	784	
247	785	
247	786	
247	787	
247	788	
246	789	
245	790	
245	791	
245	792	
245	793	
245	794	
246	795	
247	796	
247	797	
247	798	
247	799	
247	800	
247	801	
247	802	
245	803	
245	804	
245	805	
245	806	
247	807	
248	808	
247	809	
247	810	
247	811	
243	812	
245	813	
247	814	
243	815	
243	816	
247	817	
247	818	
247	819	
245	820	
245	821	
245	822	
247	823	
247	824	
246	825	
245	826	
245	827	
249	828	
249	829	
249	830	
249	831	
245	832	
245	833	
245	834	
248	835	
249	836	
249	837	
249	838	
249	839	
248	840	
248	841	
248	842	
248	843	
247	844	
246	845	
245	846	
249	847	
249	848	
249	849	
249	850	
245	851	
245	852	
245	853	
247	854	
247	855	
247	856	
249	857	
249	858	
245	859	
245	860	
249	861	
249	862	
245	863	
245	864	
248	865	
248	866	
248	867	
245	868	
245	869	
245	870	
247	871	
247	872	
245	873	
245	874	
247	875	
247	876	
243	877	
243	878	
243	879	
243	880	
243	881	
247	882	
247	883	
247	884	
247	885	
246	886	
247	886	
243	887	
243	888	
243	889	
243	890	
243	891	
243	892	
247	893	
247	894	
243	895	
243	896	
243	897	
243	898	
243	899	
243	900	
245	901	
245	902	
247	903	
247	904	
243	905	
243	906	
245	907	
245	908	
243	909	
245	909	
243	910	
243	911	
241	912	
241	913	
241	914	
241	915	
245	916	
241	917	
242	917	
245	918	
245	919	
245	920	
261	1065	
263	1069	
263	1070	
