170	51	
241	405	
241	406	
243	407	
243	408	
243	409	
243	410	
246	411	
245	412	
243	413	
243	414	
247	415	
247	416	
246	417	
245	418	
246	418	
245	419	
245	420	
245	421	
245	422	
247	423	
247	424	
247	425	
246	426	
246	427	
246	428	
245	429	
246	429	
245	430	
245	431	
245	432	
245	433	
246	434	
247	435	
247	436	
247	437	
247	438	
245	439	
247	439	
246	440	
245	441	
245	442	
245	443	
245	444	
247	445	
247	446	
247	447	
246	448	
245	449	
245	450	
245	451	
246	452	
246	453	
247	453	
246	454	
246	455	
246	456	
247	456	
247	457	
247	458	
246	459	
247	459	
246	460	
246	461	
246	462	
246	463	
246	464	
244	465	
244	466	
245	467	
245	468	
245	469	
245	470	
245	471	
246	471	
247	472	
247	473	
246	474	
246	475	
246	476	
246	477	
247	477	
247	478	
247	479	
247	480	
246	481	
247	482	
247	483	
247	484	
248	485	
248	486	
248	487	
249	488	
247	489	
246	490	
246	491	
246	492	
248	493	
248	494	
248	495	
248	496	
248	497	
248	498	
248	499	
248	500	
249	501	
247	502	
248	503	
248	504	
247	505	
250	506	
247	507	
247	508	
247	509	
247	510	
248	511	
249	512	
249	513	
249	514	
250	515	
250	516	
248	517	
250	517	
248	518	
249	518	
249	519	
249	520	
249	521	
249	522	
249	523	
251	524	
251	525	
252	526	
252	527	
251	528	
251	529	
251	530	
253	531	
253	532	
253	533	
251	534	
254	535	
254	536	
254	537	
254	538	
255	539	
255	540	
253	541	
254	542	
254	543	
256	544	
256	545	
254	546	
254	547	
254	548	
254	549	
254	550	
255	551	
255	552	
255	553	
254	554	
255	554	
254	555	
254	556	
255	556	
254	557	
254	558	
253	559	
253	560	
253	561	
253	562	
253	563	
253	564	
259	565	
257	566	
257	567	
257	568	
257	569	
260	570	
261	571	
261	572	
259	573	
261	574	
259	575	
259	576	
261	577	
262	578	
262	579	
263	580	
263	581	
263	582	
263	583	
262	584	
261	585	
262	585	
261	586	
263	587	
262	588	
262	589	
262	590	
263	591	
261	592	
261	593	
261	594	
261	595	
263	595	
261	596	
262	596	
263	596	
262	597	
264	598	
265	599	
264	600	
263	601	
263	602	
264	602	
263	603	
263	604	
263	605	
262	606	
263	607	
263	608	
263	609	
264	610	
264	611	
263	612	
264	613	
264	614	
262	615	
262	616	
262	617	
263	618	
265	618	
263	619	
263	620	
263	621	
263	622	
263	623	
263	624	
263	625	
265	626	
265	627	
264	628	
263	629	
263	630	
262	631	
263	631	
264	631	
261	632	
262	632	
262	633	
262	634	
264	635	
264	636	
263	637	
263	638	
263	639	
265	640	
261	641	
265	642	
264	643	
265	644	
262	645	
262	646	
262	647	
262	648	
262	649	
263	650	
262	651	
263	652	
262	653	
262	654	
263	655	
263	656	
262	657	
262	658	
259	659	
261	660	
261	661	
261	662	
261	663	
259	664	
257	665	
257	666	
257	667	
257	668	
257	669	
257	670	
257	671	
257	672	
255	673	
255	674	
255	675	
257	676	
257	677	
259	678	
259	679	
257	681	
258	681	
257	682	
257	683	
259	684	
257	685	
257	686	
259	687	
259	688	
259	689	
255	690	
255	691	
259	692	
259	693	
259	694	
259	698	
259	699	
255	700	
255	701	
255	702	
255	703	
253	710	
253	718	
253	719	
253	720	
251	721	
251	722	
251	723	
251	724	
251	725	
253	726	
253	727	
249	728	
249	729	
249	730	
249	731	
253	732	
253	733	
252	734	
252	735	
251	736	
251	737	
251	738	
249	739	
249	740	
249	741	
249	742	
249	743	
247	744	
250	745	
250	746	
251	747	
251	748	
251	749	
248	750	
249	751	
249	752	
248	753	
247	754	
247	755	
247	756	
247	757	
247	758	
247	759	
247	760	
250	761	
250	762	
250	763	
250	764	
250	765	
249	766	
250	767	
249	768	
249	769	
249	770	
249	771	
249	772	
249	773	
249	774	
249	775	
249	776	
249	777	
249	778	
249	779	
249	780	
246	781	
247	782	
247	783	
246	784	
250	785	
248	786	
249	787	
249	788	
248	789	
249	790	
249	791	
249	792	
249	793	
249	794	
248	795	
247	796	
249	797	
249	798	
249	799	
248	800	
249	800	
249	801	
249	802	
249	803	
249	804	
249	805	
247	806	
247	807	
247	808	
247	809	
249	810	
249	811	
249	812	
249	813	
249	814	
247	815	
247	816	
249	817	
249	818	
249	819	
249	820	
249	821	
248	822	
248	823	
248	824	
248	825	
248	826	
248	827	
249	828	
246	829	
249	830	
249	831	
249	832	
250	833	
250	834	
251	834	
250	835	
250	836	
251	837	
251	838	
251	839	
251	840	
247	841	
248	842	
247	843	
247	844	
250	845	
250	846	
248	847	
250	848	
249	849	
249	850	
250	851	
250	852	
247	853	
247	854	
247	855	
247	856	
250	857	
251	858	
250	859	
249	860	
251	861	
251	862	
247	863	
247	864	
247	865	
247	866	
247	867	
251	868	
251	869	
251	870	
251	871	
247	872	
249	873	
249	874	
249	875	
247	876	
247	877	
249	878	
249	879	
249	880	
245	881	
245	882	
245	883	
245	884	
245	885	
245	886	
246	887	
247	888	
245	889	
245	890	
249	891	
249	892	
245	893	
249	894	
247	895	
247	896	
245	897	
245	898	
245	899	
249	900	
249	901	
249	902	
245	903	
245	904	
245	905	
245	906	
245	907	
245	908	
244	909	
247	910	
245	911	
245	912	
247	913	
247	914	
243	915	
243	916	
247	917	
247	918	
247	919	
247	920	
245	921	
245	922	
259	1013	
261	1015	
263	1065	
261	1077	
261	1078	
265	1109	
265	1110	
