247	401	
247	402	
249	403	
249	404	
247	405	
247	406	
249	407	
249	408	
251	409	
251	410	
250	411	
249	412	
249	413	
249	414	
249	415	
249	416	
249	417	
249	418	
251	419	
251	420	
252	421	
252	422	
252	423	
252	424	
249	425	
250	425	
250	426	
249	427	
253	428	
251	429	
252	430	
252	431	
252	432	
252	433	
252	434	
251	435	
253	436	
252	437	
252	438	
252	439	
252	440	
252	441	
252	442	
253	443	
251	444	
252	445	
251	446	
251	447	
252	448	
252	449	
252	450	
251	451	
252	452	
249	453	
252	453	
249	454	
253	455	
253	456	
251	457	
251	458	
251	459	
250	460	
250	461	
249	462	
249	463	
249	464	
250	464	
249	465	
249	466	
250	467	
249	468	
249	469	
250	470	
250	471	
249	472	
250	472	
250	473	
250	474	
250	475	
249	476	
253	477	
253	478	
249	479	
249	480	
250	481	
253	482	
253	483	
252	484	
252	485	
252	486	
253	487	
252	488	
252	489	
253	490	
253	491	
251	492	
251	493	
251	494	
251	495	
253	496	
252	497	
252	498	
252	499	
251	500	
251	501	
251	502	
252	503	
252	504	
254	505	
253	506	
252	507	
254	508	
254	509	
254	510	
255	511	
255	512	
255	513	
255	514	
253	515	
256	516	
256	517	
256	518	
256	519	
256	520	
257	520	
256	521	
256	522	
256	523	
256	524	
256	525	
256	526	
257	526	
257	527	
257	528	
255	529	
255	530	
255	531	
258	532	
259	533	
257	534	
256	535	
257	535	
259	536	
257	537	
257	538	
257	539	
258	539	
260	540	
261	540	
257	541	
257	542	
257	543	
257	544	
258	545	
259	546	
259	547	
260	548	
260	549	
260	550	
260	551	
258	552	
258	553	
259	554	
259	555	
258	556	
258	557	
259	558	
259	559	
258	560	
258	561	
260	562	
263	563	
263	564	
262	565	
263	565	
261	566	
261	567	
261	568	
263	569	
264	570	
264	571	
264	572	
264	573	
264	574	
263	575	
263	576	
265	577	
263	578	
267	579	
267	580	
267	581	
264	582	
266	583	
267	584	
267	585	
266	586	
266	587	
266	588	
265	589	
268	590	
267	591	
267	592	
267	593	
268	594	
269	594	
268	595	
265	596	
269	596	
265	597	
265	598	
266	599	
269	600	
269	601	
270	602	
268	603	
267	604	
267	605	
267	606	
268	607	
269	608	
267	609	
269	610	
269	611	
268	612	
268	613	
269	614	
270	614	
270	615	
265	616	
269	617	
268	618	
268	619	
269	620	
268	621	
266	622	
268	623	
268	624	
268	625	
270	626	
269	627	
269	628	
268	629	
269	630	
268	631	
269	631	
268	632	
268	633	
269	634	
269	635	
268	636	
268	637	
268	638	
267	639	
268	640	
268	641	
268	642	
268	643	
266	644	
268	645	
268	646	
266	647	
268	647	
266	648	
265	649	
266	649	
267	649	
265	650	
269	651	
268	652	
267	653	
267	654	
267	655	
267	656	
267	657	
267	658	
267	659	
265	660	
263	662	
263	663	
265	664	
265	665	
265	666	
265	667	
263	668	
263	669	
261	670	
265	671	
265	672	
265	673	
261	674	
261	675	
261	676	
265	677	
265	678	
265	679	
261	680	
263	681	
263	682	
265	683	
261	684	
265	685	
263	686	
261	687	
261	688	
265	689	
265	690	
261	691	
261	692	
261	693	
263	694	
261	697	
261	698	
261	699	
261	700	
261	701	
261	702	
265	704	
261	705	
261	706	
263	707	
263	708	
261	709	
261	710	
263	711	
263	712	
263	713	
261	714	
261	715	
259	716	
261	719	
261	720	
259	722	
261	724	
257	725	
257	726	
255	727	
255	728	
258	729	
258	730	
258	731	
257	732	
257	733	
257	734	
257	735	
257	736	
257	737	
257	738	
257	739	
254	740	
257	741	
257	742	
257	743	
257	744	
257	745	
256	746	
257	746	
256	747	
257	748	
257	749	
257	750	
254	751	
254	752	
254	753	
253	754	
254	755	
254	756	
256	757	
256	758	
253	759	
253	760	
253	761	
253	762	
253	763	
254	764	
251	765	
251	766	
251	767	
254	768	
254	769	
255	770	
251	771	
251	772	
251	773	
251	774	
251	775	
251	776	
255	777	
252	778	
252	779	
252	780	
252	781	
251	782	
251	783	
251	784	
251	785	
252	785	
255	786	
254	787	
254	788	
255	789	
255	790	
251	791	
251	792	
252	792	
252	793	
254	793	
254	794	
255	795	
255	796	
255	797	
252	798	
253	799	
252	800	
252	801	
252	802	
255	803	
253	804	
255	804	
253	805	
254	806	
254	807	
254	808	
254	809	
254	810	
254	811	
255	812	
255	813	
255	814	
255	815	
255	816	
255	817	
255	818	
255	819	
254	820	
253	821	
252	822	
252	823	
252	824	
253	824	
253	825	
253	826	
255	827	
255	828	
255	829	
255	830	
255	831	
255	832	
255	833	
256	833	
256	834	
253	835	
253	836	
253	837	
254	838	
254	839	
254	840	
255	841	
256	842	
256	843	
256	844	
254	845	
253	846	
253	847	
253	848	
253	849	
253	850	
253	851	
256	852	
256	853	
253	854	
254	855	
253	856	
256	856	
253	857	
253	858	
253	859	
253	860	
253	861	
253	862	
255	863	
255	864	
255	865	
255	866	
254	867	
254	868	
254	869	
254	870	
253	871	
253	872	
253	873	
253	874	
253	875	
254	876	
254	877	
255	878	
255	879	
255	880	
255	881	
255	882	
251	883	
252	884	
252	885	
251	886	
255	887	
255	888	
255	889	
254	890	
254	891	
252	892	
252	893	
252	894	
253	895	
253	896	
252	897	
252	898	
252	899	
252	900	
251	901	
252	902	
253	903	
253	904	
253	905	
253	906	
253	907	
254	908	
253	909	
253	910	
253	911	
253	912	
253	913	
249	914	
249	915	
249	916	
249	917	
249	918	
249	919	
249	920	
249	921	
251	922	
251	923	
265	1007	
267	1013	
269	1017	
267	1021	
265	1059	
269	1061	
265	1063	
271	1082	
271	1083	
269	1086	
269	1087	
267	1090	
267	1091	
