176	50	
176	51	
241	394	
241	395	
241	396	
241	397	
241	398	
241	399	
241	400	
251	401	
251	402	
249	403	
253	404	
253	405	
253	406	
251	407	
251	408	
251	409	
251	410	
252	411	
252	412	
253	413	
253	414	
254	415	
254	416	
254	417	
253	418	
253	419	
253	420	
253	421	
253	422	
254	422	
253	423	
253	424	
253	425	
254	426	
255	426	
254	427	
255	428	
255	429	
255	430	
255	431	
255	432	
254	433	
254	434	
254	435	
254	436	
254	437	
254	438	
254	439	
254	440	
254	441	
254	442	
255	443	
254	444	
254	445	
255	446	
254	447	
254	448	
254	449	
254	450	
255	450	
255	451	
253	452	
253	453	
254	454	
254	455	
253	456	
254	457	
254	458	
254	459	
254	460	
254	461	
255	461	
254	462	
254	463	
255	464	
253	465	
253	466	
254	467	
253	468	
252	469	
252	470	
251	471	
252	472	
252	473	
251	474	
251	475	
252	475	
251	476	
255	477	
253	478	
254	479	
254	480	
254	481	
253	482	
253	483	
253	484	
253	485	
254	486	
254	487	
253	488	
253	489	
253	490	
253	491	
254	492	
254	493	
253	494	
255	495	
253	496	
254	496	
253	497	
254	497	
254	498	
254	499	
254	500	
254	501	
255	502	
256	503	
257	504	
257	505	
257	506	
257	507	
257	508	
256	509	
256	510	
256	511	
257	512	
256	513	
256	514	
258	514	
258	515	
259	516	
259	517	
259	518	
259	519	
257	520	
259	521	
259	522	
257	523	
257	524	
257	525	
257	526	
257	527	
257	528	
261	529	
261	530	
260	531	
261	532	
261	533	
261	534	
261	535	
260	536	
260	537	
261	538	
262	538	
263	539	
263	540	
262	541	
262	542	
262	543	
261	544	
263	545	
263	546	
263	547	
263	548	
262	549	
262	550	
263	551	
262	552	
262	553	
262	554	
262	555	
261	556	
259	557	
260	558	
260	559	
262	560	
260	561	
260	562	
261	563	
265	564	
266	565	
266	566	
267	567	
267	568	
267	569	
267	570	
266	571	
267	572	
267	573	
267	574	
267	575	
267	576	
265	577	
265	578	
265	579	
265	580	
269	581	
269	582	
269	583	
270	584	
267	585	
267	586	
267	587	
267	588	
269	589	
267	590	
267	591	
267	592	
269	593	
269	594	
269	595	
268	596	
270	596	
267	597	
267	598	
270	599	
270	600	
270	601	
269	602	
269	603	
270	604	
267	605	
271	606	
269	607	
269	608	
272	609	
271	610	
270	611	
269	612	
272	613	
269	614	
269	615	
270	616	
270	617	
269	618	
269	619	
270	620	
270	621	
270	622	
270	623	
270	624	
270	625	
270	626	
270	627	
269	628	
271	628	
271	629	
269	630	
270	631	
270	632	
270	633	
270	634	
270	635	
270	636	
270	637	
269	638	
270	638	
270	639	
271	639	
270	640	
269	641	
271	642	
271	643	
271	644	
270	645	
269	646	
269	647	
267	648	
270	648	
267	649	
269	649	
267	650	
271	651	
270	652	
270	653	
269	654	
269	655	
269	656	
267	657	
267	658	
267	659	
269	660	
269	661	
269	662	
265	663	
265	664	
266	665	
267	667	
265	668	
267	669	
267	671	
265	672	
267	673	
269	677	
269	678	
269	679	
267	680	
268	680	
267	681	
267	682	
265	683	
265	684	
265	685	
267	686	
265	687	
265	688	
265	689	
267	690	
267	694	
267	695	
267	696	
267	697	
267	698	
265	699	
265	700	
265	701	
267	704	
263	705	
263	706	
265	707	
265	708	
267	709	
267	710	
263	711	
263	712	
265	713	
265	714	
265	715	
263	717	
263	718	
265	719	
265	720	
265	721	
263	724	
261	725	
261	726	
261	727	
261	728	
260	729	
260	730	
260	731	
261	732	
261	733	
257	734	
257	735	
257	736	
257	737	
261	738	
261	739	
260	740	
257	741	
257	742	
258	743	
258	744	
259	745	
260	746	
257	747	
257	748	
257	749	
258	750	
258	751	
258	752	
258	753	
259	754	
259	755	
259	756	
257	757	
258	757	
257	758	
258	759	
259	760	
258	761	
259	761	
258	762	
259	762	
259	763	
259	764	
258	765	
256	766	
255	767	
255	768	
255	769	
256	770	
255	771	
256	771	
256	772	
256	773	
256	774	
256	775	
257	776	
257	777	
257	778	
257	779	
257	780	
257	781	
256	782	
256	783	
257	784	
257	785	
257	786	
257	787	
257	788	
257	789	
257	790	
255	791	
254	792	
254	793	
255	794	
256	794	
257	795	
257	796	
257	797	
256	798	
257	798	
257	799	
256	800	
255	801	
256	801	
254	802	
255	802	
257	803	
256	804	
256	805	
256	806	
256	807	
255	808	
255	809	
256	810	
256	811	
257	812	
257	813	
255	814	
255	815	
256	815	
256	816	
256	817	
257	817	
257	818	
257	819	
257	820	
257	821	
257	822	
257	823	
257	824	
257	825	
257	826	
257	827	
255	828	
255	829	
255	830	
255	831	
256	832	
255	833	
255	834	
255	835	
255	836	
256	837	
255	838	
255	839	
255	840	
259	841	
259	842	
259	843	
258	844	
257	845	
257	846	
257	847	
256	848	
256	849	
255	850	
259	851	
259	852	
255	853	
255	854	
255	855	
256	856	
257	857	
258	858	
258	859	
259	860	
259	861	
256	862	
259	863	
259	864	
259	865	
259	866	
259	867	
259	868	
259	869	
259	870	
259	871	
259	872	
255	873	
257	874	
259	875	
256	876	
256	877	
255	878	
255	879	
255	880	
255	881	
255	882	
255	883	
255	884	
255	885	
257	886	
257	887	
253	888	
254	889	
254	890	
256	891	
256	892	
254	893	
253	894	
253	895	
257	896	
257	897	
257	898	
257	899	
257	900	
257	901	
257	902	
257	903	
256	904	
253	905	
253	906	
253	907	
254	908	
254	909	
254	910	
253	911	
253	912	
253	913	
253	914	
253	915	
253	916	
255	917	
255	918	
255	919	
255	920	
255	921	
255	922	
255	923	
255	924	
253	925	
269	1013	
269	1014	
265	1015	
271	1017	
271	1018	
271	1019	
271	1020	
271	1021	
267	1023	
267	1024	
267	1061	
