179	523	
179	524	
179	525	
183	526	
179	527	
179	528	
182	529	
183	530	
183	531	
181	532	
182	533	
183	534	
182	535	
182	536	
182	537	
182	538	
183	539	
183	540	
183	541	
181	542	
181	543	
183	544	
179	545	
179	546	
181	547	
181	548	
181	549	
177	550	
177	551	
180	552	
180	553	
179	554	
179	555	
181	556	
179	557	
177	558	
179	559	
93	562	
185	601	
185	602	
185	603	
185	605	
183	607	
183	608	
183	609	
187	610	
183	611	
183	612	
183	613	
185	613	
185	614	
183	615	
183	616	
186	617	
186	618	
185	619	
184	620	
183	621	
185	622	
185	623	
184	624	
184	625	
184	626	
183	627	
184	628	
185	629	
185	630	
185	631	
185	632	
184	633	
184	634	
182	635	
184	636	
182	637	
182	638	
182	639	
182	640	
182	641	
181	642	
181	643	
183	644	
183	645	
183	646	
183	647	
182	648	
182	649	
182	650	
183	651	
183	652	
183	653	
183	654	
183	655	
183	656	
183	657	
182	658	
183	659	
182	660	
183	660	
181	661	
181	662	
180	663	
181	663	
181	664	
180	665	
180	666	
180	667	
180	668	
181	669	
181	670	
181	671	
180	672	
181	673	
177	674	
178	675	
179	676	
181	677	
179	682	
177	683	
177	684	
179	685	
179	686	
177	687	
177	688	
177	689	
177	691	
177	692	
95	716	
