253	368	
253	369	
253	370	
253	371	
251	372	
251	373	
251	374	
251	375	
251	376	
251	377	
252	378	
253	379	
253	380	
251	381	
251	382	
251	383	
251	384	
251	385	
251	386	
253	387	
253	388	
252	389	
251	390	
251	391	
251	392	
251	393	
253	394	
253	395	
253	396	
261	397	
261	398	
261	399	
261	400	
263	401	
263	402	
263	403	
261	404	
262	405	
263	406	
263	407	
263	408	
261	409	
261	410	
265	411	
265	412	
265	413	
265	414	
262	415	
263	416	
263	417	
264	418	
264	419	
264	420	
263	421	
264	422	
265	423	
265	424	
265	425	
264	426	
265	426	
266	427	
265	428	
264	429	
263	430	
263	431	
263	432	
264	433	
264	434	
265	435	
264	436	
264	437	
263	438	
264	438	
263	439	
263	440	
263	441	
264	441	
264	442	
264	443	
264	444	
265	444	
264	445	
264	446	
264	447	
264	448	
264	449	
264	450	
264	451	
264	452	
263	453	
263	454	
263	455	
263	456	
263	457	
265	457	
264	458	
263	459	
263	460	
264	461	
264	462	
264	463	
264	464	
263	465	
264	466	
262	467	
262	468	
261	469	
262	469	
264	470	
263	471	
264	472	
263	473	
263	474	
263	475	
263	476	
263	477	
263	478	
263	479	
263	480	
263	481	
264	482	
264	483	
264	484	
264	485	
264	486	
265	487	
265	488	
265	489	
264	490	
263	491	
267	492	
267	493	
267	494	
267	495	
266	496	
266	497	
267	497	
265	498	
265	499	
265	500	
265	501	
265	502	
265	503	
265	504	
267	505	
267	506	
266	507	
266	508	
265	509	
268	510	
265	511	
267	512	
266	513	
267	513	
267	514	
267	515	
268	516	
268	517	
268	518	
269	519	
268	520	
268	521	
267	522	
267	523	
267	524	
267	525	
267	526	
267	527	
271	528	
270	529	
270	530	
271	531	
271	532	
271	533	
269	534	
269	535	
272	536	
269	537	
269	538	
269	539	
272	540	
272	541	
269	542	
271	543	
271	544	
271	545	
272	546	
272	547	
271	548	
272	549	
272	550	
271	551	
271	552	
271	553	
270	554	
271	555	
270	556	
270	557	
270	558	
270	559	
270	560	
269	561	
270	562	
270	563	
271	564	
271	565	
271	566	
275	567	
274	568	
274	569	
275	570	
276	571	
274	572	
274	573	
273	574	
273	575	
273	576	
273	577	
274	577	
274	578	
277	579	
277	580	
276	581	
275	582	
277	583	
277	584	
276	585	
276	586	
278	587	
278	588	
279	589	
279	590	
279	591	
278	592	
277	593	
277	594	
277	595	
275	596	
277	597	
277	598	
277	599	
279	600	
279	601	
280	602	
280	603	
279	604	
278	605	
278	606	
277	607	
277	608	
277	609	
277	610	
278	611	
277	612	
277	613	
277	614	
280	615	
280	616	
280	617	
280	618	
280	619	
281	619	
280	620	
280	621	
277	622	
278	622	
280	623	
279	624	
279	625	
278	626	
277	627	
277	628	
278	629	
280	630	
280	631	
280	632	
280	633	
280	634	
279	635	
279	636	
279	637	
280	638	
279	639	
279	640	
280	640	
279	641	
280	641	
280	642	
279	643	
277	644	
277	645	
280	646	
280	647	
279	648	
278	649	
280	649	
279	650	
278	651	
278	652	
278	653	
278	654	
277	655	
275	656	
277	657	
277	658	
277	659	
275	662	
277	663	
277	664	
277	665	
275	667	
275	668	
275	669	
275	670	
275	671	
275	672	
277	673	
278	674	
277	675	
274	676	
275	677	
277	678	
277	679	
277	680	
275	681	
275	682	
275	683	
275	684	
275	685	
275	686	
275	687	
277	689	
273	690	
277	691	
277	692	
275	693	
279	694	
275	695	
275	696	
275	697	
277	697	
275	698	
275	699	
273	700	
277	701	
277	702	
277	703	
277	704	
277	705	
273	706	
273	707	
273	708	
275	709	
275	710	
277	712	
277	713	
277	714	
277	715	
276	717	
277	718	
273	719	
274	720	
275	720	
273	721	
273	722	
273	723	
273	724	
271	725	
271	726	
271	727	
274	728	
270	729	
270	730	
269	731	
270	732	
271	733	
271	734	
271	735	
267	736	
272	737	
272	738	
269	739	
269	740	
269	741	
269	742	
271	743	
271	744	
270	745	
269	746	
269	747	
271	748	
271	749	
269	750	
269	751	
271	752	
271	753	
271	754	
271	755	
267	756	
270	757	
270	758	
270	759	
270	760	
270	761	
270	762	
267	763	
267	764	
267	765	
269	766	
267	767	
266	768	
265	769	
265	770	
269	771	
269	772	
267	773	
267	774	
266	775	
269	776	
268	777	
268	778	
267	779	
265	780	
265	781	
265	782	
265	783	
265	784	
265	785	
265	786	
266	787	
265	788	
266	789	
266	790	
266	791	
267	792	
268	793	
265	794	
265	795	
266	796	
265	797	
266	797	
266	798	
265	799	
266	799	
265	800	
265	801	
265	802	
268	803	
265	804	
266	805	
266	806	
265	807	
269	808	
269	809	
269	810	
269	811	
269	812	
269	813	
269	814	
269	815	
268	816	
269	816	
268	817	
268	818	
268	819	
269	820	
266	821	
266	822	
266	823	
265	824	
266	824	
268	825	
266	826	
266	827	
269	828	
269	829	
268	830	
268	831	
269	832	
266	833	
266	834	
267	835	
267	836	
266	837	
267	837	
266	838	
267	839	
267	840	
267	841	
266	842	
269	843	
270	843	
268	844	
268	845	
269	846	
266	847	
268	848	
269	849	
269	850	
269	851	
269	852	
269	853	
269	854	
269	855	
269	856	
265	857	
265	858	
269	859	
269	860	
269	861	
270	862	
265	863	
266	863	
265	864	
269	865	
269	866	
269	867	
269	868	
269	869	
269	870	
269	871	
269	872	
269	873	
268	874	
267	875	
269	876	
265	877	
265	878	
269	879	
269	880	
267	881	
267	882	
267	883	
269	884	
269	885	
265	886	
265	887	
265	888	
266	889	
265	890	
265	891	
265	892	
265	893	
265	894	
265	895	
265	896	
267	897	
267	898	
265	899	
265	900	
267	901	
267	902	
265	903	
265	904	
264	905	
264	906	
265	906	
265	907	
267	908	
267	909	
265	910	
265	911	
264	912	
264	913	
267	914	
267	915	
267	916	
266	917	
265	918	
263	919	
263	920	
263	921	
263	922	
263	923	
263	924	
263	925	
277	1014	
279	1015	
279	1016	
277	1025	
281	1068	
281	1069	
279	1071	
279	1072	
279	1073	
