186	71	
255	365	
255	366	
253	367	
253	368	
253	369	
255	370	
255	371	
255	372	
255	373	
255	374	
254	375	
255	376	
253	377	
253	378	
254	379	
253	380	
253	381	
254	382	
254	383	
253	384	
253	385	
253	386	
253	387	
254	387	
254	388	
253	389	
254	390	
254	391	
254	392	
253	393	
253	394	
253	395	
263	397	
263	398	
263	399	
263	400	
263	401	
263	402	
262	403	
262	404	
263	404	
263	405	
265	406	
265	407	
263	408	
263	409	
263	410	
264	411	
265	412	
265	413	
265	414	
266	415	
267	416	
267	417	
267	418	
267	419	
267	420	
265	421	
265	422	
265	423	
267	424	
267	425	
267	426	
266	427	
267	427	
267	428	
267	429	
267	430	
266	431	
267	432	
267	433	
266	434	
266	435	
267	436	
266	437	
266	438	
266	439	
266	440	
264	441	
264	442	
265	442	
265	443	
265	444	
267	445	
265	446	
265	447	
265	448	
265	449	
265	450	
267	450	
266	451	
265	452	
265	453	
266	453	
265	454	
265	455	
264	456	
263	457	
266	458	
266	459	
267	460	
267	461	
263	462	
264	463	
264	464	
264	465	
263	466	
265	467	
265	468	
265	469	
265	470	
264	471	
264	472	
264	473	
264	474	
265	475	
264	476	
263	477	
263	478	
263	479	
263	480	
267	481	
266	482	
266	483	
266	484	
265	485	
265	486	
265	487	
266	488	
266	489	
266	490	
265	491	
265	492	
265	493	
265	494	
265	495	
266	496	
267	497	
267	498	
267	499	
267	500	
267	501	
268	501	
268	502	
268	503	
265	504	
267	505	
268	506	
269	506	
268	507	
268	508	
268	509	
268	510	
269	511	
269	512	
269	513	
268	514	
267	515	
270	516	
269	517	
270	518	
269	519	
270	520	
269	521	
270	522	
269	523	
270	524	
271	525	
271	526	
272	527	
272	528	
272	529	
272	530	
273	531	
273	532	
272	533	
272	534	
272	535	
272	536	
272	537	
272	538	
273	539	
272	540	
272	541	
272	542	
271	543	
272	543	
274	544	
274	545	
271	546	
275	547	
275	548	
274	549	
271	550	
271	551	
274	551	
271	552	
271	553	
272	554	
272	555	
273	556	
272	557	
272	558	
273	559	
273	560	
273	561	
273	562	
271	563	
269	564	
271	564	
270	565	
271	566	
273	567	
273	568	
277	569	
277	570	
277	571	
277	572	
276	573	
275	574	
275	575	
275	576	
276	577	
277	578	
276	579	
275	580	
277	581	
278	582	
279	583	
279	584	
278	585	
277	586	
276	587	
279	588	
279	589	
279	590	
277	591	
277	592	
279	593	
278	594	
280	595	
278	596	
277	597	
278	598	
279	599	
280	600	
280	601	
281	602	
279	603	
279	604	
279	605	
280	606	
279	607	
279	608	
279	609	
279	610	
281	611	
282	612	
279	613	
282	613	
279	614	
279	615	
280	616	
280	617	
280	618	
280	619	
280	620	
281	620	
279	621	
281	622	
279	623	
280	624	
280	625	
279	626	
280	626	
282	627	
281	628	
282	629	
281	630	
281	631	
280	632	
282	632	
280	633	
282	634	
282	635	
282	636	
282	637	
281	638	
281	639	
280	640	
281	641	
280	642	
281	643	
279	644	
280	645	
280	646	
280	647	
280	648	
280	649	
280	650	
280	651	
280	652	
277	653	
277	654	
277	655	
279	656	
280	656	
279	657	
275	658	
275	659	
277	660	
275	661	
275	662	
275	663	
279	664	
279	665	
277	666	
277	667	
279	668	
279	669	
277	670	
279	670	
277	671	
277	672	
275	673	
275	674	
279	675	
279	676	
277	677	
277	678	
277	679	
277	680	
275	681	
275	682	
275	683	
277	684	
277	685	
279	686	
279	687	
279	688	
279	689	
275	690	
275	691	
277	692	
279	693	
279	694	
279	695	
277	696	
279	697	
279	698	
279	699	
278	700	
277	701	
275	702	
277	703	
277	704	
275	705	
275	706	
275	707	
277	708	
275	709	
275	710	
277	711	
278	712	
275	714	
277	715	
277	716	
277	717	
275	718	
275	719	
275	721	
275	722	
277	723	
277	724	
277	725	
275	726	
275	727	
275	728	
275	729	
275	730	
271	731	
271	732	
271	733	
271	734	
271	735	
271	736	
271	737	
273	738	
273	739	
273	740	
273	741	
273	742	
272	743	
272	744	
272	745	
272	746	
273	747	
273	748	
273	749	
273	750	
273	751	
273	752	
273	753	
269	754	
269	755	
269	756	
269	757	
269	758	
271	759	
271	760	
271	761	
271	762	
271	763	
271	764	
271	765	
269	766	
270	766	
268	767	
267	768	
267	769	
267	770	
267	771	
267	772	
271	773	
270	774	
271	774	
267	775	
267	776	
267	777	
268	778	
268	779	
268	780	
268	781	
268	782	
269	783	
269	784	
268	785	
266	786	
266	787	
269	788	
269	789	
269	790	
269	791	
270	792	
270	793	
269	794	
269	795	
269	796	
269	797	
269	798	
269	799	
270	800	
270	801	
270	802	
269	803	
268	804	
268	805	
267	806	
267	807	
267	808	
267	809	
268	809	
267	810	
267	811	
270	812	
270	813	
270	814	
270	815	
270	816	
270	817	
268	818	
267	819	
267	820	
267	821	
267	822	
267	823	
269	824	
269	825	
268	826	
268	827	
270	828	
270	829	
268	830	
269	831	
269	832	
269	833	
269	834	
270	835	
271	836	
270	837	
268	838	
267	839	
267	840	
270	841	
270	842	
270	843	
271	844	
271	845	
271	846	
271	847	
271	848	
271	849	
268	850	
271	850	
268	851	
270	852	
267	853	
268	854	
271	855	
271	856	
271	857	
271	858	
270	859	
270	860	
270	861	
271	862	
271	863	
271	864	
270	865	
271	866	
271	867	
271	868	
271	869	
267	870	
267	871	
269	872	
271	873	
271	874	
270	875	
271	875	
271	876	
271	877	
271	878	
271	879	
267	880	
269	881	
269	882	
267	883	
267	884	
270	885	
270	886	
270	887	
267	888	
267	889	
267	890	
267	891	
267	892	
269	893	
269	894	
270	895	
271	895	
271	896	
268	897	
267	898	
267	899	
267	900	
269	901	
269	902	
269	903	
269	904	
265	905	
269	906	
267	907	
267	908	
269	909	
268	910	
267	911	
267	912	
268	912	
269	913	
265	914	
266	915	
267	916	
267	917	
266	918	
265	919	
265	920	
265	921	
267	922	
267	923	
267	924	
277	1013	
277	1014	
277	1015	
277	1016	
277	1017	
277	1056	
277	1057	
277	1058	
281	1070	
281	1071	
281	1087	
