181	520	
181	521	
181	522	
181	523	
181	524	
183	525	
184	526	
181	527	
185	528	
185	529	
184	530	
184	531	
184	532	
184	533	
184	534	
184	535	
184	536	
184	537	
185	538	
185	539	
184	540	
184	541	
184	542	
183	543	
183	544	
183	545	
184	546	
185	547	
185	548	
183	549	
183	550	
183	551	
183	552	
182	553	
181	554	
182	555	
182	556	
181	557	
179	558	
181	559	
181	560	
181	561	
181	562	
179	585	
179	586	
181	587	
181	588	
181	589	
177	590	
181	591	
187	596	
185	598	
187	600	
187	601	
187	602	
187	603	
187	604	
187	605	
187	606	
187	607	
186	610	
185	611	
185	612	
186	613	
186	614	
186	615	
186	616	
186	617	
186	618	
187	619	
187	620	
187	621	
185	622	
185	623	
186	624	
188	624	
186	625	
185	626	
186	626	
186	627	
186	628	
186	629	
186	630	
185	631	
186	632	
186	633	
187	634	
186	635	
186	636	
185	637	
185	638	
184	639	
185	640	
184	641	
183	642	
186	642	
183	643	
185	644	
184	645	
185	646	
184	647	
183	648	
183	649	
185	650	
185	651	
185	652	
185	653	
181	654	
185	655	
185	656	
185	657	
185	658	
184	659	
182	660	
182	661	
183	662	
183	663	
182	664	
183	665	
182	666	
182	667	
182	668	
182	669	
183	670	
180	671	
180	672	
182	673	
182	674	
182	675	
182	676	
183	677	
183	678	
183	679	
183	680	
183	681	
181	682	
181	683	
179	684	
181	685	
181	686	
181	687	
177	688	
181	689	
179	690	
179	691	
