263	351	
263	352	
263	353	
263	354	
261	355	
261	356	
263	357	
262	358	
261	359	
261	360	
261	361	
261	362	
262	363	
263	364	
263	365	
262	366	
262	367	
262	368	
262	369	
261	370	
262	370	
262	371	
263	371	
262	372	
262	373	
261	374	
262	374	
261	375	
262	376	
261	377	
262	378	
262	379	
261	380	
261	381	
262	381	
262	382	
260	383	
261	383	
261	384	
261	385	
262	386	
262	387	
262	388	
262	389	
262	390	
261	391	
261	392	
261	393	
267	394	
267	395	
271	396	
271	397	
271	398	
271	399	
271	400	
269	401	
269	402	
269	403	
269	404	
270	404	
270	405	
271	406	
273	407	
273	408	
271	409	
273	409	
271	410	
273	411	
273	412	
271	413	
271	414	
273	415	
273	416	
271	417	
271	418	
271	419	
273	420	
273	421	
273	422	
273	423	
274	424	
274	425	
274	426	
274	427	
273	428	
272	429	
272	430	
275	431	
274	432	
273	433	
273	434	
273	435	
273	436	
273	437	
273	438	
273	439	
271	440	
271	441	
271	442	
271	443	
271	444	
271	445	
271	446	
271	447	
271	448	
274	449	
274	450	
274	451	
273	452	
271	453	
273	454	
273	455	
271	456	
272	457	
273	457	
271	458	
273	458	
273	459	
272	460	
273	460	
272	461	
273	461	
271	462	
272	462	
271	463	
271	464	
271	465	
271	466	
271	467	
272	468	
271	469	
272	470	
271	471	
272	471	
272	472	
272	473	
273	474	
273	475	
271	476	
271	477	
272	478	
271	479	
271	480	
272	480	
273	481	
273	482	
274	483	
274	484	
271	485	
271	486	
272	487	
273	488	
275	489	
275	490	
275	491	
275	492	
273	493	
275	493	
274	494	
274	495	
275	496	
276	497	
273	498	
273	499	
275	500	
274	501	
275	502	
275	503	
274	504	
274	505	
275	506	
275	507	
277	508	
277	509	
276	510	
277	511	
277	512	
277	513	
275	514	
278	515	
278	516	
277	517	
277	518	
277	519	
278	520	
279	521	
278	522	
278	523	
277	524	
277	525	
277	526	
277	527	
277	528	
278	529	
278	530	
277	531	
280	532	
280	533	
280	534	
280	535	
280	536	
280	537	
280	538	
280	539	
280	540	
280	541	
281	542	
280	543	
280	544	
280	545	
280	546	
280	547	
279	548	
279	549	
279	550	
280	551	
280	552	
281	553	
281	554	
281	555	
277	556	
277	557	
277	558	
277	559	
278	560	
278	561	
277	562	
279	563	
278	564	
279	565	
278	566	
278	567	
278	568	
277	569	
277	570	
281	571	
279	572	
281	573	
281	574	
281	575	
281	576	
281	577	
281	578	
282	578	
281	579	
281	580	
282	581	
282	582	
281	583	
285	584	
285	585	
285	586	
285	587	
285	588	
285	589	
284	590	
283	591	
284	591	
284	592	
284	593	
285	594	
286	595	
286	596	
285	597	
284	598	
283	599	
283	600	
285	601	
285	602	
285	603	
283	604	
285	605	
285	606	
285	607	
287	608	
287	609	
287	610	
287	611	
287	612	
288	613	
288	614	
288	615	
285	616	
288	616	
287	617	
287	618	
287	619	
287	620	
287	621	
287	622	
286	623	
286	624	
285	625	
286	626	
289	627	
289	628	
289	629	
288	630	
289	631	
289	632	
289	633	
285	634	
289	634	
288	635	
287	636	
288	637	
289	638	
285	639	
285	640	
286	641	
286	642	
287	642	
288	643	
289	644	
289	645	
285	646	
285	647	
286	647	
286	648	
286	649	
285	650	
286	651	
287	652	
286	653	
284	654	
283	655	
283	656	
283	657	
283	658	
282	659	
281	660	
285	661	
285	662	
285	663	
283	668	
283	669	
283	670	
283	671	
285	672	
285	673	
283	674	
285	675	
285	676	
285	677	
283	679	
287	680	
283	681	
285	682	
283	683	
283	684	
286	686	
283	687	
283	688	
283	689	
283	690	
285	691	
285	692	
283	693	
283	694	
283	695	
285	696	
285	697	
285	698	
285	699	
285	701	
283	702	
283	703	
285	704	
285	705	
285	706	
285	707	
285	708	
284	709	
283	710	
283	711	
283	712	
283	713	
283	714	
283	715	
283	716	
283	717	
285	717	
285	718	
283	719	
282	720	
282	721	
284	722	
284	723	
281	724	
281	725	
280	726	
283	727	
281	728	
281	729	
281	730	
279	731	
280	732	
279	733	
279	734	
280	735	
283	736	
279	737	
281	738	
281	739	
280	740	
281	741	
281	742	
281	743	
281	744	
281	745	
281	746	
280	747	
279	748	
280	749	
280	750	
280	751	
280	752	
281	752	
281	753	
281	754	
281	755	
281	756	
281	757	
281	758	
281	759	
281	760	
282	760	
281	761	
281	762	
280	763	
279	764	
279	765	
279	766	
279	767	
280	768	
277	769	
279	770	
279	771	
279	772	
279	773	
276	774	
277	775	
279	776	
279	777	
279	778	
275	779	
275	780	
275	781	
278	781	
278	782	
279	783	
278	784	
275	785	
275	786	
275	787	
275	788	
275	789	
277	790	
275	791	
275	792	
275	793	
275	794	
275	795	
275	796	
275	797	
274	798	
277	799	
277	800	
277	801	
277	802	
275	803	
275	804	
275	805	
275	806	
276	806	
276	807	
275	808	
275	809	
275	810	
275	811	
275	812	
278	813	
277	814	
275	815	
277	816	
277	817	
278	818	
275	819	
275	820	
277	821	
278	822	
275	823	
275	824	
275	825	
275	826	
278	827	
278	828	
278	829	
278	830	
279	831	
278	832	
278	833	
275	834	
275	835	
275	836	
275	837	
279	838	
279	839	
279	840	
275	841	
275	842	
276	843	
275	844	
275	845	
275	846	
275	847	
275	848	
275	849	
276	849	
275	850	
276	851	
279	852	
279	853	
279	854	
275	855	
275	856	
275	857	
275	858	
278	859	
279	859	
279	860	
279	861	
279	862	
279	863	
279	864	
275	865	
279	866	
278	867	
278	868	
278	869	
279	869	
278	870	
279	871	
279	872	
279	873	
278	874	
278	875	
276	876	
275	877	
275	878	
279	879	
279	880	
275	881	
275	882	
279	883	
278	884	
275	885	
275	886	
275	887	
275	888	
274	889	
276	889	
277	890	
275	891	
275	892	
275	893	
275	894	
275	895	
275	896	
279	897	
277	898	
276	899	
275	900	
276	901	
274	902	
275	903	
275	904	
277	905	
277	906	
277	907	
273	908	
273	909	
273	910	
275	911	
275	912	
273	913	
273	914	
277	915	
277	916	
277	917	
273	918	
273	919	
273	920	
273	921	
273	922	
273	923	
273	924	
273	925	
286	1019	
291	1078	
288	1079	
