196	63	
261	350	
261	351	
263	352	
263	353	
263	354	
263	355	
263	356	
262	357	
262	358	
265	359	
265	360	
264	361	
265	362	
265	363	
264	364	
264	365	
265	365	
265	366	
264	367	
264	368	
264	369	
264	370	
264	371	
264	372	
264	373	
264	374	
264	375	
263	376	
263	377	
263	378	
263	379	
263	380	
263	381	
263	382	
263	383	
262	384	
261	385	
263	386	
263	387	
263	388	
263	389	
261	390	
262	391	
265	392	
265	393	
265	394	
269	395	
269	396	
269	397	
269	398	
271	399	
273	400	
273	401	
273	402	
273	403	
274	404	
271	405	
271	406	
273	407	
273	408	
274	409	
275	410	
273	411	
273	412	
273	413	
273	414	
273	415	
273	416	
273	417	
273	418	
273	419	
273	420	
275	421	
275	422	
275	423	
275	424	
276	425	
276	426	
274	427	
274	428	
273	429	
275	430	
275	431	
274	432	
274	433	
273	434	
276	434	
273	435	
273	436	
274	437	
274	438	
274	439	
273	440	
273	441	
274	442	
275	443	
274	444	
275	444	
274	445	
274	446	
275	447	
275	448	
275	449	
275	450	
275	451	
275	452	
275	453	
273	454	
273	455	
273	456	
274	457	
274	458	
274	459	
274	460	
275	460	
275	461	
275	462	
275	463	
275	464	
275	465	
273	466	
273	467	
273	468	
273	469	
274	469	
273	470	
273	471	
273	472	
273	473	
273	474	
273	475	
274	476	
274	477	
273	478	
271	479	
271	480	
272	481	
273	482	
273	483	
273	484	
273	485	
273	486	
273	487	
273	488	
276	489	
275	490	
275	491	
275	492	
276	493	
276	494	
275	495	
276	495	
275	496	
276	497	
274	498	
276	499	
276	500	
275	501	
275	502	
275	503	
275	504	
275	505	
275	506	
278	506	
277	507	
277	508	
278	509	
275	510	
275	511	
275	512	
277	513	
278	514	
277	515	
278	516	
279	517	
278	518	
277	519	
277	520	
280	521	
281	522	
280	523	
280	524	
280	525	
279	526	
279	527	
279	528	
280	528	
280	529	
281	530	
281	531	
280	532	
279	533	
279	534	
283	535	
281	536	
279	537	
279	538	
279	539	
281	540	
281	541	
282	542	
282	543	
283	544	
283	545	
283	546	
279	547	
279	548	
282	549	
283	550	
280	551	
280	552	
280	553	
279	554	
280	555	
280	556	
280	557	
280	558	
280	559	
279	560	
280	561	
280	562	
281	563	
281	564	
279	565	
281	566	
280	567	
279	568	
279	569	
279	570	
279	571	
280	572	
281	572	
281	573	
281	574	
281	575	
283	576	
284	577	
285	578	
285	579	
285	580	
285	581	
284	582	
283	583	
283	584	
283	585	
284	586	
285	587	
285	588	
285	589	
285	590	
285	591	
285	592	
286	592	
285	593	
285	594	
287	595	
286	596	
286	597	
285	598	
285	599	
286	600	
285	601	
284	602	
285	603	
287	604	
289	605	
285	606	
287	607	
288	608	
287	609	
288	610	
287	611	
287	612	
287	613	
287	614	
288	615	
289	616	
287	617	
289	618	
289	619	
289	620	
289	621	
290	622	
289	623	
289	624	
289	625	
287	626	
289	627	
289	628	
289	629	
288	630	
288	631	
287	632	
287	633	
288	634	
287	635	
288	635	
288	636	
288	637	
289	638	
288	639	
289	640	
290	641	
288	642	
287	643	
289	644	
289	645	
289	646	
289	647	
289	648	
289	649	
289	650	
287	651	
286	652	
287	653	
287	654	
286	655	
285	656	
286	657	
286	658	
287	659	
286	660	
287	660	
286	661	
285	662	
285	663	
285	664	
285	665	
287	666	
285	668	
287	669	
287	670	
287	671	
287	673	
287	674	
285	675	
285	676	
285	677	
287	680	
287	681	
287	682	
285	684	
287	685	
287	686	
285	688	
287	690	
287	691	
285	693	
285	694	
287	695	
287	696	
287	697	
287	698	
287	699	
285	700	
285	701	
285	702	
287	705	
287	706	
287	707	
287	708	
287	709	
283	710	
287	711	
285	712	
285	713	
285	714	
283	715	
283	716	
283	717	
285	718	
285	719	
285	720	
285	721	
283	722	
283	723	
285	724	
285	725	
284	726	
284	727	
285	728	
285	729	
283	730	
283	731	
282	732	
282	733	
282	734	
282	735	
284	735	
284	736	
282	737	
284	738	
284	739	
283	740	
282	741	
284	741	
281	742	
282	743	
282	744	
281	745	
281	746	
282	747	
282	748	
281	749	
281	750	
281	751	
281	752	
281	753	
283	754	
283	755	
280	756	
281	757	
282	758	
282	759	
282	760	
283	761	
283	762	
281	763	
280	764	
280	765	
279	766	
282	767	
282	768	
280	769	
279	770	
279	771	
279	772	
279	773	
279	774	
280	775	
280	776	
280	777	
280	778	
281	779	
277	780	
281	781	
281	782	
279	783	
279	784	
277	785	
277	786	
277	787	
279	788	
279	789	
278	790	
279	791	
279	792	
279	793	
279	794	
275	795	
275	796	
276	797	
276	798	
279	799	
279	800	
279	801	
276	802	
277	803	
277	804	
277	805	
277	806	
277	807	
277	808	
278	809	
278	810	
278	811	
279	811	
278	812	
278	813	
277	814	
278	814	
277	815	
278	816	
278	817	
279	818	
279	819	
278	820	
278	821	
278	822	
277	823	
277	824	
277	825	
279	826	
279	827	
279	828	
280	828	
279	829	
279	830	
277	831	
277	832	
277	833	
277	834	
277	835	
277	836	
277	837	
281	838	
281	839	
280	840	
280	841	
277	842	
278	843	
278	844	
278	845	
280	846	
281	847	
277	848	
281	848	
277	849	
278	850	
281	851	
281	852	
277	853	
277	854	
277	855	
278	855	
277	856	
277	857	
277	858	
281	859	
280	860	
277	861	
277	862	
278	862	
278	863	
277	864	
280	864	
281	865	
281	866	
281	867	
281	868	
281	869	
281	870	
277	871	
277	872	
277	873	
277	874	
279	875	
280	876	
280	877	
280	878	
277	879	
277	880	
278	881	
279	881	
279	882	
277	883	
280	884	
279	885	
277	886	
277	887	
277	888	
280	889	
280	890	
277	891	
277	892	
277	893	
277	894	
279	895	
279	896	
277	897	
277	898	
279	899	
279	900	
279	901	
279	902	
279	903	
275	904	
277	905	
277	906	
275	907	
275	908	
275	909	
275	910	
275	911	
275	912	
277	913	
279	914	
275	915	
275	916	
279	917	
275	918	
275	919	
275	920	
275	921	
275	922	
275	923	
275	924	
275	925	
288	1049	
