269	343	
267	344	
267	345	
267	346	
269	347	
267	348	
267	349	
267	350	
267	351	
268	352	
267	353	
268	354	
269	355	
268	356	
267	357	
267	358	
267	359	
267	360	
268	361	
267	362	
267	363	
267	364	
267	365	
267	366	
267	367	
269	368	
268	369	
269	369	
268	370	
267	371	
268	372	
268	373	
268	374	
268	375	
267	376	
267	377	
266	378	
267	379	
267	380	
268	381	
265	382	
266	383	
266	384	
265	385	
265	386	
267	387	
265	388	
265	389	
265	390	
267	391	
267	392	
273	395	
273	396	
273	397	
277	398	
275	399	
275	400	
275	401	
275	402	
275	403	
275	404	
275	405	
276	406	
279	407	
279	408	
277	409	
277	410	
277	411	
278	412	
279	413	
279	414	
277	415	
277	416	
277	417	
277	418	
277	419	
277	420	
277	421	
278	422	
279	423	
279	424	
278	425	
278	426	
280	427	
280	428	
280	429	
280	430	
280	431	
280	432	
280	433	
280	434	
279	435	
280	436	
280	437	
279	438	
279	439	
279	440	
279	441	
278	442	
278	443	
278	444	
279	445	
279	446	
279	447	
277	448	
277	449	
278	450	
279	450	
279	451	
279	452	
277	453	
277	454	
278	455	
278	456	
279	456	
279	457	
277	458	
278	458	
277	459	
278	460	
277	461	
278	461	
277	462	
277	463	
278	464	
278	465	
278	466	
279	467	
279	468	
278	469	
278	470	
278	471	
278	472	
278	473	
277	474	
277	475	
277	476	
277	477	
278	478	
278	479	
275	480	
275	481	
275	482	
275	483	
277	484	
277	485	
277	486	
279	487	
279	488	
279	489	
280	489	
279	490	
279	491	
279	492	
279	493	
280	493	
280	494	
280	495	
280	496	
279	497	
279	498	
279	499	
280	500	
281	501	
281	502	
281	503	
282	504	
282	505	
279	506	
281	507	
280	508	
281	509	
281	510	
280	511	
279	512	
279	513	
283	514	
282	515	
281	516	
281	517	
281	518	
281	519	
281	520	
282	521	
284	522	
284	523	
284	524	
284	525	
284	526	
283	527	
283	528	
285	529	
285	530	
285	531	
283	532	
283	533	
283	534	
283	535	
284	536	
285	537	
285	538	
283	539	
283	540	
283	541	
284	541	
284	542	
283	543	
284	544	
284	545	
286	546	
285	547	
284	548	
283	549	
283	550	
283	551	
283	552	
285	553	
284	554	
283	555	
283	556	
283	557	
284	558	
284	559	
284	560	
284	561	
283	562	
284	563	
285	563	
285	564	
285	565	
283	566	
286	567	
286	568	
286	569	
286	570	
287	571	
287	572	
286	573	
286	574	
287	575	
286	576	
286	577	
285	578	
285	579	
286	580	
286	581	
288	582	
288	583	
289	584	
289	585	
287	586	
287	587	
289	587	
288	588	
289	588	
289	589	
289	590	
287	591	
290	592	
289	593	
289	594	
291	595	
287	596	
291	597	
290	598	
291	599	
289	600	
289	601	
289	602	
289	603	
289	604	
289	605	
290	606	
289	607	
289	608	
289	609	
292	610	
293	611	
293	612	
289	613	
289	614	
289	615	
292	616	
293	617	
289	618	
289	619	
289	620	
293	621	
293	622	
291	623	
291	624	
291	625	
289	626	
289	627	
289	628	
293	629	
293	630	
293	631	
293	632	
293	633	
293	634	
293	635	
293	636	
293	637	
293	638	
291	639	
291	640	
290	641	
289	642	
293	643	
291	644	
293	645	
291	646	
291	647	
291	648	
290	649	
289	650	
289	651	
290	652	
289	653	
289	654	
288	655	
287	656	
287	657	
287	658	
287	659	
287	660	
287	661	
290	662	
287	663	
287	664	
288	664	
288	665	
287	666	
288	667	
287	668	
288	668	
287	669	
287	670	
288	672	
289	673	
289	674	
291	678	
291	679	
289	680	
289	681	
291	685	
291	686	
291	687	
291	688	
287	689	
287	690	
289	691	
289	692	
291	693	
291	694	
291	695	
291	696	
291	697	
291	700	
289	705	
289	706	
291	707	
291	708	
287	709	
287	710	
287	711	
289	712	
288	713	
288	714	
287	715	
287	716	
287	717	
287	718	
287	719	
290	720	
287	721	
289	722	
289	723	
288	724	
288	725	
289	725	
288	726	
285	727	
286	728	
288	729	
288	730	
289	731	
285	732	
289	732	
289	733	
289	734	
289	735	
289	736	
286	737	
285	738	
289	739	
289	740	
286	741	
286	742	
287	742	
287	743	
287	744	
289	745	
285	746	
286	747	
286	748	
286	749	
288	750	
289	751	
285	752	
285	753	
285	754	
285	755	
285	756	
287	756	
287	757	
285	758	
285	759	
284	760	
285	760	
285	761	
285	762	
285	763	
285	764	
287	765	
283	766	
284	767	
283	768	
285	769	
285	770	
285	771	
284	772	
285	773	
284	774	
283	775	
283	776	
283	777	
283	778	
285	779	
285	780	
285	781	
285	782	
285	783	
285	784	
281	785	
282	786	
282	787	
282	788	
281	789	
281	790	
281	791	
281	792	
282	793	
282	794	
283	795	
283	796	
282	797	
283	797	
282	798	
281	799	
281	800	
279	801	
280	802	
280	803	
279	804	
283	804	
281	805	
282	806	
282	807	
282	808	
282	809	
281	810	
281	811	
281	812	
282	812	
282	813	
282	814	
281	815	
281	816	
283	817	
283	818	
282	819	
281	820	
281	821	
281	822	
283	823	
281	824	
281	825	
281	826	
281	827	
281	828	
284	829	
285	829	
284	830	
284	831	
283	832	
282	833	
283	834	
284	835	
284	836	
283	837	
282	838	
281	839	
281	840	
281	841	
281	842	
282	843	
282	844	
282	845	
281	846	
281	847	
281	848	
285	849	
285	850	
285	851	
285	852	
285	853	
285	854	
281	855	
281	856	
281	857	
285	858	
285	859	
285	860	
284	861	
283	862	
284	863	
284	864	
282	865	
282	866	
281	867	
282	868	
281	869	
282	869	
281	870	
284	871	
284	872	
284	873	
284	874	
281	875	
281	876	
281	877	
281	878	
281	879	
281	880	
281	881	
282	882	
281	883	
281	884	
281	885	
281	886	
281	887	
281	888	
282	889	
281	890	
281	891	
281	892	
282	893	
281	894	
281	895	
283	896	
283	897	
283	898	
281	899	
281	900	
281	901	
281	902	
281	903	
281	904	
281	905	
280	906	
281	907	
283	908	
283	909	
283	910	
279	911	
279	912	
279	913	
279	914	
279	915	
281	916	
281	917	
282	917	
280	918	
280	919	
283	920	
283	921	
283	922	
281	923	
281	924	
279	925	
283	933	
283	939	
283	940	
283	941	
283	942	
283	946	
283	947	
279	948	
280	948	
283	955	
283	956	
283	957	
285	958	
285	959	
285	960	
285	961	
291	1055	
293	1070	
293	1071	
293	1072	
