275	332	
275	333	
275	334	
275	335	
275	336	
275	337	
275	338	
275	339	
275	340	
275	341	
275	342	
275	343	
275	344	
275	345	
275	346	
275	347	
275	348	
275	349	
275	350	
275	351	
275	352	
275	353	
275	354	
275	355	
275	356	
275	357	
274	358	
274	359	
273	360	
274	361	
274	362	
274	363	
274	364	
275	365	
273	366	
274	367	
273	368	
273	369	
273	370	
273	371	
273	372	
273	373	
274	374	
275	375	
274	376	
273	377	
273	378	
275	379	
274	380	
274	381	
273	382	
273	383	
273	384	
274	385	
274	386	
274	387	
273	388	
273	389	
273	390	
273	391	
273	392	
273	393	
275	394	
283	395	
283	396	
281	397	
281	398	
281	399	
281	400	
281	401	
282	402	
282	403	
285	404	
285	405	
284	406	
283	407	
284	407	
283	408	
283	409	
285	410	
284	411	
284	412	
283	413	
283	414	
283	415	
283	416	
284	417	
287	418	
287	419	
286	420	
286	421	
286	422	
286	423	
286	424	
285	425	
285	426	
285	427	
285	428	
285	429	
285	430	
285	431	
285	432	
285	433	
286	434	
285	435	
286	436	
285	437	
285	438	
286	439	
285	440	
286	440	
286	441	
286	442	
286	443	
286	444	
287	445	
287	446	
286	447	
286	448	
286	449	
286	450	
285	451	
285	452	
284	453	
284	454	
284	455	
285	456	
284	457	
283	458	
284	459	
285	460	
283	461	
285	461	
285	462	
286	463	
283	464	
283	465	
283	466	
284	467	
284	468	
283	469	
283	470	
283	471	
284	472	
284	473	
283	474	
284	475	
284	476	
285	477	
284	478	
284	479	
284	480	
284	481	
283	482	
283	483	
282	484	
283	485	
283	486	
283	487	
283	488	
283	489	
283	490	
283	491	
285	492	
285	493	
283	494	
283	495	
286	497	
287	498	
285	499	
285	500	
287	500	
287	501	
287	502	
287	503	
285	504	
285	505	
285	506	
286	507	
286	508	
286	509	
287	510	
287	511	
286	512	
286	513	
287	514	
286	515	
285	516	
285	517	
289	521	
289	522	
289	523	
291	524	
291	525	
289	526	
291	527	
292	528	
289	529	
289	530	
289	531	
291	532	
291	533	
289	534	
289	535	
289	536	
289	537	
289	538	
289	539	
289	540	
291	541	
291	542	
291	543	
290	544	
289	545	
289	546	
290	547	
291	548	
291	549	
289	550	
289	551	
291	552	
288	553	
289	554	
290	555	
291	556	
290	557	
291	558	
289	559	
289	560	
289	561	
293	562	
292	563	
291	564	
291	565	
291	566	
291	567	
293	568	
292	569	
291	570	
292	571	
293	571	
293	572	
294	573	
293	574	
294	575	
294	576	
294	577	
294	578	
294	579	
293	580	
294	581	
294	582	
293	583	
294	583	
294	584	
293	585	
292	586	
293	587	
293	588	
296	589	
296	590	
296	591	
297	592	
297	593	
297	594	
298	595	
295	596	
296	597	
295	598	
298	599	
297	600	
296	601	
296	602	
296	603	
296	604	
295	605	
295	606	
298	606	
299	607	
299	608	
296	609	
296	610	
295	611	
296	612	
296	613	
296	614	
296	615	
296	616	
297	617	
297	618	
297	619	
297	620	
296	621	
296	622	
296	623	
297	623	
298	624	
298	625	
298	626	
298	627	
298	628	
298	629	
298	630	
297	631	
296	632	
296	633	
299	634	
296	635	
296	636	
298	636	
298	637	
298	638	
296	639	
298	640	
298	641	
298	642	
296	643	
297	644	
298	644	
296	645	
297	646	
296	647	
296	648	
296	649	
297	650	
296	651	
296	652	
296	653	
296	654	
296	655	
295	656	
296	656	
296	657	
296	658	
296	659	
294	660	
294	661	
294	662	
293	663	
294	663	
296	664	
294	665	
296	665	
296	666	
295	667	
294	668	
296	668	
295	669	
293	670	
295	671	
293	672	
294	673	
293	674	
293	675	
294	676	
293	677	
293	678	
293	679	
295	680	
295	681	
295	682	
293	684	
297	685	
297	686	
297	687	
293	688	
293	689	
293	690	
293	691	
295	694	
296	695	
293	696	
293	697	
293	698	
295	699	
295	700	
297	701	
293	702	
297	703	
297	704	
294	705	
294	706	
297	707	
296	708	
296	709	
296	710	
296	711	
295	712	
295	713	
296	714	
294	715	
295	715	
296	715	
294	716	
293	717	
294	718	
293	719	
293	720	
297	721	
297	722	
296	723	
296	724	
296	725	
293	726	
293	727	
296	728	
294	729	
296	729	
294	730	
296	731	
293	732	
293	733	
293	734	
293	735	
293	736	
296	737	
293	738	
293	739	
294	740	
294	741	
296	741	
296	742	
296	743	
296	744	
295	745	
295	746	
295	747	
296	747	
294	748	
294	749	
294	750	
296	751	
295	752	
296	752	
295	753	
293	754	
293	755	
293	756	
293	757	
293	758	
293	759	
296	760	
294	761	
294	762	
294	763	
293	764	
293	765	
293	766	
295	767	
291	768	
292	768	
291	769	
292	769	
291	770	
291	771	
295	772	
295	773	
294	774	
294	775	
294	776	
294	777	
292	778	
292	779	
291	780	
293	781	
293	782	
293	783	
293	784	
293	785	
291	786	
291	787	
291	788	
291	789	
291	790	
291	791	
287	792	
289	793	
289	794	
289	795	
289	796	
290	797	
291	798	
287	799	
287	800	
288	800	
287	801	
287	802	
288	803	
288	804	
289	804	
287	805	
287	806	
291	807	
291	808	
288	809	
288	810	
290	811	
291	812	
291	813	
287	814	
288	815	
287	816	
287	817	
287	818	
291	819	
289	820	
288	821	
287	822	
288	823	
291	824	
291	825	
291	826	
291	827	
291	828	
291	829	
290	830	
289	831	
289	832	
289	833	
291	834	
291	835	
291	836	
291	837	
291	838	
291	839	
291	840	
291	841	
291	842	
289	843	
290	844	
290	845	
289	846	
289	847	
289	848	
289	849	
290	849	
290	850	
289	851	
291	852	
291	853	
291	854	
291	855	
290	856	
290	857	
290	858	
291	859	
291	860	
290	861	
288	862	
288	863	
289	864	
289	865	
289	866	
289	867	
289	868	
289	869	
289	870	
289	871	
289	872	
289	873	
289	874	
289	875	
290	875	
289	876	
290	876	
289	877	
289	878	
291	879	
291	880	
290	881	
291	881	
291	882	
291	883	
291	884	
291	885	
289	886	
288	887	
288	888	
291	888	
291	889	
292	890	
291	891	
291	892	
291	893	
291	894	
291	895	
287	896	
287	897	
288	898	
291	899	
290	900	
291	901	
291	902	
291	903	
287	904	
288	905	
290	906	
290	907	
287	908	
287	909	
287	910	
287	911	
287	912	
287	913	
287	914	
289	915	
289	916	
287	917	
286	918	
289	919	
289	920	
289	921	
289	922	
289	923	
289	924	
289	925	
289	926	
289	927	
289	928	
287	930	
289	930	
289	931	
289	932	
287	933	
287	934	
287	935	
287	938	
287	939	
287	940	
291	941	
291	942	
287	943	
287	944	
287	945	
287	946	
291	947	
291	948	
291	949	
291	950	
289	951	
289	952	
287	959	
289	960	
289	961	
301	1079	
