275	328	
275	329	
275	330	
277	331	
275	332	
275	333	
275	334	
277	335	
277	336	
277	337	
277	338	
277	339	
277	340	
277	341	
277	342	
277	343	
277	344	
277	345	
277	346	
277	347	
277	348	
276	349	
277	349	
277	350	
277	351	
275	352	
275	353	
277	354	
277	355	
277	356	
277	357	
276	358	
277	359	
275	360	
275	361	
277	362	
275	363	
278	363	
275	364	
275	365	
275	366	
275	367	
276	368	
275	369	
276	370	
276	371	
275	372	
276	373	
275	374	
275	375	
275	376	
275	377	
274	378	
275	378	
275	379	
275	380	
275	381	
275	382	
276	383	
277	384	
275	385	
274	386	
273	387	
273	388	
273	389	
273	390	
275	391	
275	392	
275	393	
281	396	
281	397	
283	397	
283	398	
283	399	
283	400	
283	401	
283	402	
285	403	
287	404	
285	405	
285	406	
285	407	
285	408	
285	409	
285	410	
285	411	
285	412	
285	413	
287	414	
287	415	
287	416	
287	417	
285	418	
287	419	
287	420	
285	421	
285	422	
288	423	
287	424	
287	425	
287	426	
287	427	
287	428	
289	429	
289	430	
288	431	
288	432	
289	433	
288	434	
289	434	
289	435	
288	436	
288	437	
288	438	
287	439	
287	440	
288	441	
287	442	
287	443	
286	444	
288	445	
287	446	
286	447	
285	448	
285	449	
285	450	
285	451	
286	451	
285	452	
287	452	
285	453	
285	454	
285	455	
285	456	
285	457	
287	457	
285	458	
285	459	
286	460	
286	461	
286	462	
287	463	
286	464	
285	465	
285	466	
285	467	
286	468	
286	469	
286	470	
286	471	
287	471	
287	472	
286	473	
286	474	
286	475	
285	476	
285	477	
285	478	
286	478	
285	479	
284	480	
283	481	
283	482	
285	483	
285	484	
285	485	
285	486	
284	487	
284	488	
284	489	
284	490	
285	491	
285	492	
285	493	
285	494	
285	495	
285	496	
287	500	
289	501	
289	502	
289	503	
289	504	
289	505	
285	506	
289	507	
289	508	
289	509	
287	510	
287	511	
287	512	
289	513	
289	514	
289	515	
289	516	
285	517	
287	517	
291	518	
287	519	
289	520	
289	521	
289	522	
293	527	
293	528	
291	529	
291	530	
291	531	
293	532	
291	533	
291	534	
291	535	
292	536	
293	537	
291	538	
293	538	
291	539	
291	540	
291	541	
293	542	
291	543	
291	544	
291	545	
291	546	
291	547	
291	548	
292	549	
292	550	
293	551	
293	552	
290	553	
289	554	
293	555	
293	556	
293	557	
293	558	
293	559	
293	560	
293	561	
293	562	
295	563	
294	564	
294	565	
295	566	
295	567	
294	568	
295	569	
294	570	
295	571	
296	572	
295	573	
296	574	
296	575	
295	576	
296	577	
295	578	
296	579	
295	580	
296	581	
295	582	
296	583	
297	583	
296	584	
295	585	
295	586	
295	587	
295	588	
297	588	
297	589	
296	590	
298	590	
297	591	
297	592	
298	592	
298	593	
297	594	
297	595	
296	596	
296	597	
297	597	
297	598	
298	599	
297	600	
298	601	
298	602	
299	603	
299	604	
299	605	
297	606	
296	607	
299	607	
298	608	
299	609	
299	610	
299	611	
298	612	
299	613	
297	614	
299	615	
299	616	
300	617	
300	618	
301	619	
297	620	
297	621	
298	622	
299	623	
300	624	
300	625	
299	626	
299	627	
299	628	
300	629	
300	630	
300	631	
300	632	
301	633	
300	634	
300	635	
298	636	
298	637	
298	638	
300	638	
299	639	
299	640	
298	641	
298	642	
300	643	
300	644	
299	645	
298	646	
298	647	
298	648	
299	649	
298	650	
298	651	
298	652	
298	653	
298	654	
298	655	
299	656	
297	657	
298	657	
297	658	
298	659	
298	660	
297	661	
297	662	
298	662	
296	663	
296	664	
296	665	
296	666	
295	667	
295	668	
296	669	
295	670	
295	671	
295	672	
295	673	
294	674	
294	675	
295	676	
295	677	
295	678	
297	679	
296	680	
295	681	
295	682	
295	683	
295	684	
297	685	
297	686	
295	687	
295	688	
295	689	
295	690	
297	691	
297	692	
299	694	
299	695	
299	696	
299	697	
295	698	
299	699	
298	700	
296	701	
295	702	
296	703	
298	704	
297	705	
297	706	
298	707	
297	708	
298	709	
298	710	
298	711	
298	712	
298	713	
297	714	
296	715	
298	715	
298	716	
297	717	
297	718	
297	719	
297	720	
297	721	
298	721	
298	722	
298	723	
297	724	
298	725	
295	726	
295	727	
295	728	
298	729	
298	730	
300	730	
298	731	
295	732	
294	733	
295	734	
295	735	
299	736	
298	737	
295	738	
295	739	
295	740	
295	741	
295	742	
299	743	
297	744	
295	745	
295	746	
296	747	
295	748	
295	749	
295	750	
295	751	
295	752	
295	753	
295	754	
295	755	
295	756	
296	757	
294	758	
297	759	
297	760	
297	761	
297	762	
297	763	
297	764	
297	765	
296	766	
293	767	
293	768	
293	769	
295	770	
295	771	
296	772	
296	773	
294	774	
293	775	
293	776	
293	777	
293	778	
293	779	
293	780	
293	781	
293	782	
293	783	
293	784	
291	785	
291	786	
295	787	
293	788	
293	789	
291	790	
291	791	
291	792	
292	793	
293	794	
293	795	
289	796	
289	797	
289	798	
289	799	
289	800	
289	801	
291	802	
291	803	
289	804	
289	805	
289	806	
289	807	
289	808	
289	809	
289	810	
289	811	
289	812	
290	812	
289	813	
289	814	
289	815	
289	816	
293	817	
289	818	
289	819	
289	820	
290	821	
290	822	
290	823	
290	824	
292	824	
290	825	
289	826	
289	827	
290	828	
291	829	
293	830	
293	831	
293	832	
293	833	
292	834	
293	835	
293	836	
290	837	
291	838	
291	839	
292	840	
292	841	
292	842	
292	843	
292	844	
293	845	
293	846	
291	847	
290	848	
291	849	
291	850	
290	851	
293	852	
293	853	
293	854	
293	855	
293	856	
294	857	
293	858	
293	859	
293	860	
291	861	
291	862	
291	863	
291	864	
291	865	
291	866	
292	867	
293	868	
293	869	
293	870	
291	871	
291	872	
291	873	
292	874	
293	875	
293	876	
293	877	
293	878	
291	879	
291	880	
291	881	
290	882	
290	883	
293	884	
293	885	
292	886	
291	887	
290	888	
290	889	
292	890	
293	891	
292	892	
289	893	
289	894	
290	895	
293	896	
293	897	
293	898	
289	899	
289	900	
289	901	
289	902	
289	903	
289	904	
289	905	
289	906	
289	907	
289	908	
291	909	
289	910	
289	911	
289	912	
291	913	
291	914	
291	915	
287	916	
287	917	
291	918	
291	919	
291	920	
291	921	
291	922	
289	923	
289	924	
291	927	
291	928	
291	929	
291	930	
287	931	
287	932	
291	933	
291	934	
289	935	
289	936	
289	937	
289	938	
289	939	
289	940	
293	940	
293	941	
289	942	
291	943	
291	944	
293	945	
293	946	
293	947	
293	948	
289	949	
289	950	
289	951	
289	952	
299	1046	
299	1047	
301	1049	
299	1051	
