210	61	
277	326	
277	327	
277	328	
277	329	
279	330	
279	331	
279	332	
277	333	
279	334	
279	335	
279	336	
279	337	
279	338	
279	339	
277	340	
278	341	
279	342	
279	343	
278	344	
278	345	
279	346	
279	347	
279	348	
279	349	
279	350	
280	350	
279	351	
279	352	
279	353	
279	354	
277	355	
277	356	
277	357	
279	358	
279	359	
279	360	
277	361	
277	362	
277	363	
277	364	
279	365	
279	366	
279	367	
279	368	
277	369	
277	370	
278	371	
277	372	
277	373	
277	374	
277	375	
277	376	
277	377	
277	378	
277	379	
275	380	
275	381	
276	382	
277	382	
277	383	
277	384	
277	385	
277	386	
277	387	
277	388	
277	389	
275	390	
275	391	
275	392	
275	393	
285	395	
283	396	
287	398	
287	399	
287	400	
287	401	
285	402	
285	403	
285	404	
289	405	
289	406	
289	407	
289	408	
289	409	
289	410	
287	411	
287	412	
287	413	
287	414	
287	415	
287	416	
287	417	
287	418	
288	418	
288	419	
289	419	
289	420	
289	421	
289	422	
287	423	
287	424	
287	425	
287	426	
289	427	
289	428	
289	429	
289	430	
290	431	
290	432	
287	433	
287	434	
288	435	
290	435	
288	436	
289	437	
288	438	
288	439	
290	440	
287	441	
287	442	
290	443	
288	444	
287	445	
288	445	
287	446	
287	447	
288	448	
288	449	
288	450	
289	451	
287	452	
288	453	
288	454	
288	455	
288	456	
288	457	
289	458	
289	459	
288	460	
287	461	
288	461	
288	462	
287	463	
288	464	
288	465	
288	466	
288	467	
288	468	
288	469	
288	470	
288	471	
288	472	
288	473	
288	474	
288	475	
288	476	
288	477	
287	478	
286	479	
287	479	
285	480	
285	481	
285	482	
285	483	
285	484	
285	485	
285	486	
286	486	
286	487	
287	488	
287	489	
287	490	
287	491	
285	492	
285	493	
285	494	
285	495	
286	496	
287	497	
287	498	
289	500	
289	504	
287	505	
287	506	
287	507	
289	508	
289	509	
291	510	
287	511	
287	512	
289	513	
289	514	
289	515	
287	516	
287	517	
289	517	
289	518	
289	519	
289	520	
299	521	
299	522	
293	524	
291	526	
291	529	
291	530	
291	533	
291	534	
291	535	
291	536	
291	537	
291	538	
291	539	
293	540	
292	541	
295	542	
291	543	
291	544	
291	545	
291	546	
291	547	
291	548	
292	549	
293	550	
293	551	
293	552	
293	553	
293	554	
293	555	
293	556	
293	557	
293	558	
293	559	
297	560	
293	561	
294	561	
295	562	
295	563	
297	564	
296	565	
297	566	
297	567	
295	568	
295	569	
299	570	
299	571	
299	572	
299	573	
298	574	
299	575	
297	576	
297	577	
297	578	
297	579	
297	580	
297	581	
297	582	
298	582	
298	583	
297	584	
297	585	
297	586	
300	587	
301	588	
300	589	
300	590	
300	591	
300	592	
299	593	
298	594	
301	595	
300	596	
299	597	
300	598	
300	599	
299	600	
299	601	
300	602	
301	603	
300	604	
300	605	
299	606	
299	607	
302	608	
302	609	
301	610	
299	611	
300	611	
300	612	
300	613	
300	614	
300	615	
300	616	
301	617	
301	618	
301	619	
299	620	
299	621	
301	622	
301	623	
302	624	
301	625	
302	626	
301	627	
300	628	
299	629	
302	630	
301	631	
300	632	
300	633	
299	634	
302	635	
302	636	
303	637	
302	638	
301	639	
302	640	
302	641	
302	642	
300	643	
301	644	
299	645	
301	646	
301	647	
301	648	
299	649	
299	650	
299	651	
300	652	
299	653	
298	654	
299	654	
298	655	
298	656	
298	657	
297	658	
297	659	
297	660	
298	661	
298	662	
300	663	
300	664	
299	665	
300	665	
299	666	
299	667	
299	668	
299	669	
299	670	
300	670	
299	671	
297	672	
298	673	
298	674	
299	674	
298	675	
298	676	
297	677	
297	678	
300	679	
300	680	
298	681	
300	682	
297	683	
298	684	
297	685	
298	686	
298	687	
300	688	
300	689	
300	690	
300	691	
297	692	
297	693	
298	694	
297	695	
297	696	
298	696	
297	697	
297	698	
298	699	
298	700	
297	701	
299	702	
297	703	
297	704	
297	705	
297	706	
297	707	
298	708	
297	709	
297	710	
297	711	
296	712	
298	713	
298	714	
297	715	
297	716	
297	717	
299	718	
297	719	
297	720	
297	721	
298	721	
299	721	
298	722	
298	723	
297	724	
297	725	
298	726	
300	727	
300	728	
298	729	
299	729	
299	730	
299	731	
299	732	
298	733	
298	734	
298	735	
297	736	
298	737	
299	738	
298	739	
297	740	
297	741	
297	742	
298	742	
299	743	
299	744	
297	745	
297	746	
297	747	
300	748	
300	749	
299	750	
297	751	
299	752	
299	753	
298	754	
297	755	
297	756	
301	757	
301	758	
297	759	
301	759	
299	760	
297	761	
297	762	
299	763	
299	764	
299	765	
299	766	
299	767	
295	768	
295	769	
295	770	
296	770	
296	771	
296	772	
298	773	
298	774	
295	775	
295	776	
295	777	
295	778	
295	779	
295	780	
295	781	
297	782	
297	783	
297	784	
297	785	
297	786	
296	787	
295	788	
294	789	
293	790	
293	791	
295	792	
293	793	
293	794	
294	795	
294	796	
294	797	
295	798	
291	799	
291	800	
291	801	
291	802	
291	803	
292	804	
291	805	
292	805	
292	806	
291	807	
292	807	
292	808	
293	809	
293	810	
292	811	
291	812	
294	813	
294	814	
291	815	
292	816	
292	817	
292	818	
292	819	
293	820	
291	821	
291	822	
291	823	
291	824	
291	825	
292	825	
291	826	
291	827	
291	828	
295	829	
295	830	
295	831	
295	832	
295	833	
292	834	
293	835	
294	836	
292	837	
292	838	
295	838	
295	839	
295	840	
295	841	
295	842	
294	843	
293	844	
295	845	
294	846	
294	847	
293	848	
293	849	
292	850	
291	851	
291	852	
293	853	
294	853	
293	854	
294	855	
292	856	
295	857	
295	858	
293	859	
293	860	
292	861	
295	862	
295	863	
295	864	
291	865	
291	866	
293	867	
293	868	
293	869	
293	870	
294	871	
295	872	
291	873	
291	874	
291	875	
291	876	
295	877	
295	878	
292	879	
295	880	
295	881	
295	882	
295	883	
295	884	
295	885	
292	886	
292	887	
294	888	
294	889	
295	890	
294	891	
294	892	
293	893	
293	894	
295	895	
295	896	
291	897	
291	898	
294	899	
293	900	
293	901	
293	902	
293	903	
291	904	
291	905	
291	906	
291	907	
291	908	
291	909	
291	910	
291	911	
291	912	
291	913	
291	914	
293	915	
293	916	
293	917	
293	918	
293	919	
289	920	
289	921	
289	922	
289	923	
293	929	
293	930	
289	931	
290	932	
290	933	
291	934	
293	935	
291	936	
291	937	
291	938	
295	939	
295	940	
293	941	
293	942	
295	943	
291	944	
291	945	
291	946	
291	947	
291	948	
291	949	
291	951	
291	952	
295	953	
303	1051	
