279	324	
279	325	
281	326	
281	327	
281	328	
281	329	
283	330	
280	331	
281	332	
281	333	
281	334	
281	335	
281	336	
281	337	
282	338	
282	339	
282	340	
282	341	
282	342	
282	343	
282	344	
279	345	
280	346	
281	347	
281	348	
281	349	
281	350	
281	351	
280	352	
279	353	
279	354	
279	355	
281	356	
281	357	
281	358	
280	359	
281	360	
281	361	
280	362	
279	363	
280	364	
279	365	
279	366	
280	367	
279	368	
279	369	
279	370	
279	371	
279	372	
279	373	
280	374	
281	375	
279	376	
279	377	
280	378	
280	379	
280	380	
280	381	
279	382	
279	383	
279	384	
279	385	
278	386	
278	387	
279	388	
279	389	
279	390	
279	391	
279	392	
279	393	
279	394	
285	396	
285	397	
289	398	
289	399	
289	400	
287	401	
287	402	
289	403	
289	404	
289	405	
289	406	
289	407	
289	408	
289	409	
289	410	
290	410	
289	411	
289	412	
289	413	
291	414	
291	415	
291	416	
289	417	
290	418	
291	419	
291	420	
291	421	
290	422	
292	423	
289	424	
290	425	
292	426	
293	427	
293	428	
292	429	
291	430	
291	431	
291	432	
291	433	
291	434	
291	435	
292	436	
292	437	
291	438	
292	438	
291	439	
291	440	
292	441	
292	442	
293	443	
291	444	
291	445	
291	446	
291	447	
290	448	
291	448	
290	449	
289	450	
290	450	
289	451	
289	452	
289	453	
289	454	
289	455	
290	456	
290	457	
289	458	
289	459	
289	460	
289	461	
289	462	
289	463	
289	464	
289	465	
289	466	
289	467	
289	468	
289	469	
289	470	
289	471	
289	472	
290	472	
290	473	
289	474	
289	475	
289	476	
289	477	
289	478	
289	479	
289	480	
289	481	
289	482	
289	483	
290	484	
290	485	
287	486	
288	487	
288	488	
288	489	
288	490	
287	491	
287	492	
287	493	
289	494	
289	495	
287	496	
288	497	
288	498	
287	499	
287	500	
289	501	
289	502	
289	503	
291	504	
291	508	
289	509	
289	510	
289	511	
289	512	
289	513	
289	514	
289	515	
289	516	
289	517	
289	518	
289	519	
289	520	
289	521	
290	522	
293	523	
293	524	
291	525	
291	526	
291	527	
292	528	
295	530	
295	531	
295	532	
293	533	
292	534	
293	535	
295	536	
295	537	
293	538	
293	539	
293	540	
293	541	
295	542	
295	543	
295	544	
295	545	
294	546	
294	547	
294	548	
294	549	
295	550	
295	551	
296	552	
294	553	
295	554	
296	555	
298	556	
298	557	
297	558	
297	559	
297	560	
299	561	
299	562	
300	563	
299	564	
299	565	
299	566	
299	567	
300	568	
301	568	
301	569	
299	570	
299	571	
301	572	
300	573	
301	574	
301	575	
300	576	
301	576	
301	577	
300	578	
300	579	
300	580	
300	581	
301	582	
302	583	
301	584	
301	585	
301	586	
301	587	
303	588	
303	589	
301	590	
301	591	
301	592	
301	593	
301	594	
301	595	
301	596	
301	597	
301	598	
301	599	
302	600	
303	601	
304	602	
305	603	
301	604	
301	605	
304	606	
303	607	
303	608	
303	609	
303	610	
303	611	
303	612	
304	613	
304	614	
303	615	
302	616	
303	616	
304	617	
305	618	
305	619	
304	620	
305	620	
305	621	
304	622	
305	623	
304	624	
303	625	
304	626	
304	627	
304	628	
304	629	
305	629	
304	630	
304	631	
304	632	
304	633	
305	634	
304	635	
304	636	
305	636	
302	637	
302	638	
303	639	
301	640	
302	640	
303	640	
305	641	
306	642	
305	643	
301	644	
302	645	
302	646	
305	646	
305	647	
304	648	
305	649	
305	650	
305	651	
305	652	
302	653	
301	654	
303	655	
303	656	
303	657	
302	658	
302	659	
303	660	
303	661	
303	662	
303	663	
303	664	
303	665	
300	666	
303	666	
303	667	
300	668	
303	669	
304	670	
302	671	
303	672	
302	673	
301	674	
301	675	
301	676	
302	676	
302	677	
301	678	
302	679	
302	680	
302	681	
300	682	
300	683	
302	683	
301	684	
301	685	
301	686	
302	687	
299	688	
300	689	
299	690	
301	691	
300	692	
300	693	
301	694	
301	695	
300	696	
300	697	
302	697	
301	698	
301	699	
300	700	
300	701	
302	702	
302	703	
302	704	
302	705	
302	706	
302	707	
303	708	
303	709	
302	710	
303	711	
303	712	
303	713	
302	714	
302	715	
302	716	
302	717	
303	718	
303	719	
302	720	
302	721	
302	722	
303	723	
303	724	
300	725	
301	726	
303	726	
301	727	
303	727	
301	728	
301	729	
301	730	
301	731	
301	732	
302	733	
302	734	
302	735	
301	736	
301	737	
302	738	
302	739	
302	740	
302	741	
303	741	
303	742	
303	743	
304	743	
303	744	
303	745	
302	746	
301	747	
301	748	
303	749	
302	750	
302	751	
301	752	
302	752	
300	753	
301	753	
301	754	
301	755	
302	756	
303	757	
303	758	
300	759	
300	760	
301	760	
300	761	
301	761	
300	762	
299	763	
299	764	
298	765	
300	766	
299	767	
299	768	
299	769	
300	770	
300	771	
301	772	
300	773	
300	774	
300	775	
301	776	
299	777	
299	778	
297	779	
297	780	
297	781	
297	782	
297	783	
297	784	
297	785	
297	786	
297	787	
296	788	
296	789	
297	790	
299	791	
299	792	
298	793	
295	794	
295	795	
295	796	
295	797	
295	798	
295	799	
295	800	
295	801	
295	802	
296	803	
296	804	
296	805	
296	806	
294	807	
294	808	
294	809	
294	810	
294	811	
293	812	
293	813	
293	814	
293	815	
297	816	
297	817	
297	818	
297	819	
294	820	
294	821	
296	822	
296	823	
296	824	
294	825	
294	826	
293	827	
297	828	
297	829	
297	830	
297	831	
293	832	
297	833	
296	834	
297	835	
298	836	
297	837	
297	838	
297	839	
293	840	
297	841	
297	842	
295	843	
296	843	
297	844	
297	845	
295	846	
295	847	
295	848	
295	849	
297	850	
297	851	
297	852	
296	853	
295	854	
297	855	
295	856	
295	857	
295	858	
297	859	
297	860	
297	861	
297	862	
295	863	
295	864	
295	865	
295	866	
295	867	
295	868	
295	869	
295	870	
295	871	
295	872	
295	873	
295	874	
295	875	
295	876	
294	877	
295	878	
296	879	
296	880	
296	881	
295	882	
295	883	
295	884	
295	885	
297	886	
295	887	
295	888	
295	889	
295	890	
295	891	
295	892	
297	893	
297	894	
293	895	
293	896	
297	897	
295	898	
295	899	
295	900	
297	901	
297	902	
297	903	
297	904	
294	905	
294	906	
296	907	
296	908	
297	908	
296	909	
297	910	
297	911	
297	912	
293	913	
293	914	
296	915	
294	916	
294	917	
295	918	
296	919	
295	920	
293	921	
293	922	
295	923	
293	930	
293	931	
297	938	
297	939	
297	940	
297	941	
297	942	
295	943	
297	944	
297	945	
297	946	
295	947	
295	948	
295	949	
293	951	
305	1057	
311	1090	
313	1091	
313	1092	
313	1093	
311	1102	
