285	316	
287	317	
287	318	
289	319	
289	320	
287	321	
287	322	
287	323	
287	324	
287	325	
287	326	
287	327	
287	328	
288	329	
289	330	
289	331	
288	332	
288	333	
287	334	
287	335	
287	336	
287	337	
287	338	
287	339	
286	340	
285	341	
287	342	
287	343	
287	344	
285	345	
287	346	
287	347	
287	348	
286	349	
286	350	
286	351	
287	352	
287	353	
287	354	
287	355	
285	356	
285	357	
285	358	
287	359	
285	360	
284	361	
285	362	
285	363	
285	364	
285	365	
286	366	
285	367	
286	368	
285	369	
285	370	
286	371	
285	372	
286	372	
285	373	
285	374	
285	375	
285	376	
285	377	
285	378	
285	379	
285	380	
285	381	
285	382	
286	383	
286	384	
286	385	
285	386	
285	387	
285	388	
285	389	
285	390	
285	391	
285	392	
285	393	
287	394	
287	395	
287	396	
291	399	
295	400	
295	401	
295	402	
295	403	
295	404	
293	405	
293	406	
293	407	
293	408	
296	408	
297	409	
294	410	
294	411	
294	412	
295	413	
295	414	
295	415	
295	416	
295	417	
295	418	
295	419	
295	420	
295	421	
295	422	
297	423	
297	424	
297	425	
297	426	
297	427	
296	428	
295	429	
295	430	
296	431	
296	432	
297	433	
298	434	
297	435	
297	436	
296	437	
296	438	
298	439	
298	440	
296	441	
295	442	
297	443	
297	444	
297	445	
298	446	
298	447	
297	448	
297	449	
296	450	
295	451	
295	452	
295	453	
295	454	
295	455	
296	456	
296	457	
297	458	
297	459	
297	460	
295	461	
296	461	
296	462	
296	463	
296	464	
297	465	
297	466	
297	467	
296	468	
298	469	
297	470	
297	471	
297	472	
296	473	
295	474	
295	475	
296	476	
296	477	
297	478	
297	479	
297	480	
297	481	
297	482	
295	483	
296	484	
295	485	
295	486	
296	487	
295	488	
295	489	
295	490	
293	491	
295	492	
294	493	
294	494	
294	495	
293	496	
293	497	
293	498	
293	499	
293	500	
294	500	
293	501	
293	502	
293	503	
293	504	
294	505	
294	506	
294	507	
293	508	
293	509	
295	510	
295	511	
295	512	
295	513	
296	514	
293	515	
293	516	
293	517	
295	518	
295	519	
295	520	
295	521	
297	522	
297	523	
296	524	
295	525	
295	526	
296	527	
297	528	
297	529	
297	530	
298	531	
298	532	
297	533	
297	534	
298	535	
299	536	
301	537	
301	538	
301	539	
301	540	
299	541	
299	542	
299	543	
299	544	
300	544	
300	545	
300	546	
300	547	
300	548	
301	549	
301	550	
302	551	
302	552	
304	553	
305	554	
305	555	
305	556	
305	557	
301	558	
302	559	
303	560	
307	561	
307	562	
307	563	
307	564	
304	565	
304	566	
304	567	
307	568	
307	569	
304	570	
305	571	
305	572	
305	573	
306	574	
305	575	
305	576	
307	577	
307	578	
306	579	
306	580	
305	581	
305	582	
305	583	
306	584	
307	585	
305	586	
305	587	
305	588	
306	588	
306	589	
306	590	
307	591	
307	592	
307	593	
308	594	
308	595	
308	596	
308	597	
307	598	
308	599	
309	600	
310	601	
308	602	
307	603	
307	604	
311	604	
307	605	
308	606	
309	607	
308	608	
308	609	
307	610	
308	610	
308	611	
308	612	
307	613	
308	613	
310	614	
310	615	
310	616	
310	617	
310	618	
309	619	
311	620	
308	621	
308	622	
308	623	
309	624	
310	625	
310	626	
309	627	
310	627	
310	628	
309	629	
310	629	
311	629	
309	630	
309	631	
310	632	
310	633	
310	634	
310	635	
310	636	
309	637	
309	638	
309	639	
309	640	
309	641	
310	642	
310	643	
310	644	
309	645	
311	646	
310	647	
309	648	
309	649	
310	650	
310	651	
309	652	
311	653	
310	654	
310	655	
310	656	
311	657	
311	658	
311	659	
311	660	
312	661	
312	662	
309	663	
307	664	
307	665	
307	666	
307	667	
307	668	
307	669	
308	670	
307	671	
308	672	
309	673	
308	674	
307	675	
307	676	
308	676	
306	677	
308	678	
307	679	
307	680	
308	681	
309	682	
308	683	
309	684	
308	685	
309	686	
309	687	
309	688	
305	689	
305	690	
305	691	
306	692	
306	693	
306	694	
307	695	
308	695	
306	696	
307	696	
306	697	
306	698	
307	699	
307	700	
307	701	
307	702	
308	703	
308	704	
308	705	
308	706	
307	707	
307	708	
307	709	
308	710	
309	711	
309	712	
307	713	
307	714	
307	715	
308	716	
307	717	
308	717	
307	718	
306	719	
306	720	
307	721	
307	722	
307	723	
308	724	
307	725	
309	726	
309	727	
309	728	
308	729	
307	730	
307	731	
307	732	
307	733	
308	734	
308	735	
308	736	
309	737	
307	738	
309	739	
307	740	
307	741	
307	742	
308	743	
307	744	
308	744	
309	744	
310	745	
310	746	
307	747	
307	748	
309	749	
307	750	
306	751	
306	752	
306	753	
307	753	
307	754	
307	755	
308	756	
309	757	
308	758	
309	759	
309	760	
309	761	
309	762	
309	763	
309	764	
309	765	
308	766	
306	767	
306	768	
305	769	
305	770	
306	771	
307	772	
307	773	
305	774	
305	775	
305	776	
305	777	
305	778	
305	779	
305	780	
307	781	
303	782	
303	783	
303	784	
304	784	
304	785	
304	786	
304	787	
303	788	
303	789	
303	790	
303	791	
304	792	
301	793	
304	793	
305	793	
301	794	
301	795	
301	796	
301	797	
303	798	
301	799	
301	800	
301	801	
301	802	
303	803	
299	804	
299	805	
299	806	
299	807	
299	808	
299	809	
299	810	
299	811	
299	812	
300	812	
299	813	
299	814	
299	815	
299	816	
299	817	
299	818	
299	819	
299	820	
300	821	
299	822	
300	822	
300	823	
300	824	
302	825	
302	826	
303	827	
303	828	
300	829	
302	829	
302	830	
302	831	
303	832	
303	833	
302	834	
300	835	
300	836	
303	837	
303	838	
303	839	
303	840	
301	841	
301	842	
299	843	
299	844	
299	845	
301	846	
302	847	
302	848	
302	849	
303	849	
302	850	
301	851	
302	851	
302	852	
300	853	
301	854	
301	855	
301	856	
301	857	
303	858	
300	859	
301	860	
301	861	
302	862	
300	863	
301	863	
299	864	
303	865	
300	866	
300	867	
300	868	
301	869	
301	870	
300	871	
300	872	
301	873	
303	874	
303	875	
303	876	
303	877	
303	878	
303	879	
303	880	
301	881	
301	882	
302	883	
303	883	
303	884	
302	885	
302	886	
302	887	
303	888	
303	889	
303	890	
303	891	
299	892	
300	893	
301	894	
301	895	
300	896	
303	897	
303	898	
302	899	
301	900	
299	901	
299	902	
299	903	
299	904	
299	905	
300	906	
301	907	
300	908	
301	908	
300	909	
299	910	
303	911	
301	912	
301	913	
301	914	
299	915	
299	916	
299	917	
300	918	
299	919	
302	920	
298	921	
299	921	
301	922	
301	923	
301	924	
299	941	
301	942	
301	943	
299	947	
299	948	
299	949	
299	950	
299	951	
319	1082	
319	1083	
315	1084	
315	1085	
