223	37	
287	312	
287	313	
289	314	
289	315	
289	316	
289	317	
289	318	
289	319	
289	320	
289	321	
287	322	
287	323	
287	324	
289	325	
289	326	
289	327	
289	328	
290	328	
289	329	
287	330	
287	331	
287	332	
289	333	
289	334	
289	335	
289	336	
289	337	
289	338	
289	339	
289	340	
289	341	
289	342	
288	343	
287	344	
287	345	
287	346	
288	347	
288	348	
287	349	
287	350	
288	351	
288	352	
287	353	
288	354	
288	355	
289	356	
287	357	
287	358	
287	359	
287	360	
287	361	
288	362	
287	363	
287	364	
288	365	
286	366	
285	367	
286	368	
287	369	
286	370	
286	371	
286	372	
287	373	
288	374	
288	375	
287	376	
287	377	
287	378	
287	379	
287	380	
287	381	
285	382	
285	383	
285	384	
287	385	
287	386	
289	386	
289	387	
289	388	
287	389	
287	390	
287	391	
287	392	
289	393	
289	394	
289	395	
289	396	
293	397	
293	398	
297	402	
295	404	
295	405	
295	406	
297	407	
297	408	
295	409	
295	410	
295	411	
295	412	
296	413	
299	414	
299	415	
298	416	
297	417	
297	418	
297	419	
298	420	
299	421	
297	422	
297	423	
297	424	
297	425	
297	426	
299	427	
299	428	
297	429	
297	430	
299	431	
299	432	
297	433	
298	434	
299	435	
299	436	
299	437	
299	438	
299	439	
299	440	
299	441	
298	442	
297	443	
297	444	
298	445	
298	446	
299	447	
299	448	
300	448	
299	449	
299	450	
299	451	
299	452	
299	453	
299	454	
298	455	
299	455	
298	456	
298	457	
297	458	
297	459	
299	460	
299	461	
299	462	
299	463	
297	464	
298	464	
298	465	
298	466	
298	467	
298	468	
298	469	
298	470	
298	471	
298	472	
297	473	
297	474	
299	475	
297	476	
298	477	
297	478	
299	479	
297	480	
298	481	
297	482	
295	483	
295	484	
296	484	
296	485	
296	486	
296	487	
296	488	
296	489	
296	490	
296	491	
296	492	
295	493	
297	494	
296	495	
297	496	
296	497	
296	498	
296	499	
295	500	
297	501	
296	502	
295	503	
296	504	
296	505	
296	506	
297	507	
297	508	
296	509	
295	510	
295	511	
296	511	
295	512	
295	513	
295	514	
295	515	
295	516	
295	517	
295	518	
297	519	
297	520	
298	521	
299	522	
299	523	
299	524	
299	525	
299	526	
299	527	
300	528	
300	529	
297	530	
297	531	
297	532	
301	533	
300	534	
301	534	
299	535	
299	536	
299	537	
303	538	
303	539	
303	540	
302	541	
302	542	
301	543	
302	544	
301	545	
301	546	
301	547	
301	548	
305	549	
305	550	
305	551	
305	552	
306	553	
305	554	
306	555	
306	556	
303	557	
303	558	
306	559	
305	560	
308	561	
308	562	
306	563	
307	564	
306	565	
305	566	
308	567	
309	568	
308	569	
308	570	
308	571	
308	572	
308	573	
307	574	
307	575	
308	576	
307	577	
310	578	
307	579	
307	580	
307	581	
307	582	
308	583	
308	584	
311	585	
309	586	
310	587	
310	588	
311	589	
310	590	
310	591	
310	592	
310	593	
311	594	
309	595	
309	596	
310	597	
309	598	
309	599	
309	600	
309	601	
309	602	
309	603	
309	604	
309	605	
311	606	
311	607	
309	608	
312	609	
313	610	
313	611	
309	612	
309	613	
310	614	
309	615	
310	615	
310	616	
309	617	
312	618	
312	619	
313	620	
313	621	
312	622	
313	622	
311	623	
312	624	
311	625	
311	626	
311	627	
311	628	
311	629	
311	630	
312	630	
311	631	
311	632	
311	633	
311	634	
312	635	
312	636	
311	637	
311	638	
313	639	
309	640	
311	641	
313	642	
311	643	
312	644	
311	645	
311	646	
312	646	
312	647	
312	648	
312	649	
312	650	
311	651	
311	652	
311	653	
312	653	
312	654	
312	655	
312	656	
312	657	
312	658	
314	658	
312	659	
313	660	
314	661	
309	662	
310	662	
313	663	
312	664	
313	664	
312	665	
312	666	
310	667	
311	668	
311	669	
310	670	
309	671	
310	672	
310	673	
311	674	
310	675	
310	676	
309	677	
310	678	
310	679	
306	680	
308	681	
307	682	
310	683	
310	684	
310	685	
310	686	
310	687	
310	688	
308	689	
309	690	
309	691	
308	692	
311	692	
310	693	
310	694	
310	695	
309	696	
309	697	
309	698	
309	699	
310	700	
307	701	
308	701	
310	702	
310	703	
310	704	
310	705	
310	706	
311	707	
310	708	
310	709	
310	710	
310	711	
310	712	
307	713	
313	714	
312	715	
311	716	
310	717	
310	718	
311	719	
310	720	
309	721	
310	721	
309	722	
309	723	
309	724	
310	725	
310	726	
310	727	
310	728	
310	729	
310	730	
310	731	
310	732	
309	733	
309	734	
310	735	
309	736	
309	737	
309	738	
308	739	
309	739	
312	739	
309	740	
309	741	
309	742	
310	742	
310	743	
311	744	
310	745	
310	746	
310	747	
310	748	
309	749	
311	749	
310	750	
310	751	
310	752	
309	753	
309	754	
310	755	
309	756	
311	756	
309	757	
310	758	
310	759	
311	760	
311	761	
311	762	
311	763	
310	764	
310	765	
310	766	
310	767	
311	768	
310	769	
307	770	
307	771	
307	772	
307	773	
307	774	
306	775	
306	776	
306	777	
307	778	
307	779	
307	780	
307	781	
307	782	
307	783	
307	784	
305	785	
305	786	
305	787	
305	788	
305	789	
307	790	
305	791	
304	792	
307	793	
307	794	
303	795	
303	796	
303	797	
303	798	
303	799	
303	800	
303	801	
303	802	
303	803	
303	804	
301	805	
301	806	
304	807	
303	808	
302	809	
301	810	
301	811	
301	812	
301	813	
301	814	
301	815	
301	816	
301	817	
301	818	
301	819	
301	820	
301	821	
301	822	
302	823	
303	824	
304	825	
301	826	
301	827	
302	828	
304	829	
304	830	
304	831	
304	832	
301	833	
301	834	
301	835	
304	836	
305	837	
305	838	
301	839	
302	840	
304	840	
304	841	
305	841	
305	842	
305	843	
305	844	
305	845	
306	846	
305	847	
305	848	
302	849	
303	850	
303	851	
303	852	
302	853	
301	854	
301	855	
301	856	
302	856	
304	857	
303	858	
304	858	
305	859	
305	860	
305	861	
305	862	
305	863	
305	864	
305	865	
305	866	
305	867	
301	868	
303	869	
303	870	
302	871	
301	872	
301	873	
302	873	
303	874	
302	875	
302	876	
301	877	
305	878	
305	879	
305	880	
301	881	
301	882	
302	883	
305	884	
305	885	
305	886	
302	887	
301	888	
301	889	
301	890	
303	891	
305	892	
305	893	
301	894	
305	895	
305	896	
301	897	
304	898	
303	899	
303	900	
305	901	
305	902	
301	903	
301	904	
301	905	
301	906	
304	907	
303	908	
303	909	
303	910	
305	911	
303	912	
303	913	
303	914	
301	915	
301	916	
302	917	
303	918	
299	919	
299	920	
304	921	
303	922	
303	923	
305	949	
