223	51	
221	73	
291	312	
291	313	
291	314	
291	315	
291	316	
289	317	
289	318	
289	319	
289	320	
289	321	
289	322	
289	323	
289	324	
289	325	
289	326	
290	327	
290	328	
289	329	
289	330	
289	331	
289	332	
289	333	
289	334	
289	335	
289	336	
289	337	
290	338	
290	339	
289	340	
289	341	
289	342	
290	343	
287	344	
287	345	
289	346	
290	347	
289	348	
289	349	
289	350	
289	351	
289	352	
287	353	
287	354	
288	354	
289	354	
288	355	
288	356	
288	357	
289	358	
287	359	
288	359	
287	360	
287	361	
288	362	
289	363	
287	364	
288	365	
287	366	
287	367	
287	368	
287	369	
287	370	
287	371	
287	372	
287	373	
288	374	
288	375	
289	376	
289	377	
289	378	
289	379	
287	380	
287	381	
287	382	
288	383	
288	384	
287	385	
288	386	
289	387	
290	387	
289	388	
289	389	
289	390	
289	391	
289	392	
289	393	
289	394	
289	395	
289	396	
289	397	
293	399	
297	400	
297	401	
297	402	
297	403	
295	404	
295	405	
295	406	
295	407	
295	408	
297	409	
297	410	
297	411	
297	412	
299	413	
299	414	
297	415	
297	416	
297	417	
297	418	
297	419	
299	420	
299	421	
299	422	
297	423	
297	424	
299	425	
298	426	
299	427	
299	428	
299	429	
298	430	
298	431	
301	432	
300	433	
300	434	
301	435	
301	436	
301	437	
299	438	
299	439	
299	440	
299	441	
299	442	
299	443	
300	444	
300	445	
300	446	
299	447	
298	448	
298	449	
298	450	
299	451	
299	452	
299	453	
299	454	
297	455	
297	456	
298	457	
298	458	
298	459	
297	460	
297	461	
298	462	
297	463	
299	464	
299	465	
297	466	
297	467	
298	468	
299	469	
299	470	
299	471	
299	472	
299	473	
297	474	
298	474	
298	475	
298	476	
298	477	
298	478	
298	479	
298	480	
298	481	
298	482	
298	483	
298	484	
297	485	
298	486	
297	487	
296	488	
299	489	
298	490	
297	491	
297	492	
297	493	
296	494	
297	495	
297	496	
297	497	
297	498	
296	499	
296	500	
297	500	
296	501	
297	502	
296	503	
295	504	
296	505	
296	506	
295	507	
296	508	
297	508	
296	509	
296	510	
296	511	
298	512	
295	513	
297	513	
297	514	
296	515	
299	516	
299	517	
299	518	
297	519	
297	520	
298	521	
299	522	
299	523	
301	524	
301	525	
298	526	
300	527	
299	528	
299	529	
299	530	
299	531	
303	532	
299	533	
301	534	
301	535	
303	536	
303	537	
303	538	
301	539	
303	540	
303	541	
303	542	
303	543	
304	543	
304	544	
305	545	
305	546	
305	547	
303	548	
303	549	
305	550	
305	551	
305	552	
306	553	
305	554	
306	555	
305	556	
305	557	
308	557	
307	558	
307	559	
308	560	
307	561	
308	561	
308	562	
308	563	
307	564	
307	565	
308	565	
308	566	
309	567	
310	568	
307	569	
308	570	
308	571	
309	571	
309	572	
309	573	
310	574	
309	575	
309	576	
309	577	
309	578	
309	579	
310	580	
311	581	
310	582	
310	583	
310	584	
309	585	
310	585	
310	586	
309	587	
309	588	
309	589	
309	590	
310	591	
310	592	
312	593	
310	594	
310	595	
310	596	
312	596	
312	597	
310	598	
310	599	
312	600	
311	601	
312	601	
311	602	
311	603	
313	604	
312	605	
312	606	
312	607	
312	608	
312	609	
312	610	
312	611	
312	612	
312	613	
313	614	
311	615	
313	615	
313	616	
312	617	
312	618	
312	619	
314	620	
313	621	
314	622	
314	623	
314	624	
312	625	
314	626	
315	627	
315	628	
315	629	
312	630	
313	631	
314	632	
313	633	
313	634	
311	635	
311	636	
314	637	
313	638	
311	639	
311	640	
311	641	
314	641	
314	642	
313	643	
313	644	
313	645	
313	646	
314	646	
313	647	
313	648	
314	649	
312	650	
312	651	
313	652	
313	653	
312	654	
312	655	
314	656	
313	657	
314	658	
311	659	
315	660	
315	661	
315	662	
315	663	
314	664	
312	665	
311	666	
312	666	
311	667	
312	668	
311	669	
311	670	
311	671	
309	672	
309	673	
312	673	
312	674	
309	675	
310	676	
310	677	
310	678	
310	679	
311	680	
311	681	
311	682	
311	683	
310	684	
310	685	
310	686	
309	687	
310	688	
310	689	
309	690	
311	690	
309	691	
309	692	
310	693	
310	694	
310	695	
310	696	
309	697	
310	698	
310	699	
310	700	
310	701	
310	702	
310	703	
310	704	
309	705	
309	706	
309	707	
309	708	
310	709	
311	710	
309	711	
310	711	
309	712	
310	713	
310	714	
310	715	
309	716	
310	716	
313	717	
312	718	
312	719	
311	720	
312	721	
311	722	
312	723	
311	724	
312	724	
312	725	
313	726	
313	727	
312	728	
312	729	
311	730	
311	731	
312	732	
313	733	
310	734	
310	735	
309	736	
309	737	
312	738	
311	739	
310	740	
309	741	
310	741	
309	742	
311	743	
311	744	
309	745	
311	745	
309	746	
309	747	
312	748	
312	749	
312	750	
309	751	
309	752	
309	753	
313	754	
313	755	
309	756	
310	757	
309	758	
309	759	
309	760	
309	761	
310	762	
311	762	
311	763	
309	764	
309	765	
309	766	
311	767	
311	768	
311	769	
307	770	
308	771	
309	772	
308	773	
310	774	
310	775	
310	776	
308	777	
307	778	
307	779	
307	780	
307	781	
309	782	
306	783	
306	784	
308	785	
308	786	
309	786	
305	787	
305	788	
305	789	
305	790	
305	791	
305	792	
305	793	
305	794	
305	795	
306	795	
307	796	
307	797	
307	798	
307	799	
307	800	
307	801	
307	802	
303	803	
303	804	
303	805	
303	806	
303	807	
304	808	
304	809	
305	810	
301	811	
302	811	
305	811	
302	812	
303	813	
303	814	
302	815	
302	816	
302	817	
301	818	
304	819	
302	820	
302	821	
304	822	
305	823	
305	824	
305	825	
305	826	
305	827	
305	828	
305	829	
305	830	
305	831	
305	832	
305	833	
305	834	
305	835	
305	836	
302	837	
302	838	
303	838	
304	839	
303	840	
304	840	
305	841	
305	842	
305	843	
305	844	
305	845	
305	846	
303	847	
306	848	
307	848	
306	849	
305	850	
303	851	
303	852	
303	853	
303	854	
304	855	
304	856	
304	857	
304	858	
304	859	
303	860	
303	861	
303	862	
304	863	
304	864	
304	865	
303	866	
305	867	
305	868	
305	869	
304	870	
303	871	
303	872	
303	873	
304	874	
304	875	
305	876	
303	877	
303	878	
303	879	
303	880	
306	881	
306	882	
303	883	
303	884	
303	885	
303	886	
303	887	
303	888	
303	889	
303	890	
305	891	
303	892	
305	892	
303	893	
303	894	
303	895	
305	896	
304	897	
305	897	
304	898	
303	899	
303	900	
303	901	
303	902	
303	903	
305	904	
305	905	
305	906	
305	907	
305	908	
305	909	
304	910	
301	911	
301	912	
305	913	
305	914	
305	915	
305	916	
301	917	
301	918	
303	919	
301	921	
301	922	
303	923	
303	924	
305	951	
317	1083	
317	1084	
317	1085	
319	1086	
317	1092	
