293	311	
293	312	
293	313	
291	314	
290	315	
293	316	
293	317	
293	318	
291	319	
291	320	
292	321	
291	322	
291	323	
291	324	
291	325	
291	326	
291	327	
292	328	
291	329	
291	330	
291	331	
291	332	
292	333	
293	333	
290	334	
290	335	
291	336	
291	337	
291	338	
289	339	
291	340	
289	341	
290	342	
291	343	
290	344	
289	345	
289	346	
289	347	
289	348	
289	349	
291	350	
291	351	
291	352	
289	353	
289	354	
288	355	
289	356	
289	357	
290	357	
289	358	
289	359	
290	360	
290	361	
290	362	
291	363	
291	364	
290	365	
290	366	
289	367	
290	368	
289	369	
289	370	
289	371	
288	372	
291	373	
289	374	
289	375	
289	376	
291	377	
291	378	
289	379	
289	380	
289	381	
289	382	
289	383	
291	384	
291	385	
291	386	
291	387	
291	388	
291	389	
290	390	
290	391	
293	392	
291	393	
291	394	
291	395	
291	396	
291	397	
291	398	
297	399	
295	401	
295	402	
299	403	
297	404	
297	405	
297	406	
299	407	
299	408	
297	409	
297	410	
300	411	
300	412	
299	413	
299	414	
299	415	
299	416	
299	417	
299	418	
299	419	
299	420	
299	421	
301	422	
299	423	
299	424	
299	425	
299	426	
301	426	
299	427	
302	428	
302	429	
301	430	
301	431	
299	432	
300	432	
301	433	
300	434	
301	434	
300	435	
300	436	
301	437	
301	438	
301	439	
300	440	
303	441	
299	442	
299	443	
299	444	
301	445	
302	446	
299	447	
299	448	
299	449	
301	450	
301	451	
301	452	
302	453	
301	454	
301	455	
301	456	
300	457	
300	458	
299	459	
299	460	
300	461	
299	462	
300	463	
299	464	
299	465	
300	466	
299	467	
301	468	
300	469	
300	470	
300	471	
299	472	
299	473	
300	474	
299	475	
299	476	
299	477	
300	477	
299	478	
301	479	
299	480	
300	481	
300	482	
300	483	
300	484	
298	485	
298	486	
300	487	
299	488	
300	489	
299	490	
299	491	
299	492	
297	493	
297	494	
297	495	
298	496	
297	497	
297	498	
297	499	
297	500	
298	501	
298	502	
298	503	
298	504	
298	505	
298	506	
299	506	
298	507	
299	507	
298	508	
298	509	
297	510	
298	510	
297	511	
299	512	
299	513	
298	514	
299	514	
299	515	
299	516	
300	516	
299	517	
299	518	
299	519	
300	520	
300	521	
301	522	
299	523	
300	524	
300	525	
300	526	
300	527	
300	528	
301	529	
301	530	
302	531	
303	532	
303	533	
305	534	
305	535	
304	536	
305	537	
304	538	
305	538	
303	539	
303	540	
304	541	
303	542	
303	543	
303	544	
304	544	
303	545	
303	546	
306	547	
305	548	
305	549	
309	550	
308	551	
309	552	
308	553	
307	554	
308	555	
310	556	
309	557	
309	558	
309	559	
308	560	
307	561	
309	562	
307	563	
307	564	
309	564	
311	565	
310	566	
310	567	
309	568	
312	569	
310	570	
312	571	
310	572	
311	573	
309	574	
311	575	
310	576	
309	577	
309	578	
310	579	
310	580	
312	581	
311	582	
312	583	
312	584	
313	584	
313	585	
313	586	
311	587	
311	588	
311	589	
312	590	
313	591	
314	592	
315	593	
311	594	
313	595	
313	596	
312	597	
313	597	
313	598	
313	599	
313	600	
313	601	
313	602	
314	603	
314	604	
314	605	
314	606	
313	607	
314	608	
313	609	
314	609	
314	610	
314	611	
314	612	
313	613	
313	614	
313	615	
313	616	
313	617	
312	618	
313	619	
313	620	
314	621	
314	622	
315	622	
314	623	
314	624	
315	625	
318	626	
313	627	
312	628	
313	629	
315	630	
316	631	
316	632	
318	633	
315	634	
317	634	
315	635	
315	636	
314	637	
315	638	
315	639	
314	640	
317	641	
314	642	
315	643	
314	644	
314	645	
315	645	
313	646	
313	647	
313	648	
314	649	
314	650	
314	651	
315	651	
313	652	
316	653	
313	654	
313	655	
314	655	
316	656	
315	657	
314	658	
314	659	
316	660	
316	661	
314	662	
314	663	
314	664	
315	665	
316	666	
316	667	
316	668	
313	669	
314	670	
312	671	
312	672	
311	673	
310	674	
311	675	
311	676	
312	677	
312	678	
312	679	
313	679	
313	680	
313	681	
313	682	
313	683	
313	684	
312	685	
312	686	
312	687	
312	688	
312	689	
314	690	
313	691	
313	692	
313	693	
311	694	
312	695	
312	696	
311	697	
311	698	
311	699	
312	699	
313	699	
312	700	
313	701	
312	702	
313	702	
312	703	
313	703	
312	704	
312	705	
312	706	
311	707	
312	708	
312	709	
311	710	
311	711	
313	712	
311	713	
311	714	
311	715	
315	716	
314	717	
311	718	
312	718	
313	719	
311	720	
314	721	
311	722	
311	723	
314	724	
313	725	
311	726	
311	727	
314	727	
312	728	
312	729	
313	730	
314	730	
312	731	
312	732	
313	732	
313	733	
313	734	
313	735	
314	736	
313	737	
313	738	
313	739	
312	740	
311	741	
311	742	
311	743	
311	744	
311	745	
311	746	
311	747	
312	747	
311	748	
311	749	
312	750	
312	751	
311	752	
311	753	
311	754	
311	755	
311	756	
312	757	
314	758	
313	759	
313	760	
314	761	
311	762	
313	763	
313	764	
313	765	
310	766	
310	767	
309	768	
309	769	
309	770	
309	771	
311	771	
311	772	
309	773	
309	774	
312	775	
309	776	
309	777	
310	777	
309	778	
309	779	
309	780	
309	781	
308	782	
308	783	
307	784	
311	785	
311	786	
311	787	
311	788	
307	789	
307	790	
307	791	
309	792	
310	793	
306	794	
307	794	
307	795	
307	796	
305	797	
305	798	
306	799	
306	800	
305	801	
306	802	
307	802	
307	803	
305	804	
305	805	
305	806	
305	807	
306	808	
306	809	
303	810	
303	811	
303	812	
303	813	
304	814	
304	815	
304	816	
303	817	
303	818	
303	819	
304	820	
304	821	
304	822	
307	823	
303	824	
303	825	
304	826	
304	827	
304	828	
307	829	
307	830	
307	831	
307	832	
307	833	
307	834	
303	835	
303	836	
307	837	
307	838	
307	839	
307	840	
307	841	
307	842	
307	843	
308	844	
306	845	
306	846	
306	847	
306	848	
305	849	
305	850	
305	851	
305	852	
305	853	
304	854	
306	855	
307	855	
307	856	
305	857	
305	858	
306	859	
305	860	
305	861	
305	862	
305	863	
305	864	
305	865	
305	866	
306	867	
307	868	
308	869	
308	870	
308	871	
307	872	
307	873	
307	874	
307	875	
307	876	
307	877	
304	878	
304	879	
306	880	
307	881	
307	882	
307	883	
305	884	
305	885	
305	886	
305	887	
305	888	
305	889	
306	890	
307	891	
307	892	
305	893	
304	894	
303	895	
307	896	
307	897	
307	898	
305	899	
304	900	
304	901	
303	902	
307	903	
307	904	
307	905	
307	906	
303	907	
303	908	
303	909	
303	910	
307	911	
307	912	
303	913	
303	914	
303	915	
303	916	
307	917	
303	918	
303	919	
303	920	
306	921	
307	921	
305	922	
