185	515	
185	516	
187	517	
187	518	
183	519	
187	520	
187	521	
187	522	
187	523	
187	524	
187	525	
187	526	
187	527	
187	528	
187	529	
187	530	
185	531	
185	532	
189	533	
189	534	
189	535	
189	536	
188	537	
188	538	
188	539	
188	540	
188	541	
188	542	
188	543	
189	544	
188	545	
188	546	
189	547	
189	548	
188	549	
188	550	
187	551	
187	552	
187	553	
187	554	
181	555	
181	556	
181	557	
182	558	
182	559	
182	560	
182	561	
182	562	
184	563	
183	564	
185	564	
183	565	
183	566	
181	582	
181	583	
181	584	
181	585	
187	592	
187	593	
187	594	
187	595	
189	596	
187	597	
187	598	
191	599	
191	600	
189	602	
187	603	
187	604	
191	605	
191	606	
191	607	
191	608	
190	609	
190	610	
190	611	
190	612	
187	613	
191	613	
191	614	
190	615	
190	616	
190	617	
188	618	
190	618	
190	619	
190	620	
190	621	
191	621	
188	622	
188	623	
190	624	
190	625	
190	626	
190	627	
190	628	
189	629	
187	630	
188	631	
187	632	
187	633	
188	633	
188	634	
189	635	
188	636	
189	637	
189	638	
189	639	
187	640	
188	641	
188	642	
189	643	
188	644	
188	645	
188	646	
188	647	
188	648	
187	649	
187	650	
188	650	
188	651	
188	652	
189	653	
189	654	
188	655	
189	656	
189	657	
189	658	
188	659	
188	660	
187	661	
187	662	
187	663	
187	664	
187	665	
187	666	
186	667	
185	668	
184	669	
184	670	
184	671	
184	672	
184	673	
184	674	
185	675	
185	676	
184	677	
184	678	
183	679	
184	679	
184	680	
184	681	
184	682	
184	683	
183	684	
183	685	
185	687	
185	688	
183	690	
181	692	
181	693	
183	694	
183	695	
183	696	
