231	51	
229	53	
229	71	
297	305	
297	306	
297	307	
297	308	
297	309	
297	310	
297	311	
297	312	
297	313	
298	314	
298	315	
297	316	
297	317	
297	318	
297	319	
297	320	
297	321	
297	322	
297	323	
297	324	
297	325	
296	326	
295	327	
295	328	
297	329	
296	330	
296	331	
296	332	
296	333	
296	334	
297	335	
295	336	
295	337	
295	338	
297	339	
297	340	
297	341	
297	342	
295	343	
295	344	
295	345	
295	346	
295	347	
296	347	
295	348	
295	349	
296	350	
295	351	
295	352	
295	353	
294	354	
294	355	
294	356	
297	356	
296	357	
296	358	
295	359	
295	360	
296	361	
295	362	
295	363	
295	364	
296	365	
295	366	
295	367	
295	368	
296	369	
295	370	
296	370	
295	371	
295	372	
295	373	
295	374	
297	375	
297	376	
297	377	
297	378	
297	379	
297	380	
297	381	
297	382	
297	383	
297	384	
297	385	
297	386	
298	387	
299	387	
299	388	
299	389	
299	390	
297	391	
297	392	
297	393	
297	394	
299	395	
299	396	
299	397	
297	398	
297	399	
297	400	
301	402	
301	403	
303	404	
303	405	
305	406	
305	407	
303	408	
303	409	
303	410	
303	411	
303	412	
303	413	
303	414	
303	415	
303	416	
303	417	
307	418	
305	419	
305	420	
305	421	
305	422	
305	423	
304	424	
307	425	
305	426	
305	427	
305	428	
305	429	
307	430	
305	431	
305	432	
307	433	
307	434	
305	435	
305	436	
305	437	
305	438	
305	439	
305	440	
307	441	
306	442	
306	443	
305	444	
305	445	
306	446	
306	447	
306	448	
306	449	
305	450	
305	451	
306	451	
306	452	
305	453	
306	454	
306	455	
306	456	
305	457	
306	457	
306	458	
305	459	
305	460	
305	461	
306	462	
305	463	
305	464	
306	465	
306	466	
306	467	
306	468	
306	469	
306	470	
306	471	
306	472	
306	473	
306	474	
306	475	
306	476	
305	477	
305	478	
307	479	
307	480	
307	481	
307	482	
306	483	
305	484	
306	484	
305	485	
305	486	
306	487	
306	488	
305	489	
305	490	
306	491	
305	492	
306	492	
305	493	
307	494	
307	495	
303	496	
304	497	
304	498	
305	499	
304	500	
303	501	
304	502	
305	503	
304	504	
305	505	
305	506	
303	507	
304	508	
305	509	
305	510	
305	511	
305	512	
303	513	
303	514	
307	515	
305	516	
305	517	
305	518	
305	519	
305	520	
309	521	
309	522	
309	523	
308	524	
308	525	
307	526	
309	527	
307	528	
307	529	
308	530	
307	531	
308	532	
310	533	
310	534	
307	535	
311	535	
307	536	
309	537	
309	538	
311	539	
311	540	
312	541	
313	542	
313	543	
312	544	
314	545	
313	546	
312	547	
311	548	
315	549	
313	550	
313	551	
317	552	
317	553	
316	554	
315	555	
316	555	
315	556	
315	557	
315	558	
315	559	
315	560	
315	561	
315	562	
316	563	
315	564	
315	565	
315	566	
316	567	
317	568	
317	569	
317	570	
318	571	
318	572	
318	573	
318	574	
317	575	
317	576	
317	577	
318	577	
319	578	
317	579	
318	579	
317	580	
318	581	
317	582	
320	583	
318	584	
319	585	
317	586	
317	587	
317	588	
317	589	
317	590	
317	591	
317	592	
318	593	
317	594	
317	595	
317	596	
317	597	
317	598	
318	599	
321	600	
321	601	
321	602	
321	603	
320	604	
319	605	
320	606	
320	607	
319	608	
319	609	
319	610	
320	611	
320	612	
319	613	
319	614	
322	615	
322	616	
319	617	
319	618	
319	619	
319	620	
319	621	
319	622	
320	622	
320	623	
323	624	
321	625	
319	626	
319	627	
319	628	
319	629	
319	630	
320	631	
322	632	
322	633	
319	634	
320	635	
323	636	
320	637	
319	638	
319	639	
320	640	
321	641	
322	642	
321	643	
322	644	
321	645	
323	646	
322	647	
321	648	
323	649	
322	650	
322	651	
321	652	
321	653	
322	654	
321	655	
323	656	
323	657	
321	658	
322	658	
322	659	
321	660	
321	661	
319	662	
320	662	
321	663	
322	664	
321	665	
322	666	
322	667	
321	668	
321	669	
321	670	
321	671	
321	672	
323	673	
319	674	
319	675	
321	676	
321	677	
321	678	
321	679	
320	680	
318	681	
318	682	
317	683	
317	684	
319	685	
319	686	
318	687	
318	688	
318	689	
318	690	
318	691	
317	692	
317	693	
318	693	
318	694	
318	695	
318	696	
318	697	
317	698	
317	699	
318	700	
318	701	
320	702	
320	703	
317	704	
317	705	
317	706	
317	707	
318	708	
318	709	
317	710	
317	711	
317	712	
317	713	
317	714	
318	715	
321	716	
318	717	
317	718	
317	719	
317	720	
317	721	
317	722	
318	722	
317	723	
317	724	
321	725	
321	726	
318	727	
321	727	
321	728	
321	729	
321	730	
321	731	
321	732	
321	733	
321	734	
321	735	
321	736	
321	737	
321	738	
321	739	
317	740	
317	741	
317	742	
317	743	
321	743	
321	744	
321	745	
321	746	
318	747	
317	748	
318	748	
318	749	
318	750	
319	751	
319	752	
320	752	
317	753	
317	754	
317	755	
317	756	
317	757	
317	758	
317	759	
321	760	
321	761	
321	762	
317	763	
317	764	
317	765	
317	766	
317	767	
317	768	
319	769	
317	770	
316	771	
317	772	
319	773	
319	774	
319	775	
319	776	
319	777	
319	778	
319	779	
319	780	
318	781	
318	782	
316	783	
315	784	
317	785	
317	786	
315	787	
315	788	
314	789	
314	790	
313	791	
313	792	
313	793	
313	794	
313	795	
313	796	
313	797	
315	798	
313	799	
313	800	
311	801	
311	802	
311	803	
311	804	
311	805	
311	806	
310	807	
310	808	
310	809	
312	810	
312	811	
309	812	
309	813	
309	814	
310	815	
309	816	
309	817	
309	818	
309	819	
309	820	
309	821	
309	822	
309	823	
309	824	
309	825	
310	826	
311	827	
310	828	
310	829	
309	830	
309	831	
312	832	
313	833	
311	834	
311	835	
311	836	
310	837	
309	838	
309	839	
312	840	
309	841	
309	842	
309	843	
309	844	
310	845	
311	846	
311	847	
313	848	
313	849	
310	850	
310	851	
310	852	
313	853	
313	854	
314	854	
310	855	
309	856	
313	857	
313	858	
313	859	
313	860	
311	861	
311	862	
313	863	
313	864	
310	865	
313	866	
313	867	
313	868	
313	869	
313	870	
313	871	
313	872	
313	873	
313	874	
309	875	
313	876	
313	877	
313	878	
313	879	
313	880	
313	881	
313	882	
311	883	
311	884	
313	885	
313	886	
313	887	
313	888	
311	889	
311	890	
312	891	
312	892	
310	893	
310	894	
309	895	
309	896	
309	897	
312	898	
312	899	
312	900	
312	901	
309	902	
310	903	
311	904	
309	905	
309	906	
309	907	
313	908	
313	909	
309	910	
309	911	
309	912	
309	913	
309	914	
311	915	
311	916	
312	917	
309	918	
311	919	
309	920	
309	921	
309	922	
