237	5	
299	302	
299	303	
299	304	
299	305	
299	306	
299	307	
299	308	
299	309	
299	310	
300	311	
300	312	
300	313	
300	314	
301	315	
301	316	
301	317	
299	318	
299	319	
299	320	
299	321	
299	322	
299	323	
300	323	
299	324	
298	325	
298	326	
298	327	
299	328	
300	329	
299	330	
297	331	
297	332	
297	333	
297	334	
297	335	
297	336	
297	337	
297	338	
297	339	
298	340	
299	341	
299	342	
297	343	
297	344	
297	345	
298	346	
297	347	
297	348	
299	349	
298	350	
297	351	
297	352	
297	353	
297	354	
297	355	
297	356	
298	357	
297	358	
298	359	
297	360	
297	361	
298	362	
299	363	
299	364	
299	365	
299	366	
300	367	
299	368	
299	369	
299	370	
299	371	
299	372	
299	373	
299	374	
299	375	
299	376	
299	377	
300	378	
300	379	
300	380	
301	381	
299	382	
300	383	
300	384	
300	385	
299	386	
300	386	
299	387	
299	388	
299	389	
300	390	
301	391	
301	392	
301	393	
301	394	
300	395	
299	396	
301	396	
301	397	
301	398	
299	399	
301	400	
301	401	
301	402	
305	403	
305	404	
305	405	
305	406	
305	407	
305	408	
305	409	
305	410	
305	411	
305	412	
305	413	
306	414	
305	415	
306	416	
306	417	
307	418	
307	419	
307	420	
307	421	
307	422	
309	423	
309	424	
309	425	
307	426	
307	427	
307	428	
307	429	
307	430	
307	431	
307	432	
307	433	
307	434	
307	435	
308	436	
308	437	
307	438	
307	439	
308	440	
307	441	
307	442	
308	443	
308	444	
308	445	
309	446	
309	447	
308	448	
308	449	
307	450	
307	451	
307	452	
307	453	
307	454	
307	455	
307	456	
307	457	
307	458	
307	459	
307	460	
307	461	
307	462	
308	462	
308	463	
308	464	
308	465	
308	466	
308	467	
307	468	
309	469	
309	470	
309	471	
309	472	
308	473	
309	473	
309	474	
308	475	
308	476	
309	477	
309	478	
308	479	
308	480	
307	481	
308	482	
308	483	
307	484	
308	484	
308	485	
308	486	
309	487	
308	488	
308	489	
308	490	
309	491	
309	492	
309	493	
308	494	
309	494	
309	495	
309	496	
308	497	
308	498	
307	499	
306	500	
307	501	
306	502	
305	503	
306	504	
305	505	
306	505	
306	506	
306	507	
306	508	
305	509	
306	509	
306	510	
308	510	
307	511	
307	512	
309	513	
309	514	
308	515	
308	516	
308	517	
309	518	
310	519	
309	520	
309	521	
309	522	
309	523	
310	523	
310	524	
309	525	
309	526	
309	527	
311	528	
309	529	
309	530	
309	531	
309	532	
312	533	
313	534	
313	535	
311	536	
311	537	
311	538	
315	539	
315	540	
315	541	
315	542	
316	543	
317	544	
314	545	
315	546	
315	547	
315	548	
315	549	
315	550	
315	551	
316	552	
317	553	
317	554	
316	555	
317	556	
317	557	
317	558	
319	559	
318	560	
319	561	
318	562	
318	563	
318	564	
319	565	
319	566	
320	567	
320	568	
321	569	
321	570	
321	571	
321	572	
319	573	
319	574	
320	575	
319	576	
319	577	
320	577	
320	578	
320	579	
320	580	
320	581	
321	582	
319	583	
319	584	
321	585	
321	586	
320	587	
320	588	
320	589	
319	590	
319	591	
319	592	
320	593	
319	594	
319	595	
320	595	
319	596	
320	597	
321	598	
322	599	
321	600	
321	601	
321	602	
322	603	
322	604	
321	605	
321	606	
321	607	
321	608	
321	609	
321	610	
322	611	
324	612	
321	613	
322	614	
321	615	
321	616	
321	617	
321	618	
321	619	
321	620	
321	621	
321	622	
321	623	
321	624	
321	625	
321	626	
321	627	
321	628	
321	629	
323	630	
321	631	
321	632	
322	633	
324	633	
322	634	
323	635	
322	636	
323	637	
324	638	
324	639	
323	640	
324	641	
323	642	
323	643	
323	644	
323	645	
324	646	
324	647	
324	648	
324	649	
323	650	
323	651	
324	652	
324	653	
323	654	
323	655	
324	655	
323	656	
324	657	
324	658	
323	659	
324	660	
324	661	
324	662	
324	663	
323	664	
323	665	
322	666	
323	667	
324	668	
324	669	
325	670	
322	671	
324	672	
322	673	
321	674	
324	674	
321	675	
321	676	
322	677	
321	678	
321	679	
322	680	
321	681	
322	681	
321	682	
321	683	
321	684	
322	685	
319	686	
322	687	
321	688	
320	689	
318	690	
320	691	
319	692	
320	693	
319	694	
320	695	
322	696	
320	697	
319	698	
321	699	
322	699	
321	700	
321	701	
319	702	
320	703	
320	704	
320	705	
319	706	
321	707	
322	708	
319	709	
320	710	
320	711	
320	712	
321	712	
322	713	
320	714	
319	715	
321	716	
321	717	
321	718	
321	719	
321	720	
321	721	
322	721	
323	721	
321	722	
322	723	
322	724	
322	725	
321	726	
321	727	
322	728	
320	729	
319	730	
319	731	
319	732	
319	733	
321	734	
322	735	
322	736	
322	737	
319	738	
320	739	
323	740	
323	741	
323	742	
321	743	
321	744	
322	744	
321	745	
321	746	
322	747	
322	748	
322	749	
322	750	
323	750	
322	751	
321	752	
321	753	
321	754	
320	755	
320	756	
319	757	
319	758	
323	759	
319	760	
320	761	
319	762	
320	762	
319	763	
319	764	
319	765	
319	766	
320	766	
322	767	
319	768	
319	769	
319	770	
319	771	
321	772	
319	773	
319	774	
319	775	
317	776	
317	777	
318	777	
317	778	
317	779	
317	780	
317	781	
317	782	
317	783	
317	784	
317	785	
317	786	
317	787	
317	788	
316	789	
316	790	
317	791	
315	792	
316	793	
315	794	
315	795	
315	796	
315	797	
315	798	
315	799	
314	800	
317	801	
317	802	
313	803	
313	804	
313	805	
316	806	
313	807	
313	808	
315	809	
315	810	
315	811	
312	812	
311	813	
311	814	
311	815	
311	816	
315	817	
312	818	
312	819	
311	820	
311	821	
311	822	
311	823	
311	824	
311	825	
311	826	
311	827	
312	828	
311	829	
315	830	
314	831	
314	832	
315	833	
311	834	
312	834	
315	835	
315	836	
315	837	
311	838	
311	839	
311	840	
315	841	
313	842	
314	842	
312	843	
311	844	
311	845	
314	845	
314	846	
315	846	
311	847	
311	848	
315	849	
315	850	
315	851	
315	852	
313	853	
314	853	
313	854	
313	855	
314	856	
315	857	
316	858	
315	859	
315	860	
313	861	
313	862	
314	863	
313	864	
313	865	
313	866	
312	867	
312	868	
313	869	
313	870	
315	871	
315	872	
315	873	
315	874	
315	875	
315	876	
315	877	
315	878	
315	879	
314	880	
311	881	
311	882	
314	883	
314	884	
312	885	
312	886	
314	887	
315	888	
311	889	
311	890	
315	891	
315	892	
315	893	
315	894	
313	895	
313	896	
313	897	
313	898	
312	899	
311	900	
311	901	
311	902	
311	903	
311	904	
313	905	
313	906	
315	907	
315	908	
311	909	
311	910	
311	911	
311	912	
311	913	
311	914	
311	915	
313	916	
313	917	
313	918	
311	919	
311	920	
311	921	
325	1078	
325	1079	
327	1088	
329	1089	
329	1090	
329	1091	
331	1108	
