303	300	
303	301	
303	302	
303	303	
303	304	
305	305	
305	306	
303	307	
303	308	
303	309	
303	310	
303	311	
304	311	
304	312	
304	313	
303	314	
303	315	
303	316	
303	317	
303	318	
303	319	
303	320	
303	321	
303	322	
303	323	
303	324	
303	325	
301	326	
302	326	
302	327	
302	328	
303	329	
303	330	
303	331	
303	332	
302	333	
301	334	
301	335	
303	336	
303	337	
303	338	
301	339	
301	340	
301	341	
301	342	
302	343	
301	344	
301	345	
301	346	
302	347	
303	347	
301	348	
302	348	
301	349	
301	350	
301	351	
301	352	
301	353	
301	354	
302	355	
303	356	
301	357	
301	358	
303	359	
303	360	
303	361	
303	362	
303	363	
302	364	
303	365	
302	366	
301	367	
302	368	
303	369	
303	370	
303	371	
303	372	
303	373	
304	374	
305	375	
305	376	
305	377	
305	378	
303	379	
303	380	
305	381	
305	382	
305	383	
305	384	
303	385	
303	386	
303	387	
303	388	
303	389	
303	390	
303	391	
303	392	
304	393	
304	394	
305	395	
307	396	
307	397	
307	398	
306	399	
305	400	
305	401	
305	402	
307	403	
309	404	
309	405	
309	406	
308	407	
308	408	
309	409	
309	410	
309	411	
308	412	
309	413	
309	414	
310	415	
311	416	
309	417	
309	418	
309	419	
312	420	
311	421	
311	422	
311	423	
310	424	
309	425	
311	426	
311	427	
312	428	
313	429	
313	430	
313	431	
312	432	
312	433	
312	434	
312	435	
311	436	
311	437	
311	438	
311	439	
312	440	
311	441	
311	442	
311	443	
311	444	
311	445	
311	446	
311	447	
311	448	
311	449	
311	450	
311	451	
311	452	
312	453	
313	454	
312	455	
312	456	
314	457	
313	458	
312	459	
313	459	
313	460	
313	461	
312	462	
313	463	
311	464	
312	465	
312	466	
312	467	
313	467	
313	468	
312	469	
314	469	
315	470	
312	471	
312	472	
311	473	
312	474	
312	475	
314	476	
312	477	
312	478	
312	479	
313	480	
313	481	
312	482	
313	483	
313	484	
313	485	
313	486	
312	487	
313	488	
313	489	
313	490	
312	491	
311	492	
312	493	
311	494	
311	495	
312	496	
312	497	
311	498	
311	499	
311	500	
311	501	
311	502	
311	503	
311	504	
311	505	
312	506	
312	507	
311	508	
311	509	
311	510	
311	511	
310	512	
310	513	
311	514	
311	515	
311	516	
313	517	
311	518	
312	519	
313	520	
313	521	
313	522	
312	523	
313	524	
313	525	
313	526	
313	527	
313	528	
313	529	
313	530	
314	531	
313	532	
315	533	
316	534	
319	535	
320	536	
317	537	
317	538	
317	539	
317	540	
321	541	
321	542	
319	543	
319	544	
319	545	
319	546	
319	547	
322	548	
322	549	
319	550	
319	551	
319	552	
320	553	
321	554	
321	555	
321	556	
321	557	
320	558	
321	558	
320	559	
322	559	
321	560	
321	561	
321	562	
321	563	
321	564	
321	565	
321	566	
322	567	
322	568	
322	569	
321	570	
322	571	
322	572	
322	573	
323	574	
325	575	
325	576	
325	577	
325	578	
323	579	
325	580	
325	581	
325	582	
323	583	
323	584	
323	585	
322	586	
323	587	
322	588	
325	589	
327	590	
325	591	
323	592	
323	593	
324	594	
324	595	
325	596	
323	597	
326	598	
326	599	
325	600	
326	600	
325	601	
325	602	
325	603	
325	604	
326	605	
326	606	
326	607	
326	608	
327	609	
327	610	
328	610	
327	611	
327	612	
326	613	
325	614	
325	615	
326	616	
325	617	
325	618	
326	618	
325	619	
325	620	
326	621	
326	622	
326	623	
325	624	
329	625	
329	626	
328	627	
328	628	
327	629	
327	630	
327	631	
328	632	
328	633	
329	634	
328	635	
328	636	
327	637	
328	638	
328	639	
327	640	
327	641	
327	642	
328	642	
327	643	
327	644	
328	645	
327	646	
328	647	
327	648	
327	649	
328	650	
328	651	
328	652	
328	653	
329	654	
328	655	
328	656	
329	657	
329	658	
329	659	
328	660	
329	660	
328	661	
328	662	
328	663	
328	664	
329	664	
329	665	
329	666	
330	666	
331	667	
330	668	
329	669	
328	670	
328	671	
326	672	
326	673	
328	674	
329	675	
329	676	
327	677	
327	678	
327	679	
328	680	
325	681	
326	682	
325	683	
325	684	
326	685	
325	686	
325	687	
325	688	
326	688	
325	689	
325	690	
325	691	
324	692	
325	693	
325	694	
324	695	
326	696	
324	697	
326	698	
326	699	
326	700	
325	701	
325	702	
324	703	
323	704	
327	705	
327	706	
327	707	
327	708	
327	709	
327	710	
327	711	
327	712	
326	713	
327	713	
325	714	
325	715	
323	716	
325	717	
325	718	
325	719	
325	720	
326	720	
326	721	
326	722	
326	723	
326	724	
326	725	
326	726	
327	727	
327	728	
325	729	
325	730	
325	731	
327	732	
327	733	
325	734	
326	735	
325	736	
325	737	
325	738	
325	739	
325	740	
326	741	
325	742	
325	743	
325	744	
325	745	
326	746	
325	747	
324	748	
325	749	
326	750	
325	751	
327	752	
327	753	
323	754	
325	755	
325	756	
327	757	
323	758	
323	759	
324	760	
324	761	
323	762	
323	763	
323	764	
323	765	
323	766	
324	767	
324	768	
325	769	
325	770	
323	771	
323	772	
323	773	
323	774	
325	775	
324	776	
322	777	
322	778	
323	779	
323	780	
322	781	
322	782	
322	783	
323	784	
321	785	
321	786	
323	787	
325	788	
323	789	
324	790	
321	791	
321	792	
319	793	
323	794	
319	795	
319	796	
320	796	
319	797	
319	798	
319	799	
318	800	
318	801	
319	802	
319	803	
319	804	
321	805	
321	806	
317	807	
317	808	
317	809	
317	810	
319	811	
319	812	
318	813	
317	814	
315	815	
315	816	
315	817	
315	818	
315	819	
316	819	
315	820	
315	821	
315	822	
315	823	
316	824	
316	825	
316	826	
318	827	
318	828	
315	829	
315	830	
315	831	
315	832	
315	833	
315	834	
315	835	
315	836	
315	837	
315	838	
315	839	
315	840	
319	841	
318	842	
319	843	
319	844	
319	845	
319	846	
319	847	
319	848	
319	849	
319	850	
319	851	
318	852	
319	852	
315	853	
315	854	
315	855	
316	856	
316	857	
316	858	
315	859	
315	860	
319	861	
319	862	
319	863	
319	864	
319	865	
319	866	
319	867	
319	868	
317	869	
317	870	
316	871	
315	872	
317	873	
316	874	
315	875	
315	876	
316	877	
316	878	
316	879	
318	880	
316	881	
316	882	
316	883	
316	884	
315	885	
319	885	
319	886	
319	887	
316	888	
316	889	
316	890	
315	891	
315	892	
319	893	
317	894	
315	895	
315	896	
315	897	
315	898	
315	899	
315	900	
315	901	
315	902	
315	903	
318	904	
318	905	
318	906	
315	907	
317	907	
315	908	
315	909	
319	910	
318	911	
315	912	
315	913	
315	914	
315	915	
315	916	
315	917	
317	918	
317	919	
317	920	
315	921	
