307	319	
307	320	
305	321	
307	322	
307	323	
307	324	
305	325	
305	326	
305	327	
306	328	
307	329	
307	330	
306	331	
305	332	
305	333	
306	334	
307	335	
306	336	
305	337	
306	338	
306	339	
307	340	
306	341	
306	342	
307	343	
307	344	
307	345	
307	346	
307	347	
307	348	
307	349	
307	350	
307	351	
307	352	
308	352	
307	353	
308	353	
307	354	
307	355	
307	356	
308	357	
308	358	
308	359	
308	360	
308	361	
308	362	
308	363	
308	364	
307	365	
308	365	
308	366	
308	367	
308	368	
307	369	
307	370	
307	371	
307	372	
307	373	
307	374	
307	375	
307	376	
307	377	
307	378	
307	379	
307	380	
307	381	
306	382	
307	383	
307	384	
307	385	
307	386	
305	399	
305	400	
305	401	
305	402	
305	403	
295	442	
297	443	
297	444	
297	445	
289	446	
297	447	
291	448	
297	449	
298	450	
297	451	
297	452	
297	453	
299	454	
299	455	
299	456	
299	457	
299	458	
299	459	
297	460	
298	461	
298	462	
298	463	
297	464	
297	465	
298	466	
297	467	
297	468	
297	469	
297	470	
297	471	
297	472	
297	473	
298	474	
298	475	
298	476	
297	477	
297	478	
297	479	
297	480	
297	481	
296	482	
297	483	
297	484	
298	485	
298	486	
298	487	
298	488	
296	489	
297	490	
297	491	
296	492	
297	492	
297	493	
297	494	
296	495	
297	495	
297	496	
297	497	
297	498	
297	499	
297	500	
296	501	
296	502	
295	503	
296	503	
296	504	
295	505	
296	505	
295	506	
296	506	
296	507	
297	508	
297	509	
297	510	
297	511	
298	512	
298	513	
297	514	
297	515	
297	516	
297	517	
298	518	
297	519	
297	520	
297	521	
297	522	
298	523	
298	524	
298	525	
297	526	
299	527	
298	528	
297	529	
297	530	
297	531	
298	532	
297	533	
297	534	
298	535	
298	536	
297	537	
297	538	
297	539	
295	540	
295	541	
295	542	
295	543	
293	546	
293	547	
293	548	
293	549	
293	550	
293	551	
293	552	
291	553	
291	554	
291	555	
292	556	
290	557	
290	558	
290	559	
291	560	
290	561	
289	562	
289	563	
289	564	
289	565	
289	566	
289	567	
288	568	
289	569	
289	570	
288	571	
288	572	
289	573	
288	574	
289	574	
289	575	
289	576	
288	577	
288	578	
289	578	
288	579	
289	579	
288	580	
288	581	
288	582	
289	582	
288	583	
288	584	
287	585	
288	586	
288	587	
288	588	
287	589	
288	589	
288	590	
288	591	
287	592	
287	593	
288	593	
287	594	
287	595	
286	596	
286	597	
287	597	
286	598	
287	599	
287	600	
286	601	
287	602	
286	603	
286	604	
286	605	
286	606	
286	607	
286	608	
285	609	
286	610	
286	611	
285	612	
285	613	
285	614	
285	615	
286	616	
286	617	
286	618	
285	619	
285	620	
284	621	
285	621	
286	622	
286	623	
286	624	
285	625	
286	625	
285	626	
285	627	
285	628	
286	629	
285	630	
285	631	
286	632	
286	633	
284	634	
285	635	
285	636	
284	637	
285	637	
284	638	
285	639	
285	640	
285	641	
285	642	
284	643	
285	643	
284	644	
284	645	
283	646	
284	647	
284	648	
284	649	
284	650	
284	651	
284	652	
284	653	
282	654	
282	655	
282	656	
283	657	
283	658	
284	659	
284	660	
283	661	
284	662	
284	663	
283	664	
283	665	
283	666	
284	667	
281	668	
282	669	
284	670	
282	671	
282	672	
282	673	
282	674	
282	675	
283	676	
282	677	
282	678	
281	679	
282	679	
282	680	
284	681	
284	682	
283	683	
282	684	
283	684	
283	685	
283	686	
283	687	
284	688	
284	689	
284	690	
284	691	
285	692	
284	693	
284	694	
284	695	
284	696	
284	697	
285	698	
285	699	
286	699	
286	700	
285	701	
285	702	
286	703	
286	704	
286	705	
284	706	
285	707	
286	708	
286	709	
284	710	
285	711	
285	712	
284	713	
285	713	
285	714	
285	715	
286	716	
285	717	
286	717	
285	718	
284	719	
285	720	
285	721	
286	722	
286	723	
285	724	
284	725	
287	726	
285	727	
286	727	
285	728	
286	728	
286	729	
287	730	
284	731	
287	732	
285	733	
285	734	
285	735	
284	736	
286	737	
286	738	
286	739	
285	740	
285	741	
285	742	
285	743	
284	744	
285	745	
286	746	
284	747	
284	748	
285	748	
285	749	
285	750	
285	751	
286	752	
286	753	
287	754	
286	755	
286	756	
285	757	
287	758	
286	759	
286	760	
286	761	
286	762	
286	763	
285	764	
285	765	
286	765	
286	766	
286	767	
286	768	
286	769	
286	770	
286	771	
286	772	
286	773	
287	773	
287	774	
286	775	
286	776	
286	777	
287	778	
287	779	
288	780	
287	781	
287	782	
288	783	
289	784	
289	785	
287	786	
288	786	
288	787	
288	788	
288	789	
288	790	
288	791	
288	792	
288	793	
288	794	
288	795	
289	796	
289	797	
290	797	
289	798	
290	798	
290	799	
290	800	
290	801	
290	802	
289	803	
289	804	
292	805	
292	806	
290	807	
290	808	
290	809	
290	810	
290	811	
293	812	
293	813	
293	814	
291	815	
291	816	
293	817	
295	818	
295	819	
295	820	
294	821	
294	822	
295	823	
295	824	
295	825	
295	826	
295	827	
296	828	
296	829	
295	830	
295	831	
295	832	
295	833	
295	834	
296	835	
296	836	
295	837	
295	838	
294	839	
294	840	
294	841	
295	841	
294	842	
294	843	
295	843	
294	844	
295	844	
294	845	
294	846	
294	847	
295	848	
296	849	
295	850	
295	851	
295	852	
295	853	
295	854	
295	855	
295	856	
294	857	
294	858	
295	858	
295	859	
295	860	
295	861	
295	862	
295	863	
295	864	
295	865	
294	866	
295	866	
294	867	
294	868	
293	869	
295	870	
295	871	
295	872	
294	873	
294	874	
295	874	
295	875	
294	876	
295	876	
295	877	
295	878	
294	879	
294	880	
295	881	
295	882	
295	883	
294	884	
294	885	
294	886	
294	887	
294	888	
294	889	
294	890	
294	891	
294	892	
294	893	
294	894	
294	895	
295	895	
294	896	
295	897	
295	898	
295	899	
295	900	
295	901	
295	902	
296	903	
296	904	
295	905	
295	906	
295	907	
296	908	
296	909	
294	910	
294	911	
296	912	
297	912	
297	913	
297	914	
297	915	
295	916	
295	917	
295	918	
296	919	
297	920	
297	921	
297	922	
296	923	
290	1029	
290	1030	
290	1031	
288	1037	
287	1045	
282	1069	
282	1070	
282	1071	
282	1072	
