307	321	
307	322	
307	323	
307	324	
307	325	
307	326	
307	327	
307	328	
307	329	
307	330	
307	331	
307	332	
307	333	
307	334	
308	335	
307	336	
306	337	
307	338	
307	339	
307	340	
307	341	
307	342	
308	342	
307	343	
308	344	
307	345	
308	345	
307	346	
308	347	
307	348	
308	348	
309	349	
309	350	
309	351	
309	352	
309	353	
309	354	
309	355	
309	356	
308	357	
309	357	
309	358	
309	359	
309	360	
309	361	
309	362	
309	363	
309	364	
309	365	
309	366	
309	367	
309	368	
307	369	
307	370	
309	371	
309	372	
309	373	
307	374	
307	375	
307	376	
309	377	
308	378	
308	379	
307	380	
308	380	
307	381	
308	381	
307	382	
307	383	
307	384	
297	433	
297	434	
297	435	
297	436	
297	437	
297	442	
297	443	
298	444	
299	445	
297	446	
299	449	
299	450	
299	451	
300	452	
300	453	
299	454	
297	455	
297	456	
297	457	
299	458	
297	459	
297	460	
298	461	
298	462	
298	463	
298	464	
299	465	
299	466	
300	467	
300	468	
298	469	
297	470	
299	471	
299	472	
299	473	
299	474	
297	475	
299	475	
298	476	
297	477	
297	478	
298	479	
298	480	
298	481	
298	482	
297	483	
298	483	
297	484	
297	485	
298	485	
298	486	
298	487	
297	488	
297	489	
298	490	
297	491	
298	491	
298	492	
297	493	
298	494	
297	495	
298	496	
297	497	
297	498	
297	499	
297	500	
298	500	
297	501	
298	502	
297	503	
297	504	
297	505	
298	506	
297	507	
298	508	
297	509	
298	510	
298	511	
297	512	
297	513	
298	514	
298	515	
298	516	
298	517	
298	518	
298	519	
298	520	
298	521	
298	522	
298	523	
299	524	
298	525	
299	525	
297	526	
298	527	
299	528	
300	529	
299	530	
300	530	
300	531	
299	532	
299	533	
300	534	
299	535	
299	536	
299	537	
295	538	
297	539	
297	540	
297	541	
295	545	
293	546	
295	547	
293	548	
292	549	
294	549	
293	550	
292	551	
292	552	
293	553	
292	554	
292	555	
290	556	
293	557	
293	558	
292	559	
291	560	
290	561	
291	562	
290	563	
291	563	
290	564	
290	565	
291	565	
291	566	
291	567	
290	568	
289	569	
289	570	
289	571	
290	572	
290	573	
290	574	
289	575	
291	575	
289	576	
289	577	
289	578	
289	579	
288	580	
289	580	
289	581	
290	582	
289	583	
289	584	
289	585	
289	586	
289	587	
289	588	
288	589	
288	590	
288	591	
289	592	
288	593	
288	594	
289	595	
288	596	
289	596	
288	597	
288	598	
288	599	
289	600	
287	601	
288	602	
288	603	
288	604	
286	605	
287	606	
287	607	
286	608	
287	608	
287	609	
287	610	
286	611	
286	612	
286	613	
286	614	
286	615	
287	615	
286	616	
287	617	
286	618	
287	619	
286	620	
287	621	
286	622	
287	622	
286	623	
286	624	
286	625	
286	626	
286	627	
287	628	
286	629	
287	630	
285	631	
286	631	
285	632	
286	633	
286	634	
287	635	
286	636	
286	637	
284	638	
285	639	
286	640	
284	641	
285	642	
285	643	
283	644	
285	645	
284	646	
284	647	
285	648	
285	649	
284	650	
284	651	
284	652	
284	653	
285	654	
283	655	
284	655	
284	656	
284	657	
285	657	
284	658	
284	659	
283	660	
284	661	
284	662	
284	663	
284	664	
284	665	
284	666	
284	667	
285	667	
284	668	
285	669	
286	670	
284	671	
284	672	
285	673	
284	674	
284	675	
284	676	
284	677	
284	678	
284	679	
284	680	
284	681	
284	682	
284	683	
284	684	
284	685	
284	686	
284	687	
284	688	
284	689	
284	690	
283	691	
286	692	
283	693	
285	694	
287	695	
286	696	
286	697	
285	698	
286	699	
286	700	
286	701	
286	702	
286	703	
286	704	
287	704	
286	705	
285	706	
286	707	
286	708	
285	709	
287	709	
286	710	
287	710	
286	711	
287	711	
287	712	
286	713	
286	714	
286	715	
286	716	
286	717	
287	718	
287	719	
285	720	
286	720	
285	721	
286	722	
285	723	
285	724	
286	725	
286	726	
286	727	
286	728	
286	729	
286	730	
287	730	
286	731	
287	732	
286	733	
287	734	
287	735	
287	736	
288	737	
288	738	
287	739	
287	740	
287	741	
288	742	
287	743	
287	744	
287	745	
286	746	
286	747	
286	748	
286	749	
285	750	
286	751	
286	752	
285	753	
287	754	
286	755	
285	756	
287	757	
287	758	
288	759	
287	760	
287	761	
286	762	
288	763	
288	764	
287	765	
287	766	
287	767	
287	768	
288	769	
288	770	
287	771	
287	772	
288	772	
288	773	
288	774	
288	775	
289	776	
289	777	
289	778	
289	779	
289	780	
288	781	
288	782	
289	783	
289	784	
289	785	
288	786	
289	787	
289	788	
288	789	
288	790	
288	791	
289	792	
290	793	
290	794	
291	795	
291	796	
291	797	
289	798	
289	799	
289	800	
289	801	
291	802	
291	803	
292	804	
291	805	
291	806	
292	807	
292	808	
292	809	
292	810	
293	811	
293	812	
293	813	
293	814	
293	815	
295	816	
295	817	
295	818	
295	819	
295	820	
295	821	
296	822	
296	823	
296	824	
296	825	
295	826	
296	827	
296	828	
295	829	
296	830	
295	831	
296	832	
296	833	
296	834	
297	835	
296	836	
296	837	
296	838	
296	839	
296	840	
296	841	
295	842	
296	842	
297	843	
297	844	
295	845	
296	845	
295	846	
296	847	
296	848	
296	849	
296	850	
297	851	
297	852	
295	853	
295	854	
296	855	
296	856	
297	857	
297	858	
297	859	
296	860	
296	861	
296	862	
296	863	
296	864	
297	865	
297	866	
297	867	
296	868	
296	869	
296	870	
296	871	
296	872	
297	873	
297	874	
297	875	
297	876	
297	877	
297	878	
296	879	
297	880	
297	881	
297	882	
296	883	
296	884	
296	885	
297	886	
296	887	
297	888	
297	889	
297	890	
297	891	
297	892	
297	893	
296	894	
296	895	
296	896	
296	897	
296	898	
297	899	
297	900	
296	901	
296	902	
296	903	
297	904	
297	905	
297	906	
298	907	
296	908	
296	909	
296	910	
297	911	
298	912	
297	913	
298	913	
297	914	
297	915	
297	916	
297	917	
297	918	
297	919	
297	920	
297	921	
297	922	
297	923	
293	1020	
293	1021	
289	1040	
289	1041	
286	1048	
284	1057	
284	1058	
286	1059	
286	1060	
284	1067	
284	1068	
285	1069	
285	1079	
284	1099	
282	1101	
