374	96	
374	97	
374	98	
307	319	
307	320	
309	321	
308	322	
307	323	
307	324	
308	325	
307	326	
308	326	
307	327	
308	328	
307	329	
307	330	
308	331	
307	332	
307	333	
308	334	
308	335	
310	336	
310	337	
309	338	
309	339	
309	340	
308	341	
309	341	
309	342	
309	343	
309	344	
309	345	
309	346	
310	347	
310	348	
310	349	
310	350	
309	351	
310	352	
310	353	
310	354	
310	355	
309	356	
310	356	
310	357	
310	358	
310	359	
310	360	
311	361	
311	362	
311	363	
310	364	
309	365	
309	366	
309	367	
309	368	
309	369	
309	370	
309	371	
309	372	
309	373	
309	374	
309	375	
309	376	
309	377	
309	378	
309	379	
309	380	
309	381	
309	382	
309	383	
309	388	
309	389	
297	427	
297	428	
297	429	
297	430	
297	431	
297	432	
297	433	
297	434	
297	435	
297	436	
299	439	
299	440	
299	441	
299	442	
299	443	
299	444	
299	445	
299	446	
299	447	
299	448	
299	449	
299	450	
299	451	
299	452	
299	453	
300	454	
299	455	
299	456	
300	457	
300	458	
300	459	
300	460	
299	461	
299	462	
300	463	
301	464	
301	465	
300	466	
299	467	
297	468	
299	469	
300	470	
300	471	
300	472	
297	473	
297	474	
297	475	
299	476	
298	477	
298	478	
298	479	
299	479	
297	480	
298	481	
300	482	
299	483	
300	483	
299	484	
299	485	
299	486	
298	487	
298	488	
299	488	
299	489	
299	490	
298	491	
298	492	
299	492	
299	493	
300	494	
300	495	
299	496	
298	497	
299	497	
300	498	
298	499	
298	500	
297	501	
297	502	
298	503	
298	504	
298	505	
298	506	
298	507	
298	508	
299	509	
299	510	
298	511	
297	512	
297	513	
298	514	
298	515	
298	516	
299	516	
299	517	
298	518	
299	519	
299	520	
300	521	
300	522	
300	523	
299	524	
299	525	
300	526	
300	527	
300	528	
300	529	
300	530	
300	531	
297	532	
299	533	
301	534	
299	535	
299	536	
297	537	
297	538	
297	539	
297	540	
297	541	
297	542	
297	543	
295	544	
293	545	
293	546	
293	547	
293	548	
295	549	
295	550	
294	551	
295	551	
293	552	
294	553	
293	554	
293	555	
294	555	
294	556	
293	557	
293	558	
291	559	
292	560	
292	561	
293	562	
292	563	
292	564	
292	565	
292	566	
291	567	
292	567	
291	568	
291	569	
291	570	
291	571	
290	572	
290	573	
291	574	
290	575	
291	576	
291	577	
290	578	
290	579	
291	580	
291	581	
290	582	
290	583	
289	584	
290	584	
291	584	
290	585	
290	586	
291	587	
289	588	
290	588	
291	588	
289	589	
291	590	
290	591	
289	592	
289	593	
289	594	
289	595	
289	596	
289	597	
289	598	
289	599	
289	600	
287	601	
289	602	
289	603	
290	604	
290	605	
289	606	
289	607	
288	608	
289	609	
289	610	
289	611	
288	612	
289	612	
289	613	
289	614	
289	615	
286	616	
288	617	
287	618	
287	619	
287	620	
288	621	
288	622	
288	623	
287	624	
286	625	
286	626	
287	627	
287	628	
287	629	
287	630	
285	631	
287	632	
287	633	
287	634	
287	635	
287	636	
287	637	
286	638	
286	639	
286	640	
286	641	
287	642	
286	643	
286	644	
286	645	
287	646	
286	647	
287	647	
286	648	
285	649	
286	650	
285	651	
287	652	
286	653	
285	654	
285	655	
286	656	
286	657	
286	658	
285	659	
285	660	
286	661	
285	662	
287	663	
287	664	
287	665	
284	666	
285	667	
285	668	
285	669	
284	670	
285	671	
286	672	
284	673	
286	674	
285	675	
285	676	
285	677	
284	678	
286	679	
285	680	
285	681	
285	682	
286	683	
286	684	
285	685	
285	686	
285	687	
285	688	
286	689	
286	690	
286	691	
285	692	
286	693	
286	694	
287	695	
287	696	
287	697	
287	698	
287	699	
287	700	
287	701	
288	701	
286	702	
286	703	
287	704	
287	705	
287	706	
288	707	
289	708	
289	709	
288	710	
287	711	
287	712	
287	713	
287	714	
288	714	
287	715	
288	716	
286	717	
287	718	
287	719	
288	720	
288	721	
289	722	
288	723	
289	723	
288	724	
289	724	
289	725	
289	726	
289	727	
288	728	
288	729	
288	730	
288	731	
288	732	
288	733	
287	734	
287	735	
287	736	
287	737	
286	738	
286	739	
287	739	
286	740	
287	740	
287	741	
288	742	
286	743	
288	743	
287	744	
287	745	
288	746	
289	747	
286	748	
288	749	
289	749	
288	750	
288	751	
289	751	
289	752	
286	753	
286	754	
288	755	
289	756	
288	757	
288	758	
288	759	
288	760	
289	761	
289	762	
289	763	
290	764	
289	765	
288	766	
289	767	
289	768	
289	769	
289	770	
289	771	
289	772	
288	773	
289	774	
289	775	
289	776	
289	777	
289	778	
290	779	
290	780	
288	781	
288	782	
290	783	
290	784	
291	785	
288	786	
288	787	
289	788	
290	789	
291	790	
289	791	
290	792	
291	793	
291	794	
290	795	
290	796	
290	797	
289	798	
290	799	
291	800	
291	801	
292	802	
293	803	
293	804	
293	805	
292	806	
293	806	
292	807	
292	808	
293	809	
294	810	
294	811	
295	812	
295	813	
295	814	
294	815	
294	816	
297	817	
297	818	
295	819	
295	820	
296	821	
297	822	
297	823	
296	824	
299	825	
299	826	
298	827	
297	828	
297	829	
297	830	
297	831	
298	832	
296	833	
296	834	
296	835	
296	836	
296	837	
296	838	
296	839	
297	840	
297	841	
298	842	
297	843	
297	844	
298	845	
298	846	
297	847	
297	848	
296	849	
297	849	
296	850	
297	851	
297	852	
297	853	
297	854	
297	855	
296	856	
297	856	
296	857	
297	857	
296	858	
296	859	
296	860	
296	861	
297	862	
296	863	
296	864	
296	865	
297	866	
297	867	
297	868	
297	869	
297	870	
297	871	
297	872	
299	873	
299	874	
298	875	
297	876	
297	877	
297	878	
297	879	
297	880	
297	881	
297	882	
297	883	
297	884	
298	885	
298	886	
298	887	
297	888	
297	889	
296	890	
296	891	
296	892	
298	893	
298	894	
298	895	
298	896	
298	897	
298	898	
298	899	
298	900	
297	901	
296	902	
298	903	
299	904	
297	905	
299	906	
299	907	
299	908	
298	909	
298	910	
298	911	
298	912	
298	913	
298	914	
299	915	
299	916	
298	917	
298	918	
299	919	
299	920	
299	921	
299	922	
298	923	
299	923	
291	1035	
291	1036	
289	1046	
289	1047	
286	1071	
286	1072	
284	1073	
284	1074	
284	1075	
284	1076	
286	1077	
286	1078	
284	1079	
