309	319	
309	320	
309	321	
309	322	
309	323	
309	324	
309	325	
309	326	
309	327	
309	328	
309	329	
309	330	
309	331	
309	332	
309	333	
309	334	
309	335	
309	336	
309	337	
309	338	
309	339	
309	340	
309	341	
310	342	
311	342	
310	343	
309	344	
309	345	
309	346	
309	347	
310	348	
311	349	
311	350	
310	351	
311	352	
311	353	
312	354	
311	355	
311	356	
311	357	
311	358	
311	359	
311	360	
311	361	
311	362	
311	363	
311	364	
311	365	
311	366	
309	367	
309	368	
309	369	
310	369	
310	370	
311	371	
311	372	
311	373	
310	374	
310	375	
310	376	
311	377	
311	378	
311	379	
310	380	
309	384	
309	385	
309	386	
309	387	
309	388	
309	389	
309	390	
309	391	
309	392	
309	393	
297	424	
297	425	
297	429	
297	430	
297	431	
297	432	
297	433	
297	434	
298	435	
299	436	
299	437	
299	438	
297	439	
297	440	
297	441	
299	442	
299	443	
299	444	
297	445	
299	446	
299	447	
299	448	
299	449	
300	450	
299	451	
299	452	
299	453	
299	454	
299	455	
301	456	
301	457	
301	458	
301	459	
301	460	
300	461	
299	462	
299	463	
299	464	
300	465	
300	466	
300	467	
300	468	
300	469	
300	470	
299	471	
299	472	
299	473	
300	474	
299	475	
299	476	
299	477	
299	478	
299	479	
299	480	
299	481	
299	482	
299	483	
300	484	
300	485	
300	486	
299	487	
299	488	
299	489	
299	490	
300	491	
301	491	
300	492	
299	493	
299	494	
299	495	
300	496	
299	497	
298	498	
299	499	
300	500	
299	501	
300	502	
299	503	
299	504	
299	505	
299	506	
299	507	
299	508	
299	509	
300	510	
300	511	
300	512	
299	513	
299	514	
299	515	
299	516	
300	517	
300	518	
300	519	
299	520	
300	520	
300	521	
300	522	
299	523	
300	524	
300	525	
301	526	
301	527	
300	528	
301	528	
299	529	
299	530	
299	531	
300	532	
300	533	
299	534	
300	535	
300	536	
299	537	
299	538	
299	539	
297	540	
297	541	
297	542	
297	543	
297	544	
296	545	
296	546	
296	547	
295	548	
295	549	
295	550	
295	551	
294	552	
294	553	
293	554	
294	555	
295	556	
295	557	
294	558	
294	559	
294	560	
293	561	
293	562	
292	563	
292	564	
293	565	
292	566	
292	567	
292	568	
292	569	
291	570	
292	570	
293	570	
291	571	
291	572	
292	572	
291	573	
292	573	
292	574	
292	575	
292	576	
292	577	
291	578	
290	579	
291	579	
290	580	
291	581	
290	582	
291	582	
290	583	
291	584	
291	585	
290	586	
291	587	
291	588	
291	589	
290	590	
290	591	
290	592	
289	593	
289	594	
290	595	
289	596	
290	596	
289	597	
289	598	
289	599	
290	599	
290	600	
289	601	
288	602	
289	603	
290	604	
289	605	
288	606	
289	607	
288	608	
288	609	
288	610	
289	610	
289	611	
288	612	
289	612	
288	613	
289	613	
288	614	
288	615	
289	616	
288	617	
287	618	
288	619	
289	620	
289	621	
288	622	
287	623	
287	624	
286	625	
289	626	
288	627	
286	628	
287	629	
287	630	
287	631	
281	632	
285	633	
285	634	
285	635	
287	636	
286	637	
286	638	
286	639	
285	640	
285	641	
285	642	
285	643	
286	644	
285	645	
285	646	
286	647	
287	648	
286	649	
287	650	
286	651	
287	652	
287	653	
287	654	
288	655	
287	656	
287	657	
287	658	
287	659	
286	660	
286	661	
286	662	
286	663	
286	664	
286	665	
285	666	
286	667	
286	668	
286	669	
286	670	
286	671	
285	672	
287	673	
287	674	
286	675	
287	676	
286	677	
286	678	
286	679	
286	680	
286	681	
286	682	
287	683	
286	684	
287	684	
286	685	
287	686	
287	687	
287	688	
286	689	
287	690	
287	691	
287	692	
287	693	
287	694	
287	695	
288	696	
286	697	
287	697	
288	697	
288	698	
288	699	
287	700	
289	701	
289	702	
289	703	
290	704	
288	705	
288	706	
289	707	
288	708	
289	709	
288	710	
288	711	
289	712	
288	713	
289	713	
288	714	
289	714	
288	715	
288	716	
288	717	
288	718	
287	719	
287	720	
288	720	
287	721	
288	722	
288	723	
288	724	
288	725	
288	726	
289	726	
289	727	
289	728	
289	729	
288	730	
288	731	
289	732	
289	733	
289	734	
289	735	
289	736	
289	737	
289	738	
289	739	
289	740	
289	741	
288	742	
288	743	
289	744	
289	745	
289	746	
289	747	
288	748	
288	749	
290	750	
288	751	
289	752	
288	753	
288	754	
289	755	
288	756	
289	756	
289	757	
289	758	
289	759	
289	760	
289	761	
289	762	
289	763	
288	764	
289	764	
288	765	
288	766	
288	767	
289	768	
288	769	
289	769	
289	770	
288	771	
289	772	
290	773	
290	774	
290	775	
289	776	
289	777	
289	778	
289	779	
290	780	
291	781	
291	782	
290	783	
290	784	
291	784	
291	785	
291	786	
291	787	
291	788	
291	789	
291	790	
291	791	
292	792	
292	793	
292	794	
293	795	
293	796	
293	797	
292	798	
293	799	
293	800	
293	801	
293	802	
293	803	
293	804	
293	805	
294	806	
295	807	
294	808	
294	809	
295	810	
295	811	
295	812	
295	813	
295	814	
295	815	
296	816	
297	817	
297	818	
297	819	
296	820	
295	821	
295	822	
299	823	
298	824	
299	825	
298	826	
298	827	
298	828	
298	829	
298	830	
298	831	
298	832	
298	833	
299	834	
299	835	
299	836	
299	837	
300	837	
299	838	
298	839	
298	840	
299	841	
298	842	
298	843	
298	844	
299	845	
299	846	
297	847	
298	848	
299	849	
299	850	
299	851	
299	852	
298	853	
299	854	
299	855	
299	856	
299	857	
298	858	
298	859	
298	860	
297	861	
298	861	
299	862	
299	863	
299	864	
299	865	
298	866	
298	867	
297	868	
297	869	
297	870	
299	871	
299	872	
299	873	
299	874	
298	875	
298	876	
299	877	
299	878	
299	879	
299	880	
298	881	
298	882	
298	883	
299	883	
299	884	
299	885	
298	886	
299	886	
299	887	
299	888	
299	889	
300	890	
299	891	
298	892	
299	893	
299	894	
299	895	
299	896	
298	897	
298	898	
299	899	
299	900	
298	901	
298	902	
299	903	
299	904	
299	905	
298	906	
298	907	
298	908	
298	909	
299	910	
299	911	
299	912	
300	913	
299	914	
298	915	
298	916	
299	917	
300	918	
300	919	
300	920	
300	921	
300	922	
295	1023	
295	1024	
295	1025	
295	1026	
290	1045	
286	1069	
286	1070	
287	1071	
287	1072	
284	1115	
