311	317	
311	318	
311	319	
311	320	
309	321	
309	322	
311	323	
311	324	
310	325	
311	326	
311	327	
311	328	
311	329	
310	330	
310	331	
311	331	
310	332	
311	333	
312	334	
311	335	
311	336	
311	337	
311	338	
311	339	
311	340	
312	341	
312	342	
311	343	
311	344	
311	345	
311	346	
312	347	
312	348	
311	349	
312	349	
311	350	
312	351	
312	352	
312	353	
312	354	
312	355	
312	356	
313	357	
313	358	
313	359	
313	360	
313	361	
312	362	
312	363	
313	364	
311	365	
311	366	
311	367	
311	368	
311	369	
311	370	
312	371	
312	372	
312	373	
311	374	
311	375	
311	376	
311	377	
311	378	
311	379	
309	382	
311	383	
311	384	
311	385	
311	386	
311	387	
311	388	
311	389	
311	390	
309	391	
309	392	
297	418	
299	419	
299	421	
299	422	
298	423	
297	424	
299	425	
299	426	
299	427	
299	428	
299	429	
299	430	
297	431	
297	432	
297	433	
297	434	
299	435	
299	436	
299	437	
299	438	
299	439	
299	440	
299	441	
301	442	
299	445	
299	446	
300	447	
301	448	
299	449	
299	450	
301	451	
301	452	
301	453	
301	454	
301	455	
301	456	
302	457	
302	458	
301	459	
299	460	
300	460	
302	461	
302	462	
302	463	
301	464	
302	465	
302	466	
301	467	
301	468	
301	469	
302	470	
301	471	
301	472	
301	473	
301	474	
301	475	
300	476	
300	477	
300	478	
299	479	
301	479	
300	480	
300	481	
299	482	
301	483	
300	484	
300	485	
299	486	
300	487	
300	488	
300	489	
301	490	
300	491	
299	492	
300	493	
300	494	
300	495	
300	496	
300	497	
300	498	
300	499	
300	500	
300	501	
300	502	
299	503	
299	504	
300	505	
300	506	
301	507	
300	508	
301	509	
299	510	
299	511	
300	512	
300	513	
300	514	
300	515	
300	516	
301	517	
301	518	
301	519	
301	520	
300	521	
301	521	
300	522	
301	523	
302	524	
302	525	
301	526	
302	527	
303	528	
302	529	
301	530	
300	531	
301	531	
302	531	
302	532	
301	533	
301	534	
301	535	
301	536	
301	537	
301	538	
300	539	
299	540	
301	540	
299	541	
297	543	
298	544	
298	545	
297	546	
295	547	
295	548	
296	548	
297	549	
297	550	
297	551	
296	552	
295	553	
295	554	
294	555	
294	556	
295	557	
295	558	
296	559	
295	560	
295	561	
294	562	
295	563	
295	564	
293	565	
295	566	
295	567	
294	568	
294	569	
293	570	
294	571	
293	572	
293	573	
292	574	
292	575	
293	576	
293	577	
292	578	
293	579	
293	580	
293	581	
292	582	
292	583	
292	584	
293	585	
293	586	
292	587	
293	587	
292	588	
292	589	
292	590	
291	591	
291	592	
291	593	
291	594	
291	595	
290	596	
291	596	
290	597	
291	598	
291	599	
291	600	
290	601	
291	601	
290	602	
291	603	
289	604	
291	604	
290	605	
291	606	
290	607	
290	608	
291	608	
291	609	
290	610	
291	611	
291	612	
291	613	
291	614	
291	615	
290	616	
290	617	
289	618	
289	619	
289	620	
289	621	
289	623	
289	624	
289	625	
279	626	
288	627	
288	628	
288	629	
289	630	
289	631	
289	632	
287	633	
287	634	
287	635	
287	636	
289	637	
289	638	
289	639	
289	640	
289	641	
288	643	
287	644	
287	645	
287	646	
287	647	
288	648	
289	649	
289	650	
289	651	
289	652	
288	653	
288	654	
287	655	
287	656	
287	657	
288	658	
287	659	
287	660	
286	661	
287	661	
287	662	
287	663	
287	664	
287	665	
286	666	
286	667	
287	668	
287	669	
287	670	
286	671	
286	672	
289	673	
289	674	
286	675	
287	675	
287	676	
286	677	
286	678	
287	679	
287	680	
288	680	
287	681	
286	682	
286	683	
286	684	
286	685	
286	686	
286	687	
286	688	
288	689	
287	690	
287	691	
288	692	
288	693	
289	694	
289	695	
287	696	
288	697	
288	698	
288	699	
289	700	
289	701	
289	702	
289	703	
289	704	
289	705	
290	706	
288	707	
289	707	
289	708	
289	709	
290	710	
289	711	
290	712	
290	713	
289	714	
289	715	
288	716	
289	717	
288	718	
287	719	
290	720	
290	721	
290	722	
290	723	
290	724	
289	725	
289	726	
290	727	
290	728	
290	729	
290	730	
291	731	
291	732	
291	733	
291	734	
291	735	
291	736	
288	737	
289	738	
289	739	
290	740	
289	741	
289	742	
289	743	
290	743	
290	744	
289	745	
290	745	
289	746	
289	747	
290	747	
289	748	
290	748	
289	749	
289	750	
288	751	
289	752	
289	753	
289	754	
289	755	
289	756	
289	757	
289	758	
291	759	
290	760	
291	760	
289	761	
289	762	
290	763	
291	764	
291	765	
291	766	
290	767	
290	768	
290	769	
289	770	
290	771	
291	772	
291	773	
291	774	
291	775	
290	776	
291	777	
291	778	
290	779	
291	780	
291	781	
291	782	
292	783	
292	784	
293	784	
291	785	
291	786	
292	787	
293	788	
291	789	
291	790	
293	791	
292	792	
291	793	
291	794	
291	795	
293	796	
293	797	
293	798	
294	799	
294	800	
293	801	
293	802	
293	803	
293	804	
295	805	
295	806	
296	807	
296	808	
295	809	
294	810	
294	811	
297	812	
297	813	
297	814	
297	815	
297	816	
298	817	
298	818	
299	819	
298	820	
297	821	
298	822	
299	823	
299	824	
299	825	
299	826	
299	827	
299	828	
299	829	
299	830	
300	831	
300	832	
300	833	
300	834	
300	835	
300	836	
300	837	
299	838	
300	838	
299	839	
299	840	
300	840	
300	841	
300	842	
301	843	
301	844	
300	845	
300	846	
300	847	
301	848	
300	849	
299	850	
300	851	
300	852	
299	853	
299	854	
299	855	
300	856	
299	857	
299	858	
299	859	
299	860	
299	861	
299	862	
300	862	
300	863	
298	864	
300	864	
299	865	
299	866	
300	867	
301	868	
299	869	
300	870	
299	871	
299	872	
299	873	
299	874	
300	875	
299	876	
299	877	
299	878	
300	879	
300	880	
300	881	
300	882	
300	883	
298	884	
298	885	
298	886	
298	887	
298	888	
298	889	
298	890	
298	891	
298	892	
301	893	
301	894	
299	895	
299	896	
300	897	
300	898	
300	899	
300	900	
300	901	
300	902	
300	903	
300	904	
300	905	
300	906	
300	907	
300	908	
300	909	
300	910	
300	911	
301	912	
301	913	
301	914	
301	915	
300	916	
300	917	
299	918	
300	919	
300	920	
300	921	
300	922	
301	923	
301	924	
297	1016	
289	1071	
288	1072	
288	1073	
