311	315	
311	316	
313	317	
313	318	
311	319	
311	320	
311	321	
311	322	
311	323	
311	324	
311	325	
311	326	
311	327	
311	328	
311	329	
312	330	
312	331	
312	332	
312	333	
312	334	
312	335	
312	336	
312	337	
312	338	
312	339	
313	340	
313	341	
313	342	
313	343	
313	344	
313	345	
313	346	
313	347	
313	348	
314	349	
314	350	
313	351	
314	352	
313	353	
314	353	
313	354	
313	355	
313	356	
313	357	
313	358	
313	359	
313	360	
314	361	
314	362	
313	364	
313	365	
313	366	
313	367	
313	368	
313	369	
313	370	
312	371	
312	372	
313	373	
313	374	
313	375	
313	376	
313	377	
313	378	
313	379	
313	380	
311	381	
311	382	
311	385	
311	386	
311	387	
311	388	
311	389	
311	390	
301	412	
301	413	
301	414	
301	415	
299	416	
301	416	
299	417	
299	418	
299	419	
299	420	
299	421	
299	422	
299	423	
299	424	
299	425	
297	426	
299	427	
299	428	
299	429	
300	430	
300	431	
301	432	
300	433	
299	434	
299	435	
299	436	
300	437	
299	438	
300	439	
300	440	
300	441	
301	442	
300	443	
299	444	
301	445	
301	446	
301	447	
301	448	
301	449	
301	450	
301	451	
302	452	
302	453	
302	454	
302	455	
303	456	
302	457	
303	457	
304	458	
303	459	
303	460	
303	461	
303	462	
303	463	
303	464	
303	465	
303	466	
302	467	
302	468	
303	469	
303	470	
302	471	
302	472	
302	473	
302	474	
302	475	
302	476	
302	477	
301	478	
301	479	
302	480	
302	481	
301	482	
302	482	
302	483	
302	484	
302	485	
301	486	
302	487	
302	488	
302	489	
303	490	
303	491	
302	492	
302	493	
302	494	
302	495	
302	496	
302	497	
301	498	
301	499	
302	499	
302	500	
301	501	
302	502	
301	503	
302	504	
302	505	
301	506	
301	507	
301	508	
301	509	
301	510	
302	511	
301	512	
302	513	
302	514	
302	515	
302	516	
301	517	
302	517	
302	518	
302	519	
302	520	
302	521	
302	522	
302	523	
302	524	
302	525	
302	526	
302	527	
303	527	
303	528	
303	529	
303	530	
302	531	
303	532	
302	533	
302	534	
302	535	
302	536	
301	537	
302	538	
302	539	
299	540	
299	541	
299	542	
299	543	
299	544	
300	545	
297	546	
297	547	
298	547	
298	548	
297	549	
298	550	
298	551	
298	552	
298	553	
297	554	
297	555	
296	556	
297	557	
296	558	
296	559	
296	560	
296	561	
293	562	
296	563	
296	564	
295	565	
296	565	
295	566	
294	567	
294	568	
295	569	
296	570	
295	571	
296	571	
295	572	
294	573	
293	574	
293	575	
294	576	
293	577	
294	578	
294	579	
294	580	
294	581	
293	582	
294	583	
294	584	
295	585	
295	586	
293	587	
293	588	
293	589	
293	590	
291	591	
292	592	
293	593	
292	594	
293	595	
293	596	
292	597	
292	598	
291	599	
292	599	
292	600	
292	601	
292	602	
291	603	
292	604	
291	605	
292	606	
291	607	
292	607	
292	608	
292	609	
292	610	
291	611	
291	612	
291	613	
289	614	
289	615	
289	616	
290	616	
289	617	
289	618	
291	620	
291	621	
289	622	
289	623	
289	624	
289	625	
289	626	
289	627	
289	628	
289	629	
289	630	
289	631	
289	632	
289	633	
289	634	
289	635	
289	636	
289	637	
289	638	
289	639	
289	641	
289	642	
289	643	
289	644	
287	645	
287	646	
287	647	
287	648	
288	649	
289	651	
289	652	
288	653	
290	654	
289	655	
289	656	
289	657	
289	658	
289	659	
289	660	
289	661	
288	662	
288	663	
289	664	
289	665	
289	666	
289	667	
289	668	
289	669	
288	670	
289	671	
289	672	
289	673	
289	674	
290	674	
288	675	
289	676	
288	677	
289	678	
288	679	
288	680	
288	681	
288	682	
288	683	
288	684	
289	685	
288	686	
288	687	
289	688	
288	689	
289	690	
289	691	
288	692	
289	693	
288	694	
288	695	
288	696	
288	697	
291	698	
291	699	
290	700	
291	701	
291	702	
289	703	
291	704	
290	705	
291	706	
292	706	
291	707	
290	708	
289	709	
290	709	
289	710	
290	711	
290	712	
291	713	
291	714	
291	715	
291	716	
290	717	
291	718	
291	719	
291	720	
291	721	
290	722	
291	722	
290	723	
290	724	
291	724	
291	725	
292	725	
292	726	
290	727	
290	728	
291	729	
291	730	
291	731	
290	732	
290	733	
291	734	
291	735	
291	736	
291	737	
291	738	
291	739	
291	740	
290	741	
290	742	
290	743	
290	744	
291	745	
292	746	
291	747	
291	748	
291	749	
291	750	
290	751	
290	752	
291	753	
291	754	
290	755	
290	756	
290	757	
290	758	
291	759	
290	760	
290	761	
291	761	
292	762	
291	763	
290	764	
291	765	
292	766	
292	767	
291	768	
291	769	
292	769	
291	770	
291	771	
291	772	
292	773	
292	774	
292	775	
293	775	
292	776	
292	777	
293	778	
293	779	
293	780	
293	781	
293	782	
293	783	
293	784	
294	784	
294	785	
294	786	
294	787	
293	788	
294	788	
294	789	
294	790	
295	791	
294	792	
295	793	
295	794	
294	795	
294	796	
295	796	
295	797	
295	798	
294	799	
295	799	
295	800	
295	801	
295	802	
294	803	
297	804	
297	805	
296	806	
296	807	
295	808	
295	809	
295	810	
296	810	
296	811	
296	812	
297	813	
297	814	
299	815	
299	816	
299	817	
298	818	
298	819	
300	820	
300	821	
300	822	
299	823	
299	824	
299	825	
299	826	
301	826	
300	827	
303	828	
302	829	
302	830	
302	831	
302	832	
301	833	
301	834	
303	835	
303	836	
301	837	
301	838	
301	839	
302	840	
302	841	
302	842	
300	843	
300	844	
301	845	
302	846	
301	847	
301	848	
301	849	
301	850	
302	851	
302	852	
302	853	
301	854	
301	855	
301	856	
302	857	
302	858	
301	859	
301	860	
302	860	
301	861	
300	862	
301	862	
299	863	
300	864	
300	865	
301	866	
301	867	
301	868	
301	869	
301	870	
300	871	
301	872	
302	873	
302	874	
302	875	
302	876	
302	877	
302	878	
302	879	
303	880	
303	881	
303	882	
303	883	
302	884	
300	885	
300	886	
302	887	
302	888	
302	889	
302	890	
302	891	
302	892	
300	893	
300	894	
300	895	
301	896	
302	896	
302	897	
302	898	
302	899	
301	900	
300	901	
300	902	
301	903	
301	904	
301	905	
302	906	
302	907	
302	908	
302	909	
302	910	
303	911	
303	912	
303	913	
303	914	
302	915	
301	916	
302	917	
302	918	
302	919	
302	920	
302	921	
303	922	
303	923	
299	1013	
299	1014	
297	1025	
297	1026	
290	1061	
290	1065	
