390	102	
390	103	
322	308	
322	309	
323	310	
323	311	
323	312	
323	313	
323	314	
321	315	
322	316	
323	317	
323	318	
323	319	
323	320	
323	321	
323	322	
323	323	
322	324	
323	325	
323	326	
323	327	
323	328	
323	329	
324	329	
324	330	
324	331	
323	332	
323	333	
323	334	
323	335	
323	336	
324	337	
325	338	
325	339	
325	340	
325	341	
325	342	
325	343	
325	344	
325	345	
325	346	
325	347	
325	348	
325	349	
325	350	
325	351	
325	352	
323	353	
323	354	
323	355	
323	356	
323	357	
323	358	
323	359	
323	360	
323	361	
323	362	
323	363	
323	364	
323	365	
323	366	
323	367	
323	368	
323	369	
323	370	
323	371	
323	372	
323	373	
323	374	
321	375	
321	376	
323	376	
323	377	
321	378	
321	379	
321	380	
321	381	
321	382	
321	383	
321	384	
321	385	
321	386	
311	398	
311	399	
311	400	
311	401	
311	402	
309	403	
309	404	
310	405	
307	406	
311	407	
310	408	
309	409	
307	410	
307	411	
309	412	
309	413	
309	414	
309	415	
309	416	
309	417	
309	418	
309	419	
309	420	
309	421	
309	422	
307	423	
307	424	
309	424	
307	425	
307	426	
309	427	
308	428	
308	429	
308	430	
308	431	
308	432	
309	433	
308	434	
309	435	
309	436	
308	437	
308	438	
309	438	
307	439	
308	439	
308	440	
309	441	
309	442	
310	442	
310	443	
309	444	
309	445	
310	446	
310	447	
310	448	
310	449	
311	449	
311	450	
311	451	
311	452	
311	453	
311	454	
312	455	
312	456	
311	457	
312	458	
313	459	
314	460	
312	461	
312	462	
312	463	
312	464	
312	465	
312	466	
312	467	
312	468	
312	469	
311	470	
312	471	
311	472	
312	473	
311	474	
312	475	
311	476	
312	476	
311	477	
311	478	
311	479	
312	479	
312	480	
312	481	
312	482	
312	483	
312	484	
312	485	
312	486	
312	487	
312	488	
311	489	
311	490	
311	491	
311	492	
312	493	
312	494	
312	495	
312	496	
312	497	
312	498	
311	499	
311	500	
312	501	
312	502	
312	503	
312	504	
311	505	
312	506	
312	507	
312	508	
311	509	
312	510	
311	511	
312	512	
312	513	
312	514	
311	515	
312	516	
312	517	
313	518	
312	519	
312	520	
312	521	
312	522	
312	523	
312	524	
312	525	
313	526	
313	527	
313	528	
311	529	
314	530	
313	531	
313	532	
313	533	
313	534	
312	535	
313	536	
312	537	
313	537	
312	538	
312	539	
313	539	
313	540	
312	541	
311	542	
312	542	
312	543	
311	544	
312	544	
310	545	
310	546	
310	547	
310	548	
310	549	
310	550	
309	551	
310	552	
307	553	
309	554	
307	555	
309	556	
309	557	
309	558	
307	559	
307	560	
307	561	
307	562	
307	563	
307	564	
308	565	
307	566	
307	567	
307	568	
307	569	
307	570	
307	571	
306	572	
306	573	
306	574	
306	575	
305	576	
307	577	
306	578	
306	579	
305	580	
307	581	
304	582	
305	583	
304	584	
305	585	
305	586	
304	587	
304	588	
305	589	
304	590	
304	591	
304	592	
304	593	
304	594	
303	595	
303	597	
303	598	
300	599	
299	600	
301	600	
300	601	
301	602	
302	603	
300	604	
301	604	
302	604	
301	605	
300	606	
301	607	
300	608	
301	609	
299	610	
300	611	
300	612	
300	613	
300	614	
300	615	
300	616	
300	617	
298	618	
299	619	
298	620	
299	621	
301	622	
299	623	
300	624	
299	625	
300	626	
299	627	
299	628	
299	629	
299	630	
299	631	
299	632	
298	633	
299	634	
298	635	
298	636	
299	636	
299	637	
299	638	
299	639	
299	640	
299	641	
299	642	
299	643	
299	644	
299	645	
298	646	
298	647	
298	648	
297	649	
298	649	
298	650	
298	651	
298	652	
297	653	
297	654	
298	655	
297	656	
298	656	
298	657	
298	658	
297	659	
297	660	
298	661	
298	662	
298	663	
298	664	
299	665	
298	666	
298	667	
298	668	
298	669	
299	670	
300	670	
298	671	
298	672	
299	673	
299	674	
298	675	
298	676	
298	677	
297	678	
299	679	
298	680	
298	681	
298	682	
299	683	
299	684	
299	685	
298	686	
299	687	
299	688	
300	689	
300	690	
300	691	
300	692	
300	693	
300	694	
300	695	
300	696	
300	697	
300	698	
299	699	
299	700	
300	701	
300	702	
301	703	
301	704	
301	705	
302	706	
301	707	
301	708	
300	709	
300	710	
301	711	
300	712	
301	713	
300	714	
301	715	
301	716	
301	717	
300	718	
301	719	
301	720	
301	721	
301	722	
301	723	
302	724	
302	725	
302	726	
302	727	
303	728	
302	729	
302	730	
301	731	
301	732	
302	733	
301	734	
303	735	
303	736	
303	737	
303	738	
303	739	
302	740	
302	741	
302	742	
301	743	
301	744	
302	744	
301	745	
302	746	
301	747	
302	748	
303	749	
302	750	
302	751	
302	752	
303	753	
303	754	
301	755	
301	756	
302	757	
302	758	
303	759	
302	760	
303	761	
302	762	
302	763	
302	764	
302	765	
302	766	
302	767	
302	768	
302	769	
302	770	
302	771	
302	772	
303	773	
302	774	
302	775	
302	776	
302	777	
303	778	
303	779	
304	779	
304	780	
303	781	
304	781	
303	782	
303	783	
303	784	
303	785	
304	786	
304	787	
304	788	
304	789	
304	790	
303	791	
303	792	
305	793	
305	794	
305	795	
305	796	
304	797	
304	798	
307	799	
306	800	
306	801	
305	802	
305	803	
306	804	
306	805	
306	806	
306	807	
307	807	
307	808	
306	809	
306	810	
307	811	
308	812	
307	813	
307	814	
308	815	
308	816	
309	817	
309	818	
310	819	
311	820	
311	821	
311	822	
311	823	
311	824	
311	825	
311	826	
311	827	
313	828	
313	829	
313	830	
315	831	
314	832	
314	833	
313	834	
314	834	
314	835	
314	836	
314	837	
314	838	
315	839	
315	840	
315	841	
315	842	
314	843	
314	844	
314	845	
314	846	
314	847	
313	848	
313	849	
314	849	
314	850	
314	851	
314	852	
314	853	
314	854	
313	855	
314	855	
314	856	
315	857	
314	858	
313	859	
313	860	
314	861	
315	861	
315	862	
314	863	
314	864	
314	865	
314	866	
313	867	
314	867	
314	868	
314	869	
314	870	
313	871	
314	872	
314	873	
314	874	
314	875	
313	876	
316	877	
316	878	
313	879	
314	879	
314	880	
314	881	
314	882	
315	882	
314	883	
314	884	
314	885	
314	886	
314	887	
314	888	
314	889	
314	890	
313	891	
313	892	
314	893	
314	894	
314	895	
315	896	
315	897	
315	898	
315	899	
315	900	
316	901	
315	902	
314	903	
314	904	
315	905	
315	906	
315	907	
315	908	
316	909	
316	910	
316	911	
314	912	
314	913	
317	914	
317	915	
316	916	
315	917	
314	918	
315	918	
317	919	
312	997	
312	998	
306	1031	
307	1032	
296	1087	
298	1089	
