323	308	
323	309	
323	310	
323	311	
323	312	
323	313	
323	314	
325	315	
324	316	
323	317	
323	318	
323	319	
324	319	
324	320	
323	321	
323	322	
323	323	
324	324	
324	325	
324	326	
323	327	
325	327	
325	328	
325	329	
325	330	
325	331	
325	332	
326	333	
325	334	
325	335	
325	336	
325	337	
325	338	
325	339	
325	340	
325	341	
326	342	
327	343	
327	344	
325	345	
326	346	
327	347	
327	348	
325	349	
325	350	
325	351	
326	352	
325	353	
325	354	
325	355	
325	356	
325	357	
325	358	
325	359	
325	360	
325	361	
325	362	
325	363	
325	364	
325	365	
325	366	
325	367	
325	368	
325	369	
325	370	
325	371	
323	372	
323	373	
323	374	
323	375	
323	376	
323	377	
323	378	
323	379	
323	380	
322	381	
322	382	
322	383	
322	384	
322	385	
323	386	
323	387	
323	388	
313	397	
313	398	
313	399	
313	400	
313	401	
313	402	
311	403	
311	404	
311	405	
311	406	
311	407	
311	408	
309	409	
310	409	
311	410	
311	411	
311	412	
311	413	
311	414	
310	415	
310	416	
311	417	
311	418	
311	419	
310	420	
310	421	
310	422	
311	423	
310	424	
310	425	
310	426	
311	427	
310	428	
309	429	
309	430	
310	431	
310	432	
310	433	
309	434	
311	435	
311	436	
311	437	
311	438	
310	439	
311	440	
310	441	
311	442	
311	443	
311	444	
311	445	
310	446	
311	446	
309	447	
309	448	
313	449	
313	450	
312	451	
312	452	
312	453	
312	454	
313	455	
313	456	
312	457	
313	458	
313	459	
313	460	
314	460	
313	461	
315	462	
314	463	
315	463	
314	464	
313	465	
313	466	
313	467	
313	468	
313	469	
313	470	
313	471	
313	472	
313	473	
313	474	
313	475	
313	476	
313	477	
313	478	
313	479	
313	480	
313	481	
313	482	
314	483	
314	484	
313	485	
314	486	
314	487	
313	488	
313	489	
313	490	
313	491	
314	492	
313	493	
313	494	
314	494	
314	495	
313	496	
314	496	
313	497	
313	498	
313	499	
313	500	
313	501	
313	502	
313	503	
312	504	
314	505	
313	506	
313	507	
313	508	
313	509	
313	510	
313	511	
314	512	
314	513	
313	514	
314	514	
314	515	
314	516	
314	517	
314	518	
314	519	
314	520	
315	521	
314	522	
314	523	
314	524	
314	525	
313	526	
313	527	
313	528	
314	529	
314	530	
314	531	
314	532	
315	533	
315	534	
315	535	
314	536	
314	537	
313	538	
313	539	
314	540	
313	541	
314	542	
313	543	
313	544	
313	545	
314	546	
313	547	
312	548	
311	549	
311	550	
311	551	
312	551	
311	552	
311	553	
311	554	
311	555	
311	556	
311	557	
311	558	
310	559	
310	560	
310	561	
309	562	
308	563	
309	564	
310	564	
309	565	
310	566	
308	567	
308	568	
308	569	
309	570	
308	571	
308	572	
308	573	
309	573	
308	574	
308	575	
307	576	
307	577	
308	578	
308	579	
308	580	
307	581	
306	582	
306	583	
305	584	
307	585	
307	586	
307	587	
307	588	
307	589	
306	590	
305	591	
303	592	
303	593	
303	594	
302	595	
305	595	
301	596	
302	597	
303	598	
303	599	
303	600	
302	601	
303	601	
302	602	
301	603	
303	604	
303	605	
303	606	
303	607	
302	608	
302	609	
302	610	
302	611	
301	612	
302	613	
301	614	
301	615	
302	616	
302	617	
302	618	
302	619	
300	620	
301	621	
301	622	
300	623	
301	624	
299	625	
301	626	
300	627	
301	628	
301	629	
301	630	
300	631	
301	631	
300	632	
300	633	
299	634	
300	634	
300	635	
301	636	
300	637	
299	638	
301	638	
299	639	
300	639	
300	640	
300	641	
301	641	
300	642	
300	643	
299	644	
300	645	
300	646	
300	647	
300	648	
300	649	
300	650	
300	651	
298	652	
299	653	
300	654	
299	655	
299	656	
299	657	
299	658	
301	659	
300	660	
299	661	
298	662	
299	662	
300	663	
300	664	
301	664	
301	665	
300	666	
299	667	
300	668	
300	669	
301	670	
301	671	
298	672	
301	673	
300	674	
300	675	
300	676	
300	677	
300	678	
300	679	
300	680	
300	681	
300	682	
300	683	
300	684	
300	685	
300	686	
300	687	
301	687	
300	688	
301	688	
301	689	
300	690	
301	691	
301	692	
301	693	
301	694	
299	695	
299	696	
300	697	
300	698	
300	699	
301	699	
301	700	
301	701	
301	702	
302	703	
302	704	
303	705	
304	706	
302	707	
303	708	
303	709	
302	710	
302	711	
302	712	
301	713	
302	714	
302	715	
302	716	
303	716	
302	717	
303	718	
303	719	
303	720	
303	721	
303	722	
302	723	
302	724	
303	725	
303	726	
303	727	
304	728	
304	729	
303	730	
303	731	
303	732	
302	733	
302	734	
302	735	
303	736	
302	737	
302	738	
302	739	
303	740	
303	741	
302	742	
303	743	
303	744	
304	745	
304	746	
304	747	
304	748	
303	749	
304	750	
304	751	
303	752	
302	753	
304	754	
305	754	
305	755	
305	756	
302	757	
305	757	
302	758	
304	759	
305	760	
304	761	
304	762	
304	763	
304	764	
305	765	
305	766	
305	767	
305	768	
304	769	
305	769	
304	770	
305	770	
304	771	
305	771	
304	772	
303	773	
304	774	
305	775	
305	776	
304	777	
304	778	
304	779	
304	780	
304	781	
304	782	
304	783	
307	784	
307	785	
304	786	
305	787	
305	788	
306	789	
307	790	
307	791	
307	792	
307	793	
307	794	
307	795	
307	796	
307	797	
307	798	
307	799	
307	800	
308	801	
307	802	
308	803	
308	804	
308	805	
307	806	
307	807	
307	808	
309	809	
309	810	
309	811	
309	812	
309	813	
309	814	
309	815	
309	816	
311	817	
311	818	
310	819	
311	820	
311	821	
311	822	
313	823	
313	824	
313	825	
313	826	
313	827	
314	828	
314	829	
315	830	
315	831	
315	832	
316	832	
316	833	
315	834	
315	835	
316	836	
316	837	
316	838	
316	839	
317	840	
316	841	
316	842	
316	843	
316	844	
315	845	
315	846	
314	847	
315	848	
316	848	
315	849	
315	850	
316	851	
316	852	
315	853	
315	854	
315	855	
315	856	
315	857	
316	858	
314	859	
316	859	
317	860	
317	861	
317	862	
316	863	
316	864	
315	865	
315	866	
316	867	
317	868	
317	869	
317	870	
317	871	
317	872	
317	873	
316	874	
316	875	
316	876	
316	877	
316	878	
317	879	
317	880	
317	881	
316	882	
317	883	
317	884	
316	885	
315	886	
316	886	
316	887	
315	888	
316	889	
315	890	
316	891	
317	892	
317	893	
317	894	
316	895	
315	896	
316	896	
316	897	
316	898	
316	899	
316	900	
317	901	
318	902	
316	903	
316	904	
316	905	
318	905	
318	906	
318	907	
318	908	
319	909	
318	910	
319	910	
318	911	
317	912	
317	913	
318	914	
318	915	
318	916	
317	917	
317	918	
319	919	
319	920	
300	1083	
298	1085	
298	1093	
298	1094	
298	1095	
302	1141	
302	1142	
