327	308	
326	309	
326	310	
326	311	
326	312	
326	313	
327	314	
327	315	
327	316	
327	317	
327	318	
325	319	
325	320	
325	321	
325	322	
326	323	
327	324	
327	325	
327	326	
327	327	
327	328	
327	329	
327	330	
327	331	
327	332	
328	332	
327	333	
327	334	
327	335	
327	336	
328	337	
328	338	
328	339	
329	339	
329	340	
329	341	
329	342	
329	343	
329	344	
329	345	
329	346	
329	347	
329	348	
329	349	
329	350	
327	351	
328	352	
327	353	
327	354	
327	355	
327	356	
327	357	
327	358	
327	359	
327	360	
326	361	
327	361	
327	362	
327	363	
326	364	
327	364	
325	365	
325	366	
325	367	
327	368	
327	369	
327	370	
327	371	
325	376	
325	377	
325	378	
325	379	
326	380	
325	381	
325	382	
325	383	
325	384	
324	385	
325	386	
325	387	
325	388	
325	389	
325	390	
325	391	
325	392	
315	396	
315	397	
315	398	
315	399	
315	400	
314	401	
314	402	
314	403	
314	404	
313	405	
313	406	
313	407	
313	408	
313	409	
311	410	
311	411	
311	412	
313	413	
313	414	
313	415	
313	416	
312	417	
311	418	
311	419	
312	420	
312	421	
312	422	
312	423	
312	424	
312	425	
312	426	
312	427	
311	428	
312	428	
312	429	
312	430	
311	431	
311	432	
312	433	
312	434	
313	435	
313	436	
313	437	
313	438	
313	439	
312	440	
312	441	
313	441	
313	442	
313	443	
314	444	
314	445	
314	446	
314	447	
314	448	
314	449	
314	450	
314	451	
314	452	
314	453	
313	454	
314	454	
314	455	
315	456	
315	457	
315	458	
315	459	
316	460	
316	461	
315	462	
315	463	
316	463	
316	464	
316	465	
316	466	
315	467	
314	468	
315	468	
313	469	
315	470	
315	471	
315	472	
315	473	
316	473	
316	474	
315	475	
314	476	
315	476	
315	477	
316	478	
315	479	
315	480	
315	481	
315	482	
315	483	
315	484	
314	485	
314	486	
315	487	
315	488	
314	489	
315	490	
316	491	
316	492	
316	493	
315	494	
316	495	
316	496	
316	497	
316	498	
316	499	
313	500	
315	501	
316	502	
315	503	
316	504	
316	505	
316	506	
315	507	
315	508	
314	509	
313	510	
316	511	
315	512	
315	513	
315	514	
315	515	
315	516	
315	517	
316	518	
315	519	
315	520	
316	521	
315	522	
315	523	
316	524	
316	525	
316	526	
316	527	
317	528	
315	529	
316	530	
316	531	
316	532	
317	533	
317	534	
318	534	
317	535	
316	536	
316	537	
317	538	
316	539	
318	540	
316	541	
316	542	
315	543	
315	544	
314	545	
314	546	
315	547	
315	548	
315	549	
315	550	
314	551	
315	551	
314	552	
314	553	
314	554	
313	555	
313	556	
313	557	
314	558	
313	559	
312	560	
313	560	
312	561	
312	562	
312	563	
311	564	
311	565	
312	566	
312	567	
311	568	
311	569	
311	570	
310	571	
311	572	
310	573	
309	574	
310	575	
310	576	
309	577	
310	578	
310	579	
310	580	
310	581	
309	582	
309	583	
307	584	
309	585	
309	586	
309	587	
307	588	
305	589	
305	590	
305	591	
307	592	
307	593	
307	594	
305	595	
305	596	
305	597	
306	598	
305	599	
305	600	
305	601	
304	602	
303	603	
304	604	
305	605	
305	606	
306	606	
304	607	
304	608	
305	609	
304	610	
304	611	
304	612	
304	613	
304	614	
304	615	
304	616	
304	617	
304	618	
303	619	
303	620	
303	621	
304	621	
304	622	
302	623	
303	623	
303	624	
304	624	
303	625	
303	626	
301	627	
302	627	
301	628	
301	629	
301	630	
303	631	
302	632	
302	633	
303	633	
303	634	
303	635	
303	636	
302	637	
303	638	
303	639	
303	640	
302	641	
302	642	
301	643	
301	644	
301	645	
301	646	
302	647	
302	648	
302	649	
301	650	
302	651	
302	652	
302	653	
302	654	
301	655	
301	656	
301	657	
302	658	
301	659	
301	660	
302	661	
302	662	
302	663	
301	664	
302	664	
301	665	
302	666	
300	667	
301	668	
302	669	
303	670	
301	671	
301	672	
301	673	
302	673	
302	674	
302	675	
303	676	
304	677	
302	678	
304	679	
303	680	
303	681	
303	682	
302	683	
302	684	
302	685	
302	686	
301	687	
302	688	
302	689	
302	690	
302	691	
301	692	
302	692	
302	693	
303	694	
303	695	
303	696	
304	697	
303	698	
303	699	
303	700	
304	700	
303	701	
304	701	
303	702	
304	702	
303	703	
303	704	
304	705	
304	706	
305	707	
305	708	
304	709	
305	709	
304	710	
304	711	
304	712	
305	713	
305	714	
305	715	
304	716	
304	717	
304	718	
306	719	
306	720	
304	721	
305	722	
304	723	
305	724	
305	725	
305	726	
305	727	
306	728	
306	729	
306	730	
305	731	
306	732	
305	733	
305	734	
306	735	
305	736	
306	737	
306	738	
306	739	
305	740	
305	741	
306	742	
305	743	
305	744	
305	745	
306	746	
306	747	
305	748	
305	749	
306	750	
306	751	
305	752	
305	753	
305	754	
305	755	
305	756	
306	757	
306	758	
306	759	
306	760	
305	761	
306	762	
304	763	
304	764	
306	764	
307	765	
307	766	
307	767	
307	768	
308	769	
308	770	
307	771	
307	772	
306	773	
306	774	
307	775	
307	776	
307	777	
307	778	
307	779	
307	780	
307	781	
306	782	
307	782	
307	783	
308	783	
308	784	
308	785	
306	786	
307	787	
307	788	
306	789	
306	790	
306	791	
308	792	
309	793	
309	794	
309	795	
309	796	
309	797	
308	798	
308	799	
309	799	
308	800	
311	801	
310	802	
309	803	
309	804	
310	805	
311	806	
311	807	
312	808	
311	809	
310	810	
310	811	
310	812	
309	813	
309	814	
311	815	
311	816	
311	817	
311	818	
311	819	
311	820	
315	821	
315	822	
315	823	
314	824	
317	825	
316	826	
317	826	
315	827	
315	828	
317	829	
317	830	
318	830	
318	831	
319	832	
317	833	
318	834	
318	835	
318	836	
318	837	
318	838	
318	839	
318	840	
318	841	
318	842	
318	843	
318	844	
318	845	
318	846	
318	847	
318	848	
318	849	
318	850	
318	851	
318	852	
318	853	
318	854	
318	855	
317	856	
318	857	
318	858	
319	859	
319	860	
319	861	
318	862	
318	863	
318	864	
318	865	
318	866	
319	866	
319	867	
318	868	
318	869	
318	870	
319	870	
319	871	
319	872	
319	873	
319	874	
320	875	
318	876	
318	877	
318	878	
319	879	
319	880	
319	881	
319	882	
317	883	
319	884	
319	885	
319	886	
320	887	
320	888	
319	889	
319	890	
320	891	
321	892	
318	893	
318	894	
320	895	
320	896	
320	897	
319	898	
319	899	
320	900	
320	901	
320	902	
319	903	
319	904	
320	905	
320	906	
320	907	
320	908	
321	909	
321	910	
321	911	
321	912	
321	913	
321	914	
320	915	
320	916	
321	917	
321	918	
321	919	
315	1004	
315	1005	
315	1006	
