398	71	
400	95	
400	96	
400	97	
335	305	
333	306	
333	307	
333	308	
334	309	
334	310	
333	311	
333	312	
333	313	
333	314	
333	315	
333	316	
333	317	
333	318	
333	319	
333	320	
333	321	
333	322	
333	323	
334	324	
334	325	
334	326	
333	327	
333	328	
333	329	
333	330	
334	331	
334	332	
335	332	
335	333	
335	334	
335	335	
335	336	
335	337	
335	338	
335	339	
335	340	
335	341	
335	342	
336	343	
335	344	
335	345	
335	347	
335	348	
334	349	
334	350	
333	351	
333	352	
333	353	
333	354	
333	355	
333	356	
333	357	
333	358	
333	359	
333	360	
333	361	
333	362	
333	363	
333	364	
333	365	
333	366	
333	367	
332	368	
333	368	
333	369	
333	370	
333	371	
332	372	
332	373	
333	373	
333	374	
332	375	
331	387	
331	388	
331	389	
331	390	
331	391	
331	392	
323	393	
321	394	
321	395	
321	396	
321	397	
321	398	
321	399	
321	400	
319	401	
319	402	
321	403	
321	404	
319	405	
319	406	
319	407	
320	408	
320	409	
320	410	
320	411	
319	412	
319	413	
319	414	
319	415	
318	416	
319	416	
319	417	
319	418	
319	419	
318	420	
318	421	
318	422	
317	423	
318	424	
318	425	
318	426	
320	427	
320	428	
319	429	
319	430	
318	431	
318	432	
318	433	
318	434	
318	435	
318	436	
318	437	
318	438	
319	439	
320	440	
320	441	
319	442	
320	442	
320	443	
320	444	
320	445	
319	446	
320	447	
319	448	
320	448	
321	449	
321	450	
321	451	
321	452	
321	453	
322	454	
322	455	
322	456	
322	457	
322	458	
322	459	
322	460	
323	461	
323	462	
322	463	
323	463	
322	464	
323	464	
322	465	
322	466	
322	467	
321	468	
321	469	
322	470	
321	471	
321	472	
323	473	
321	474	
321	475	
321	476	
322	477	
322	478	
323	478	
322	479	
321	480	
322	481	
321	482	
323	483	
322	484	
322	485	
323	486	
321	487	
321	488	
321	489	
322	490	
324	491	
324	492	
323	493	
324	493	
323	494	
323	495	
322	496	
322	497	
322	498	
322	499	
324	500	
322	501	
322	502	
322	503	
322	504	
322	505	
322	506	
322	507	
322	508	
324	509	
323	510	
323	511	
322	512	
322	513	
323	514	
323	515	
322	516	
322	517	
323	517	
323	518	
321	519	
322	520	
322	521	
322	522	
321	523	
322	524	
322	525	
322	526	
323	526	
321	527	
322	528	
321	529	
322	530	
322	531	
324	532	
324	533	
324	534	
324	535	
325	536	
323	537	
324	537	
324	538	
324	539	
323	540	
323	541	
322	542	
322	543	
322	544	
322	545	
322	546	
321	547	
321	548	
321	549	
322	550	
321	551	
321	552	
322	553	
320	554	
321	555	
321	556	
321	557	
321	558	
320	559	
319	560	
321	561	
320	562	
321	563	
319	564	
319	565	
319	566	
319	567	
317	568	
317	569	
317	570	
317	571	
316	573	
317	574	
317	575	
316	576	
316	577	
313	578	
314	579	
314	580	
314	581	
314	582	
314	583	
312	584	
313	585	
313	586	
313	587	
314	588	
313	589	
312	590	
313	591	
313	592	
313	593	
314	593	
313	594	
312	595	
313	596	
314	597	
313	598	
312	599	
313	600	
313	601	
312	602	
312	603	
311	604	
312	605	
312	606	
311	607	
310	608	
309	609	
309	610	
309	611	
310	612	
310	613	
310	614	
310	615	
309	616	
310	617	
311	617	
311	618	
310	619	
311	620	
310	621	
310	622	
310	623	
309	624	
310	624	
309	625	
309	626	
308	627	
309	628	
309	629	
309	630	
309	631	
309	632	
309	633	
310	633	
309	634	
309	635	
309	636	
309	637	
308	638	
309	639	
308	640	
309	641	
309	642	
308	643	
308	644	
309	645	
308	646	
308	647	
307	648	
308	649	
308	650	
309	651	
308	652	
308	653	
307	654	
308	654	
309	655	
308	656	
308	657	
309	658	
308	659	
308	660	
308	661	
308	662	
308	663	
309	663	
308	664	
308	665	
308	666	
308	667	
308	668	
309	669	
309	670	
308	671	
308	672	
309	672	
308	673	
307	674	
308	674	
308	675	
308	676	
309	677	
309	678	
309	679	
309	680	
308	681	
308	682	
308	683	
309	684	
309	685	
308	686	
310	686	
308	687	
309	687	
309	688	
308	689	
310	690	
309	691	
309	692	
310	692	
309	693	
310	694	
310	695	
310	696	
310	697	
310	698	
310	699	
311	700	
311	701	
311	702	
311	703	
311	704	
311	705	
311	706	
311	707	
310	708	
312	709	
312	710	
313	711	
312	712	
311	713	
312	713	
312	714	
312	715	
312	716	
312	717	
312	718	
312	719	
311	720	
312	720	
311	721	
312	722	
312	723	
312	724	
313	725	
312	726	
312	727	
312	728	
312	729	
313	730	
313	731	
314	732	
313	733	
313	734	
313	735	
313	736	
313	737	
313	738	
312	739	
313	740	
313	741	
312	742	
311	743	
311	744	
312	745	
312	746	
312	747	
312	748	
312	749	
311	750	
311	751	
312	752	
312	753	
313	754	
314	754	
313	755	
312	756	
313	756	
312	757	
313	758	
313	759	
312	760	
313	761	
313	762	
313	763	
312	764	
312	765	
311	766	
312	767	
313	768	
313	769	
313	770	
313	771	
313	772	
314	773	
312	774	
312	775	
313	776	
313	777	
314	778	
314	779	
314	780	
314	781	
314	782	
314	783	
315	784	
315	785	
315	786	
314	787	
315	787	
315	788	
315	789	
316	790	
316	791	
316	792	
314	793	
316	794	
315	795	
315	796	
316	797	
314	798	
314	799	
315	800	
316	801	
317	802	
317	803	
317	804	
316	805	
317	806	
319	807	
319	808	
318	809	
318	810	
318	811	
319	812	
319	813	
319	814	
319	815	
319	816	
319	817	
320	818	
320	819	
320	820	
321	821	
321	822	
322	823	
322	824	
322	825	
321	826	
322	827	
323	828	
325	829	
325	830	
324	831	
325	831	
323	832	
324	832	
327	833	
326	834	
326	835	
325	836	
325	837	
327	838	
327	839	
327	840	
326	841	
326	842	
326	843	
326	844	
326	845	
326	846	
327	846	
326	847	
326	848	
326	849	
327	850	
326	851	
327	852	
327	853	
327	854	
327	855	
327	856	
327	857	
327	858	
327	859	
327	860	
327	861	
327	862	
327	863	
327	864	
328	865	
328	866	
327	867	
327	868	
325	869	
326	870	
327	871	
327	872	
328	873	
328	874	
327	875	
328	875	
327	876	
328	877	
328	878	
327	879	
327	880	
328	881	
328	882	
327	883	
327	884	
329	885	
329	886	
328	887	
327	888	
327	889	
327	890	
327	891	
328	892	
328	893	
328	894	
328	895	
328	896	
329	897	
329	898	
328	899	
329	900	
329	901	
330	902	
331	903	
331	904	
330	905	
330	906	
330	907	
329	908	
329	909	
329	910	
330	911	
331	912	
331	913	
330	914	
331	914	
330	915	
330	916	
330	917	
329	976	
324	994	
322	1005	
322	1006	
317	1029	
308	1087	
308	1092	
309	1093	
308	1094	
309	1094	
310	1095	
310	1096	
310	1097	
