402	95	
402	96	
402	97	
335	304	
335	305	
335	306	
335	307	
335	308	
335	309	
335	310	
335	311	
335	312	
335	313	
335	314	
335	315	
335	316	
335	317	
336	318	
335	319	
335	320	
335	321	
335	322	
336	323	
336	324	
337	324	
336	325	
336	326	
335	327	
336	328	
335	329	
336	330	
337	331	
337	332	
337	333	
336	334	
337	335	
337	336	
337	337	
337	338	
337	339	
337	340	
337	341	
337	342	
337	343	
337	344	
337	345	
337	346	
337	347	
337	348	
337	349	
337	350	
336	351	
335	352	
337	353	
336	354	
335	355	
335	356	
335	357	
335	358	
335	359	
335	360	
333	361	
335	362	
335	363	
335	364	
335	365	
335	366	
334	367	
335	368	
334	369	
335	369	
333	370	
334	371	
334	372	
334	373	
334	374	
334	375	
335	376	
333	379	
333	383	
334	384	
333	385	
333	386	
335	388	
333	389	
333	390	
325	395	
323	396	
323	397	
323	398	
323	399	
323	400	
323	401	
323	402	
323	403	
323	404	
321	405	
322	405	
321	406	
322	407	
319	408	
319	409	
320	409	
320	410	
321	410	
321	411	
321	412	
321	413	
321	414	
321	415	
321	416	
321	417	
321	418	
321	419	
321	420	
320	421	
321	421	
321	422	
320	423	
319	424	
320	425	
321	426	
322	427	
322	428	
322	429	
321	430	
321	431	
321	432	
321	433	
321	434	
321	435	
321	436	
321	437	
321	438	
321	439	
322	439	
321	440	
322	441	
322	442	
321	443	
322	443	
322	444	
322	445	
322	446	
323	446	
322	447	
322	448	
323	448	
323	449	
323	450	
322	451	
322	452	
324	453	
324	454	
323	455	
324	455	
323	456	
323	457	
324	458	
324	459	
324	460	
324	461	
324	462	
325	462	
324	463	
325	463	
324	464	
325	464	
323	465	
323	466	
324	466	
323	467	
323	468	
324	469	
324	470	
323	471	
324	471	
324	472	
323	473	
324	474	
324	475	
323	476	
324	477	
324	478	
324	479	
325	479	
323	480	
323	481	
323	482	
323	483	
323	484	
324	485	
324	486	
323	487	
324	488	
323	489	
323	490	
324	491	
324	492	
323	493	
324	494	
324	495	
324	496	
325	496	
324	497	
325	498	
324	499	
323	500	
323	501	
324	502	
323	503	
325	504	
324	505	
325	506	
325	507	
324	508	
324	509	
325	509	
324	510	
324	511	
325	512	
324	513	
324	514	
324	515	
324	516	
323	517	
325	518	
325	519	
324	520	
325	520	
324	521	
325	521	
325	522	
325	523	
324	524	
324	525	
325	526	
325	527	
325	528	
325	529	
325	530	
325	531	
326	532	
325	533	
325	534	
325	535	
325	536	
325	537	
325	538	
325	539	
325	540	
325	541	
325	542	
325	543	
325	544	
325	545	
325	546	
324	547	
323	548	
323	549	
323	550	
321	551	
321	552	
321	553	
323	554	
323	555	
323	556	
323	557	
321	558	
321	559	
319	560	
321	561	
321	563	
321	564	
321	565	
321	566	
321	567	
317	568	
319	569	
319	570	
319	571	
319	572	
319	573	
317	574	
317	575	
316	576	
317	577	
318	578	
319	579	
315	580	
315	581	
316	582	
315	583	
315	584	
316	585	
316	586	
315	587	
316	588	
315	589	
316	590	
315	591	
315	592	
316	592	
315	593	
316	594	
314	595	
315	595	
315	596	
315	597	
315	598	
314	599	
315	600	
315	601	
315	602	
313	603	
313	604	
313	605	
313	606	
313	607	
313	608	
312	609	
311	610	
312	611	
311	612	
311	613	
312	614	
312	615	
313	615	
312	616	
312	617	
313	618	
312	619	
312	620	
311	621	
312	622	
312	623	
312	624	
311	625	
311	626	
312	627	
312	628	
310	629	
312	629	
310	630	
312	631	
311	632	
310	633	
312	634	
312	635	
311	636	
310	637	
311	637	
312	638	
310	639	
310	640	
311	640	
309	641	
309	642	
309	643	
309	644	
311	645	
311	646	
312	647	
311	648	
312	648	
311	649	
310	650	
310	651	
310	652	
310	653	
310	654	
310	655	
310	656	
309	657	
310	658	
311	659	
310	660	
310	661	
311	662	
310	663	
310	664	
310	665	
311	666	
311	667	
311	668	
310	669	
310	670	
309	671	
310	672	
310	673	
310	674	
309	675	
310	676	
310	677	
310	678	
311	678	
311	679	
311	680	
310	681	
310	682	
311	682	
311	683	
310	684	
311	684	
311	685	
311	686	
311	687	
312	688	
312	689	
312	690	
312	691	
313	692	
312	693	
310	694	
313	695	
313	696	
313	697	
312	698	
312	699	
312	700	
313	701	
313	702	
312	703	
312	704	
313	705	
313	706	
314	706	
314	707	
314	708	
314	709	
314	710	
315	711	
314	712	
315	712	
313	713	
314	714	
314	715	
315	716	
314	717	
314	718	
315	719	
315	720	
314	721	
313	722	
314	722	
313	723	
314	724	
314	725	
314	726	
314	727	
314	728	
315	729	
315	730	
315	731	
314	732	
315	733	
314	734	
315	734	
314	735	
315	736	
315	737	
314	738	
314	739	
314	740	
314	741	
315	742	
315	743	
313	744	
314	745	
315	746	
315	747	
315	748	
314	749	
315	750	
314	751	
315	751	
314	752	
315	753	
315	754	
315	755	
316	756	
315	757	
314	758	
315	759	
315	760	
314	761	
315	762	
316	763	
316	764	
315	765	
315	766	
316	767	
316	768	
315	769	
315	770	
314	771	
314	772	
314	773	
314	774	
314	775	
316	776	
315	777	
315	778	
316	779	
316	780	
316	781	
316	782	
317	783	
316	784	
316	785	
316	786	
316	787	
316	788	
316	789	
317	789	
318	790	
317	791	
318	792	
315	793	
315	794	
319	795	
319	796	
319	797	
318	798	
319	799	
319	800	
319	801	
319	802	
319	803	
318	804	
318	805	
318	806	
317	807	
321	808	
321	809	
321	810	
321	811	
321	812	
321	813	
321	814	
321	815	
321	816	
322	817	
323	818	
323	819	
323	820	
323	821	
323	822	
323	823	
323	824	
325	825	
325	826	
323	827	
324	828	
325	829	
326	829	
326	830	
327	831	
327	832	
328	832	
328	833	
328	834	
329	835	
329	836	
329	837	
329	838	
329	839	
329	840	
329	841	
329	842	
329	843	
330	843	
329	844	
330	844	
329	845	
329	846	
329	847	
329	848	
329	849	
329	850	
328	851	
327	852	
330	853	
330	854	
331	855	
331	856	
331	857	
330	858	
330	859	
330	860	
331	861	
331	862	
331	863	
330	864	
329	865	
330	865	
329	866	
330	867	
330	868	
328	869	
328	870	
330	871	
329	872	
329	873	
330	874	
331	875	
331	876	
330	877	
329	878	
330	878	
330	879	
330	880	
331	881	
329	882	
329	883	
330	883	
330	884	
331	885	
331	886	
331	887	
330	888	
330	889	
330	890	
330	891	
331	892	
331	893	
331	894	
331	895	
331	896	
333	897	
333	898	
333	899	
333	900	
333	901	
333	902	
332	903	
332	904	
332	905	
333	906	
333	907	
333	908	
333	909	
333	910	
333	911	
333	912	
333	913	
333	914	
333	915	
333	916	
316	1037	
316	1038	
318	1039	
318	1040	
310	1081	
310	1082	
311	1083	
312	1083	
310	1087	
310	1088	
310	1089	
310	1090	
312	1093	
310	1095	
310	1096	
311	1097	
