400	73	
402	93	
402	94	
402	95	
337	304	
336	305	
337	306	
337	307	
336	308	
335	309	
335	310	
335	311	
336	312	
336	313	
336	314	
336	315	
336	316	
335	317	
335	318	
336	319	
335	320	
335	321	
336	322	
337	323	
336	324	
336	325	
337	326	
337	327	
337	328	
337	329	
337	330	
338	331	
337	332	
338	333	
338	334	
338	335	
338	336	
338	337	
338	338	
338	339	
338	340	
337	341	
337	342	
337	343	
337	344	
337	345	
337	346	
335	347	
335	348	
337	349	
337	350	
337	351	
337	352	
337	353	
337	354	
335	355	
335	356	
336	357	
336	358	
335	359	
335	360	
335	361	
335	362	
335	363	
335	364	
336	365	
335	366	
335	367	
335	368	
335	369	
335	370	
333	371	
333	372	
334	373	
334	374	
334	375	
334	376	
335	377	
335	378	
335	379	
335	380	
335	381	
334	382	
334	383	
333	384	
333	385	
333	386	
333	387	
335	388	
335	389	
335	390	
333	391	
325	394	
325	395	
325	396	
324	397	
323	398	
322	399	
322	400	
323	401	
323	402	
322	403	
322	404	
323	405	
323	406	
322	407	
321	408	
321	409	
321	410	
321	411	
321	412	
321	413	
321	414	
321	415	
321	416	
321	417	
321	418	
320	419	
321	419	
321	420	
321	421	
321	422	
321	423	
321	424	
320	425	
321	425	
320	426	
320	427	
321	428	
320	429	
320	430	
320	431	
319	432	
322	433	
321	434	
321	435	
321	436	
321	437	
321	438	
322	438	
322	439	
322	440	
323	441	
323	442	
323	443	
322	444	
323	445	
323	446	
322	447	
323	447	
322	448	
323	448	
322	449	
322	450	
322	451	
322	452	
324	453	
324	454	
324	455	
324	456	
324	457	
324	458	
324	459	
324	460	
324	461	
325	461	
325	462	
325	463	
324	464	
325	465	
324	466	
324	467	
324	468	
325	468	
324	469	
325	470	
325	471	
325	472	
324	473	
325	473	
324	474	
325	475	
324	476	
325	476	
324	477	
324	478	
325	479	
325	480	
325	481	
325	482	
325	483	
324	484	
324	485	
325	486	
325	487	
325	488	
326	488	
324	489	
325	490	
325	491	
325	492	
324	493	
325	494	
323	495	
324	496	
324	497	
326	498	
325	499	
325	500	
324	501	
325	501	
324	502	
324	503	
325	503	
325	504	
324	505	
324	506	
324	507	
324	508	
325	509	
325	510	
324	511	
323	512	
325	513	
325	514	
324	515	
326	515	
325	516	
325	517	
325	518	
324	519	
325	519	
326	520	
325	521	
325	522	
325	523	
325	524	
326	525	
325	526	
325	527	
326	527	
327	528	
327	529	
325	530	
326	531	
326	532	
325	533	
326	533	
326	534	
326	535	
326	536	
326	537	
326	538	
326	539	
325	540	
324	541	
324	542	
323	543	
324	544	
325	545	
324	546	
322	547	
325	548	
324	549	
323	550	
323	551	
323	552	
323	553	
323	554	
323	555	
321	556	
321	557	
315	558	
323	559	
323	560	
323	561	
321	562	
319	563	
319	564	
321	565	
321	566	
321	567	
319	568	
319	569	
319	570	
319	571	
319	572	
319	573	
317	574	
318	574	
318	575	
318	576	
319	576	
318	577	
318	578	
318	579	
318	580	
318	581	
316	582	
315	583	
316	584	
315	585	
316	586	
315	587	
315	588	
316	589	
315	590	
316	590	
316	591	
315	592	
315	593	
315	594	
315	595	
316	596	
315	597	
314	598	
313	599	
313	600	
313	601	
314	602	
315	603	
313	604	
314	605	
314	606	
313	607	
314	607	
314	608	
313	609	
314	610	
313	611	
311	612	
313	613	
312	614	
312	615	
314	615	
313	616	
314	617	
313	618	
313	619	
313	620	
311	621	
312	622	
312	623	
312	624	
313	625	
311	626	
312	627	
312	628	
311	629	
312	630	
311	631	
312	632	
311	633	
312	634	
312	635	
312	636	
311	637	
311	638	
311	639	
312	640	
312	641	
309	642	
312	643	
310	644	
311	645	
311	646	
311	647	
310	648	
311	649	
310	650	
310	651	
311	652	
310	653	
310	654	
311	655	
310	656	
310	657	
311	658	
310	659	
310	660	
311	661	
311	662	
310	663	
310	664	
310	665	
311	666	
311	667	
310	668	
309	669	
310	670	
310	671	
311	672	
311	673	
311	674	
311	675	
311	676	
310	677	
311	677	
310	678	
310	679	
311	679	
311	680	
310	681	
311	681	
312	682	
312	683	
312	684	
313	685	
313	686	
313	687	
312	688	
313	689	
312	690	
312	691	
312	692	
312	693	
313	693	
312	694	
313	695	
313	696	
313	697	
312	698	
311	699	
312	700	
312	701	
313	702	
312	703	
314	704	
315	705	
312	706	
315	707	
316	708	
314	709	
314	710	
314	711	
315	712	
314	713	
314	714	
314	715	
314	716	
315	716	
315	717	
313	718	
314	718	
314	719	
314	720	
314	721	
314	722	
314	723	
314	724	
315	724	
314	725	
314	726	
314	727	
314	728	
314	729	
314	730	
315	731	
314	732	
315	732	
315	733	
315	734	
315	735	
315	736	
315	737	
314	738	
315	739	
315	740	
315	741	
315	742	
314	743	
315	744	
315	745	
315	746	
315	747	
314	748	
314	749	
315	750	
315	751	
315	752	
316	753	
316	754	
316	755	
316	756	
316	757	
314	758	
314	759	
314	760	
314	761	
315	762	
315	763	
315	764	
316	764	
315	765	
316	766	
316	767	
315	768	
315	769	
315	770	
316	770	
315	771	
316	771	
316	772	
317	773	
317	774	
317	775	
315	776	
315	777	
316	778	
317	779	
318	780	
317	781	
316	782	
317	782	
316	783	
316	784	
317	784	
316	785	
317	786	
317	787	
317	788	
317	789	
317	790	
317	791	
317	792	
318	793	
318	794	
318	795	
318	796	
319	797	
319	798	
319	799	
318	800	
319	801	
319	802	
319	803	
320	804	
319	805	
319	806	
321	807	
321	808	
320	809	
319	810	
321	811	
321	812	
320	813	
319	814	
320	815	
322	816	
323	817	
323	818	
323	819	
323	820	
324	821	
324	822	
325	823	
325	824	
325	825	
324	826	
326	827	
327	828	
325	829	
325	830	
327	831	
327	832	
329	833	
329	834	
329	835	
329	836	
329	837	
329	838	
329	839	
329	840	
329	841	
329	842	
329	843	
330	844	
330	845	
330	846	
330	847	
329	848	
329	849	
330	850	
330	851	
330	852	
329	853	
329	854	
330	855	
330	856	
330	857	
330	858	
330	859	
330	860	
330	861	
331	862	
330	863	
331	864	
330	865	
330	866	
331	867	
330	868	
331	868	
331	869	
330	870	
330	871	
330	872	
331	873	
331	874	
330	875	
331	876	
330	877	
330	878	
330	879	
330	880	
331	881	
332	882	
332	883	
332	884	
331	885	
331	886	
331	887	
331	888	
332	888	
333	889	
333	890	
333	891	
333	892	
333	893	
333	894	
331	895	
331	896	
333	897	
333	898	
333	899	
333	900	
332	901	
333	902	
333	903	
333	904	
334	905	
334	906	
333	907	
332	908	
332	909	
335	910	
333	911	
333	912	
335	913	
335	914	
324	1010	
317	1049	
314	1054	
313	1076	
312	1080	
312	1081	
312	1082	
311	1083	
311	1084	
310	1087	
310	1088	
311	1089	
312	1090	
312	1091	
310	1095	
310	1096	
311	1097	
312	1098	
312	1099	
310	1100	
310	1101	
310	1102	
