337	303	
337	304	
339	305	
338	306	
337	307	
337	308	
337	309	
337	310	
337	311	
337	312	
337	313	
337	314	
337	315	
337	316	
337	317	
337	318	
337	319	
338	319	
338	320	
339	320	
339	321	
338	322	
337	323	
337	324	
338	325	
338	326	
338	327	
339	328	
338	329	
338	330	
339	330	
338	331	
338	332	
339	333	
340	334	
339	335	
339	336	
339	337	
339	338	
339	339	
339	340	
339	341	
339	342	
339	343	
339	344	
340	345	
337	346	
337	347	
337	348	
339	349	
339	350	
337	351	
337	352	
337	353	
337	354	
337	355	
337	356	
337	357	
337	358	
337	359	
337	360	
337	361	
337	362	
337	363	
337	364	
337	365	
336	366	
336	367	
335	368	
336	369	
336	370	
336	371	
336	372	
336	373	
336	374	
336	375	
336	376	
337	377	
336	378	
335	379	
335	380	
335	381	
336	382	
336	383	
336	384	
336	385	
335	386	
335	387	
335	388	
335	389	
335	390	
327	393	
327	394	
325	395	
325	396	
325	397	
325	398	
325	399	
323	400	
324	401	
325	401	
324	402	
324	403	
324	404	
325	404	
324	405	
324	406	
321	407	
321	408	
321	409	
321	410	
321	411	
323	412	
324	413	
323	414	
324	414	
323	415	
321	416	
322	417	
322	418	
323	418	
324	419	
323	420	
322	421	
322	422	
323	422	
323	423	
323	424	
322	425	
323	426	
323	427	
323	428	
323	429	
324	430	
322	431	
323	432	
323	433	
323	434	
323	435	
324	436	
324	437	
323	438	
324	439	
324	440	
323	441	
323	442	
324	443	
324	444	
324	445	
324	446	
324	447	
324	448	
323	449	
324	450	
325	451	
325	452	
325	453	
325	454	
325	455	
325	456	
326	457	
326	458	
328	459	
326	460	
327	460	
326	461	
327	461	
327	462	
327	463	
326	464	
326	465	
326	466	
326	467	
326	468	
326	469	
325	470	
326	470	
326	471	
325	472	
326	473	
326	474	
326	475	
326	476	
325	477	
325	478	
325	479	
325	480	
326	481	
326	482	
326	483	
326	484	
327	485	
327	486	
327	487	
326	488	
326	489	
327	490	
326	491	
326	492	
326	493	
327	494	
327	495	
327	496	
326	497	
326	498	
326	499	
326	500	
326	501	
327	501	
327	502	
327	503	
326	504	
325	505	
326	506	
326	507	
326	508	
326	509	
326	510	
326	511	
325	512	
326	512	
326	513	
327	513	
326	514	
326	515	
326	516	
326	517	
326	518	
327	519	
326	520	
327	521	
326	522	
326	523	
327	524	
327	525	
326	526	
326	527	
327	528	
326	529	
328	529	
328	530	
328	531	
328	532	
329	533	
330	534	
328	535	
328	536	
328	537	
328	538	
328	539	
327	540	
327	541	
327	542	
327	543	
326	544	
327	544	
325	545	
326	546	
325	547	
325	548	
325	549	
325	550	
325	551	
325	552	
323	553	
325	554	
325	555	
325	556	
323	557	
323	558	
323	559	
323	560	
323	561	
321	562	
322	563	
322	564	
323	565	
321	566	
321	567	
321	568	
321	569	
320	570	
321	571	
321	572	
320	573	
320	574	
320	575	
320	576	
320	577	
320	578	
319	579	
319	580	
320	580	
319	581	
320	582	
319	583	
319	584	
319	585	
318	586	
318	587	
319	587	
319	588	
318	589	
318	590	
318	591	
317	592	
317	593	
318	594	
317	595	
317	596	
316	597	
315	598	
317	598	
315	599	
316	600	
315	601	
316	602	
316	603	
316	604	
315	605	
316	606	
315	607	
315	608	
315	609	
315	610	
315	611	
315	612	
313	613	
313	614	
314	615	
314	616	
313	617	
314	618	
313	619	
315	620	
314	621	
313	622	
313	623	
314	624	
313	625	
313	626	
314	627	
314	628	
314	629	
313	630	
314	630	
314	631	
314	632	
313	633	
314	634	
314	635	
314	636	
313	637	
313	638	
313	639	
313	640	
312	641	
312	642	
312	643	
312	644	
311	645	
313	646	
311	647	
313	648	
312	649	
312	650	
313	650	
312	651	
313	651	
312	652	
312	653	
313	654	
312	655	
313	656	
313	657	
312	658	
312	659	
313	660	
313	661	
313	662	
313	663	
312	664	
312	665	
312	666	
311	667	
313	668	
312	669	
313	670	
313	671	
312	672	
312	673	
313	674	
312	675	
313	675	
312	676	
313	676	
312	677	
313	678	
313	679	
314	680	
314	681	
314	682	
315	683	
315	684	
314	685	
314	686	
314	687	
314	688	
314	689	
313	690	
314	691	
314	692	
313	693	
314	693	
313	694	
314	695	
314	696	
315	697	
314	698	
313	699	
314	700	
313	701	
313	702	
313	703	
317	704	
317	705	
317	706	
317	707	
316	708	
316	709	
317	710	
317	711	
316	712	
316	713	
316	714	
316	715	
316	716	
316	717	
316	718	
316	719	
316	720	
316	721	
316	722	
315	723	
315	724	
316	725	
315	726	
316	727	
316	728	
316	729	
316	730	
317	731	
317	732	
316	733	
316	734	
317	734	
316	735	
316	736	
316	737	
316	738	
316	739	
316	740	
317	741	
317	742	
315	743	
317	744	
315	745	
316	746	
316	747	
316	748	
317	748	
316	749	
317	749	
317	750	
317	751	
317	752	
317	753	
317	754	
317	755	
317	756	
317	757	
317	758	
317	759	
317	760	
317	761	
317	762	
316	763	
316	764	
317	765	
316	766	
315	767	
319	768	
319	769	
317	770	
318	771	
318	772	
318	773	
317	774	
318	775	
319	776	
318	777	
317	778	
319	779	
319	780	
319	781	
319	782	
318	783	
319	784	
319	785	
320	786	
320	787	
320	788	
320	789	
320	790	
320	791	
320	792	
321	793	
321	794	
321	795	
320	796	
320	797	
320	798	
319	799	
319	800	
319	801	
320	802	
320	803	
320	804	
321	805	
322	805	
322	806	
322	807	
321	808	
322	809	
322	810	
322	811	
322	812	
322	813	
322	814	
321	815	
321	816	
325	817	
325	818	
325	819	
324	820	
325	821	
326	822	
325	823	
325	824	
325	825	
325	826	
327	827	
329	828	
329	829	
328	830	
329	831	
330	832	
331	833	
337	834	
331	835	
331	836	
331	837	
331	838	
332	839	
333	840	
332	841	
331	842	
331	843	
332	844	
332	845	
332	846	
332	847	
332	848	
332	849	
333	850	
333	851	
332	852	
333	853	
332	854	
332	855	
333	856	
333	857	
333	858	
333	859	
332	860	
332	861	
332	862	
332	863	
332	864	
333	865	
333	866	
333	867	
333	868	
333	869	
333	870	
333	871	
333	872	
332	873	
331	874	
335	875	
334	876	
333	877	
334	877	
334	878	
334	879	
334	880	
334	881	
334	882	
335	883	
334	884	
334	885	
334	886	
334	887	
334	888	
334	889	
334	890	
334	891	
334	892	
334	893	
335	894	
336	895	
335	896	
334	897	
334	898	
334	899	
335	900	
335	901	
335	902	
337	903	
334	904	
335	905	
335	906	
335	907	
336	908	
336	909	
336	910	
336	911	
336	912	
336	913	
335	914	
333	984	
319	1047	
316	1051	
316	1052	
314	1073	
314	1074	
314	1075	
314	1087	
314	1088	
312	1089	
313	1090	
314	1091	
312	1094	
312	1095	
313	1096	
312	1098	
312	1099	
312	1100	
312	1117	
