339	303	
339	304	
339	305	
339	306	
339	307	
338	308	
339	308	
338	309	
338	310	
339	311	
339	312	
339	313	
340	314	
339	315	
339	316	
339	317	
339	318	
339	319	
339	320	
339	321	
339	322	
339	323	
339	324	
339	325	
340	325	
340	326	
340	327	
340	328	
340	329	
340	330	
341	331	
341	332	
341	333	
341	334	
341	335	
341	336	
341	337	
341	338	
341	339	
341	340	
342	341	
341	342	
342	342	
341	343	
341	344	
341	345	
340	346	
341	347	
341	348	
341	349	
341	350	
341	351	
341	352	
339	353	
339	354	
339	355	
339	356	
339	357	
339	358	
339	359	
339	360	
339	361	
339	362	
339	363	
339	364	
338	365	
338	366	
339	367	
339	368	
339	369	
339	370	
339	371	
338	372	
338	373	
337	374	
337	375	
337	376	
337	377	
337	378	
338	379	
337	380	
337	381	
337	382	
337	383	
338	384	
338	385	
338	386	
338	387	
337	388	
337	389	
337	390	
337	391	
328	394	
325	395	
325	396	
327	397	
327	398	
327	399	
326	400	
326	401	
326	402	
325	403	
325	404	
325	405	
325	406	
326	406	
325	407	
325	408	
325	409	
325	410	
325	411	
325	412	
325	413	
325	414	
324	415	
324	416	
323	417	
324	417	
324	418	
325	419	
325	420	
324	421	
325	422	
324	423	
325	423	
325	424	
324	425	
325	426	
325	427	
324	428	
324	429	
324	430	
324	431	
325	431	
325	432	
326	433	
326	434	
325	435	
326	436	
326	437	
325	438	
325	439	
325	440	
325	441	
325	442	
325	443	
326	444	
326	445	
326	446	
326	447	
326	448	
325	449	
327	450	
328	451	
327	452	
327	453	
327	454	
328	455	
328	456	
328	457	
327	458	
329	458	
328	459	
328	460	
328	461	
329	461	
328	462	
328	463	
328	464	
328	465	
328	466	
328	467	
327	468	
328	469	
328	470	
327	471	
328	472	
328	473	
328	474	
328	475	
328	476	
328	477	
328	478	
328	479	
328	480	
328	481	
328	482	
329	482	
328	483	
328	484	
327	485	
329	486	
328	487	
328	488	
328	489	
328	490	
328	491	
329	492	
329	493	
328	494	
328	495	
328	496	
327	497	
328	497	
328	498	
328	499	
328	500	
328	501	
328	502	
328	503	
328	504	
327	505	
328	505	
328	506	
327	507	
328	508	
327	509	
327	510	
327	511	
328	512	
328	513	
329	513	
330	514	
330	515	
329	516	
328	517	
328	518	
328	519	
328	520	
328	521	
328	522	
327	523	
328	524	
328	525	
328	526	
327	527	
328	528	
329	529	
329	530	
329	531	
330	532	
329	533	
329	534	
330	535	
329	536	
328	537	
329	538	
328	539	
327	540	
327	541	
327	542	
327	543	
327	544	
327	545	
327	546	
327	547	
326	548	
327	548	
327	549	
327	550	
325	551	
326	552	
325	553	
325	554	
323	555	
324	555	
323	556	
323	557	
325	558	
325	559	
324	560	
325	561	
325	562	
325	563	
324	564	
323	565	
324	565	
323	566	
324	567	
323	568	
323	569	
323	570	
322	571	
321	572	
323	572	
322	573	
322	574	
321	575	
321	576	
322	577	
321	578	
321	579	
320	580	
321	581	
322	582	
321	583	
320	584	
320	585	
320	586	
320	587	
319	588	
319	589	
320	590	
320	591	
319	592	
318	593	
318	594	
318	595	
319	595	
318	596	
318	597	
318	598	
318	599	
319	600	
319	601	
319	602	
317	603	
318	604	
318	605	
317	606	
317	607	
318	607	
317	608	
317	609	
316	610	
317	611	
317	612	
317	613	
316	614	
317	615	
316	616	
316	617	
317	618	
316	619	
316	620	
317	621	
317	622	
317	623	
317	624	
315	625	
315	626	
315	627	
315	628	
316	629	
316	630	
317	631	
316	632	
316	633	
315	634	
316	635	
314	636	
314	637	
314	638	
315	639	
314	640	
314	641	
315	642	
314	643	
314	644	
313	645	
313	646	
313	647	
314	648	
314	649	
314	650	
314	651	
314	652	
314	653	
315	653	
315	654	
316	654	
315	655	
314	656	
315	656	
315	657	
314	658	
314	659	
315	660	
314	661	
315	662	
314	663	
314	664	
314	665	
314	666	
314	667	
314	668	
315	669	
314	670	
314	671	
313	672	
315	672	
313	673	
314	674	
314	675	
315	676	
314	677	
315	678	
315	679	
315	680	
314	681	
315	681	
314	682	
315	682	
314	683	
315	683	
315	684	
315	685	
315	686	
315	687	
315	688	
315	689	
315	690	
316	690	
314	691	
315	692	
316	692	
316	693	
317	694	
316	695	
315	696	
315	697	
317	698	
315	699	
315	700	
315	701	
316	702	
316	703	
317	704	
316	705	
317	706	
317	707	
317	708	
318	708	
317	709	
317	710	
317	711	
317	712	
317	713	
318	713	
317	714	
318	714	
318	715	
318	716	
318	717	
318	718	
318	719	
317	720	
317	721	
319	722	
319	723	
319	724	
318	725	
319	725	
319	726	
319	727	
318	728	
319	729	
318	730	
318	731	
319	732	
318	733	
319	734	
318	735	
319	736	
318	737	
318	738	
318	739	
319	740	
319	741	
318	742	
318	743	
318	744	
318	745	
318	746	
318	747	
318	748	
318	749	
318	750	
319	751	
319	752	
318	753	
318	754	
319	755	
319	756	
319	757	
319	758	
319	759	
320	760	
320	761	
319	762	
319	763	
318	764	
319	765	
319	766	
320	767	
319	768	
319	769	
318	770	
319	770	
318	771	
318	772	
318	773	
318	774	
321	775	
320	776	
320	777	
320	778	
319	779	
319	780	
320	781	
320	782	
320	783	
320	784	
321	785	
321	786	
321	787	
321	788	
321	789	
321	790	
321	791	
321	792	
321	793	
320	794	
320	795	
320	796	
320	797	
321	798	
321	799	
322	800	
323	801	
323	802	
322	803	
323	803	
322	804	
323	804	
323	805	
323	806	
323	807	
323	808	
324	809	
325	810	
325	811	
325	812	
325	813	
325	814	
325	815	
325	816	
325	817	
325	818	
325	819	
326	820	
327	821	
327	822	
327	823	
327	824	
328	825	
328	826	
327	827	
327	828	
327	829	
331	830	
331	831	
329	832	
329	833	
329	834	
332	835	
332	836	
332	837	
333	838	
333	839	
333	840	
332	841	
333	842	
334	843	
334	844	
334	845	
334	846	
334	847	
334	848	
333	849	
333	850	
334	851	
334	852	
334	853	
334	854	
335	855	
334	856	
334	857	
333	858	
333	859	
334	860	
334	861	
334	862	
334	863	
334	864	
335	865	
335	866	
335	867	
335	868	
335	869	
335	870	
335	871	
335	872	
336	873	
335	874	
335	875	
336	876	
336	877	
336	878	
336	879	
336	880	
336	881	
336	882	
336	883	
335	884	
336	884	
336	885	
336	886	
336	887	
336	888	
336	889	
337	890	
338	891	
337	892	
338	892	
337	893	
337	894	
337	895	
337	896	
337	897	
338	897	
337	898	
337	899	
337	900	
338	901	
338	902	
338	903	
338	904	
337	905	
337	906	
338	907	
338	908	
337	909	
337	910	
336	911	
337	912	
337	913	
337	914	
337	915	
336	965	
336	966	
335	967	
335	968	
335	969	
335	970	
335	971	
335	979	
335	980	
328	1007	
329	1007	
328	1008	
327	1009	
325	1025	
320	1040	
321	1041	
321	1042	
316	1069	
316	1070	
316	1071	
317	1072	
316	1079	
316	1080	
314	1081	
314	1082	
314	1087	
314	1088	
314	1089	
315	1090	
314	1094	
315	1095	
