410	99	
410	100	
410	101	
342	302	
341	303	
343	304	
343	305	
342	306	
341	307	
341	308	
342	309	
343	310	
343	311	
343	312	
341	313	
341	314	
342	315	
342	316	
341	317	
342	317	
341	318	
343	318	
342	319	
343	320	
343	321	
343	322	
342	323	
342	324	
342	325	
342	326	
343	327	
343	328	
343	329	
343	330	
344	331	
344	332	
343	333	
343	334	
344	335	
344	336	
344	337	
344	338	
345	339	
344	340	
343	341	
343	342	
345	343	
345	344	
343	345	
343	346	
343	347	
343	348	
343	349	
343	350	
341	351	
341	352	
342	352	
341	353	
341	354	
341	355	
342	356	
343	357	
341	358	
342	358	
341	359	
341	360	
341	361	
341	362	
341	363	
341	364	
340	365	
342	366	
342	367	
342	368	
342	369	
341	370	
341	371	
341	372	
341	373	
341	374	
341	375	
341	376	
339	377	
339	378	
339	379	
341	380	
340	381	
340	382	
340	383	
340	384	
339	385	
339	386	
339	387	
339	388	
339	389	
339	390	
331	393	
331	394	
331	395	
330	396	
329	397	
329	398	
329	399	
329	400	
329	401	
329	402	
329	403	
329	404	
329	405	
329	406	
329	407	
329	408	
327	409	
328	409	
327	410	
327	411	
327	412	
328	413	
327	414	
328	415	
328	416	
328	417	
328	418	
328	419	
328	420	
328	421	
328	422	
328	423	
327	424	
327	425	
327	426	
327	427	
328	428	
327	429	
327	430	
327	431	
327	432	
328	433	
328	434	
328	435	
328	436	
327	437	
328	438	
329	439	
329	440	
328	441	
329	442	
329	443	
329	444	
329	445	
329	446	
329	447	
329	448	
329	449	
330	450	
330	451	
330	452	
329	453	
331	454	
331	455	
331	456	
331	457	
331	458	
331	459	
331	460	
332	461	
331	462	
331	463	
331	464	
331	465	
331	466	
331	467	
330	468	
331	469	
331	470	
331	471	
331	472	
330	473	
331	474	
331	475	
331	476	
331	477	
330	478	
330	479	
331	480	
331	481	
332	482	
332	483	
331	484	
331	485	
330	486	
330	487	
331	487	
331	488	
331	489	
330	490	
329	491	
332	492	
331	493	
332	493	
331	494	
332	495	
332	496	
332	497	
332	498	
331	499	
332	500	
331	501	
331	502	
331	503	
331	504	
332	505	
331	506	
331	507	
331	508	
331	509	
330	510	
331	511	
330	512	
332	513	
331	514	
332	515	
331	516	
332	517	
331	518	
331	519	
331	520	
332	521	
332	522	
332	523	
331	524	
332	525	
332	526	
332	527	
332	528	
332	529	
333	529	
331	530	
333	531	
331	532	
331	533	
332	534	
332	535	
333	536	
332	537	
332	538	
333	539	
332	540	
332	541	
332	542	
329	543	
330	544	
329	545	
330	545	
331	546	
331	547	
331	548	
330	549	
330	550	
329	551	
330	551	
329	552	
329	553	
328	554	
327	555	
327	556	
327	557	
327	558	
327	559	
327	560	
326	561	
327	562	
327	563	
325	564	
326	565	
325	566	
326	567	
326	568	
326	569	
326	570	
326	571	
326	572	
326	573	
326	574	
326	575	
325	576	
326	577	
326	578	
325	579	
323	580	
324	581	
323	582	
323	583	
323	584	
322	585	
322	586	
321	587	
321	588	
323	589	
322	590	
321	591	
323	592	
321	593	
321	594	
321	595	
321	596	
320	597	
320	598	
321	599	
321	600	
321	601	
320	602	
321	602	
321	603	
321	604	
321	605	
322	606	
321	607	
322	608	
321	609	
320	610	
320	611	
320	612	
320	613	
320	614	
320	615	
320	616	
319	617	
318	618	
319	619	
319	620	
319	621	
319	622	
317	623	
318	624	
319	625	
319	626	
318	627	
318	628	
319	629	
319	630	
320	631	
319	632	
319	633	
318	634	
319	635	
319	636	
318	637	
319	638	
318	639	
319	640	
318	641	
317	642	
318	643	
318	644	
318	645	
317	646	
319	647	
318	648	
318	649	
318	650	
319	651	
318	652	
318	653	
318	654	
318	655	
319	655	
318	656	
318	657	
318	658	
318	659	
317	660	
317	661	
318	661	
318	662	
317	663	
318	664	
318	665	
317	666	
318	667	
317	668	
318	669	
315	670	
319	670	
318	671	
317	672	
318	673	
318	674	
318	675	
318	676	
318	677	
318	678	
318	679	
318	680	
319	681	
319	682	
320	683	
318	684	
318	685	
319	685	
319	686	
318	687	
319	688	
318	689	
319	689	
317	690	
317	691	
318	692	
318	693	
317	694	
319	695	
319	696	
319	697	
319	698	
318	699	
319	699	
318	700	
318	701	
319	702	
319	703	
321	704	
321	705	
321	706	
321	707	
321	708	
321	709	
321	710	
320	711	
320	712	
320	713	
320	714	
320	715	
320	716	
320	717	
320	718	
320	719	
320	720	
321	720	
320	721	
321	721	
320	722	
321	722	
320	723	
321	723	
320	724	
321	724	
321	725	
321	726	
321	727	
322	727	
321	728	
322	728	
321	729	
321	730	
321	731	
321	732	
323	733	
323	734	
320	735	
321	736	
321	737	
321	738	
322	738	
322	739	
322	740	
321	741	
322	741	
322	742	
322	743	
322	744	
322	745	
323	746	
323	747	
323	748	
323	749	
323	750	
321	751	
323	752	
321	753	
322	754	
323	754	
321	755	
321	756	
322	756	
322	757	
321	758	
321	759	
321	760	
321	761	
322	762	
322	763	
322	764	
322	765	
323	766	
323	767	
322	768	
323	769	
323	770	
324	771	
323	772	
322	773	
322	774	
323	775	
322	776	
323	777	
323	778	
323	779	
323	780	
323	781	
323	782	
321	783	
323	783	
322	784	
323	784	
323	785	
323	786	
323	787	
325	788	
322	789	
323	790	
325	791	
325	792	
324	793	
324	794	
325	794	
324	795	
324	796	
324	797	
325	798	
325	799	
325	800	
325	801	
325	802	
326	803	
326	804	
326	805	
326	806	
326	807	
327	808	
327	809	
327	810	
327	811	
328	812	
328	813	
328	814	
328	815	
328	816	
329	817	
329	818	
330	819	
330	820	
331	821	
331	822	
329	823	
329	824	
330	824	
331	825	
331	826	
330	827	
329	828	
333	829	
333	830	
333	831	
333	832	
333	833	
335	834	
335	835	
335	836	
335	837	
335	838	
337	839	
337	840	
337	841	
337	842	
337	843	
337	844	
337	845	
337	846	
336	847	
337	847	
339	848	
339	849	
339	850	
339	851	
338	852	
338	853	
338	854	
338	855	
338	856	
338	857	
338	858	
338	859	
338	860	
338	861	
338	862	
337	863	
337	864	
337	865	
339	866	
339	867	
338	868	
339	869	
339	870	
339	871	
338	872	
339	872	
339	873	
339	874	
339	875	
339	876	
340	876	
339	877	
339	878	
340	879	
340	880	
339	881	
339	882	
340	882	
340	883	
340	884	
340	885	
340	886	
341	886	
341	887	
340	888	
340	889	
340	890	
339	891	
339	892	
340	893	
341	894	
341	895	
341	896	
340	897	
340	898	
340	899	
341	900	
341	901	
341	902	
341	903	
341	904	
341	905	
341	906	
341	907	
341	908	
341	909	
342	910	
342	911	
341	912	
342	913	
342	914	
342	915	
342	916	
333	1001	
333	1002	
330	1010	
328	1018	
328	1019	
322	1047	
322	1048	
320	1063	
320	1064	
320	1075	
318	1077	
318	1078	
318	1079	
318	1080	
318	1081	
319	1082	
319	1083	
