345	301	
345	302	
344	303	
345	303	
343	304	
343	305	
344	306	
345	307	
344	308	
344	309	
343	310	
344	311	
344	312	
344	313	
344	314	
344	315	
343	316	
345	317	
344	318	
343	319	
344	320	
345	321	
345	322	
345	323	
345	324	
345	325	
345	326	
345	327	
345	328	
345	329	
345	330	
346	331	
346	332	
345	333	
345	334	
346	335	
347	335	
346	336	
346	337	
346	338	
346	339	
346	340	
345	341	
345	342	
347	343	
347	344	
345	345	
345	346	
345	347	
343	348	
343	349	
343	350	
345	351	
345	352	
345	353	
345	354	
343	355	
343	356	
343	357	
344	358	
343	359	
343	360	
343	361	
343	362	
343	363	
343	364	
343	365	
344	366	
344	367	
344	368	
343	369	
342	370	
343	371	
343	372	
343	373	
343	374	
343	375	
342	376	
343	377	
343	378	
342	379	
343	379	
342	380	
342	381	
342	382	
341	383	
341	384	
341	385	
342	386	
341	387	
341	388	
341	389	
341	390	
341	391	
341	392	
333	393	
333	394	
333	395	
332	396	
332	397	
332	398	
331	399	
332	400	
332	401	
329	402	
331	403	
331	404	
331	405	
330	406	
330	407	
330	408	
329	409	
330	410	
331	411	
331	412	
330	413	
330	414	
329	415	
329	416	
329	417	
329	418	
330	419	
329	420	
329	421	
329	422	
330	423	
330	424	
331	425	
330	426	
331	426	
330	427	
332	428	
331	429	
332	430	
330	431	
330	432	
331	433	
331	434	
331	435	
330	436	
330	437	
330	438	
330	439	
330	440	
330	441	
330	442	
331	443	
331	444	
331	445	
331	446	
332	446	
331	447	
331	448	
330	449	
333	450	
332	451	
332	452	
332	453	
333	454	
333	455	
333	456	
334	457	
333	458	
333	459	
335	460	
334	461	
335	462	
335	463	
333	464	
334	465	
334	466	
334	467	
333	468	
333	469	
334	470	
333	471	
333	472	
333	473	
332	474	
334	474	
332	475	
333	476	
332	477	
333	477	
333	478	
334	478	
333	479	
333	480	
332	481	
332	482	
333	483	
333	484	
333	485	
333	486	
332	487	
333	487	
333	488	
334	489	
333	490	
334	491	
334	492	
335	493	
334	494	
334	495	
335	496	
333	497	
334	498	
333	499	
333	500	
333	501	
334	501	
333	502	
333	503	
334	504	
333	505	
334	506	
333	507	
332	508	
334	509	
333	510	
334	511	
333	512	
335	513	
335	514	
334	515	
333	516	
334	517	
335	517	
333	518	
334	519	
335	520	
335	521	
335	522	
334	523	
333	524	
334	525	
333	526	
334	527	
334	528	
335	529	
335	530	
334	531	
335	531	
335	532	
334	533	
335	534	
336	535	
334	536	
334	537	
334	538	
334	539	
334	540	
334	541	
335	542	
335	543	
334	544	
333	545	
333	546	
332	547	
331	548	
331	549	
331	550	
332	551	
329	552	
331	553	
331	554	
329	555	
330	555	
329	556	
330	557	
331	558	
331	559	
330	560	
330	561	
329	562	
329	563	
330	564	
330	565	
329	566	
329	567	
329	568	
328	569	
328	570	
327	571	
328	572	
327	573	
327	574	
325	575	
325	576	
326	577	
326	578	
326	579	
326	580	
325	581	
325	582	
325	583	
325	584	
324	585	
325	585	
324	586	
325	587	
325	588	
324	589	
325	590	
324	591	
324	592	
323	593	
323	594	
322	595	
323	595	
323	596	
323	597	
324	598	
324	599	
323	600	
322	601	
323	601	
321	602	
322	603	
322	604	
323	604	
321	605	
323	605	
322	606	
322	607	
323	608	
322	609	
322	610	
322	611	
323	611	
322	612	
322	613	
322	614	
322	615	
321	616	
321	617	
322	618	
321	619	
321	620	
321	621	
320	622	
321	623	
320	624	
321	625	
321	626	
320	627	
321	628	
322	628	
321	629	
320	630	
320	631	
320	632	
320	633	
320	634	
320	635	
320	636	
320	637	
320	638	
320	639	
320	640	
321	641	
321	642	
321	643	
321	644	
320	645	
320	646	
320	647	
320	648	
320	649	
320	650	
321	651	
320	652	
320	653	
319	654	
320	655	
320	656	
321	656	
321	657	
321	658	
321	659	
321	660	
321	661	
322	662	
320	663	
321	663	
321	664	
320	665	
320	666	
320	667	
321	668	
319	669	
320	670	
321	671	
321	672	
319	673	
320	674	
320	675	
321	676	
321	677	
320	678	
321	679	
320	680	
320	681	
321	681	
320	682	
320	683	
320	684	
320	685	
320	686	
320	687	
321	688	
321	689	
320	690	
320	691	
321	692	
321	693	
321	694	
320	695	
321	695	
320	696	
320	697	
320	698	
320	699	
321	700	
321	701	
321	702	
321	703	
320	704	
322	705	
321	706	
321	707	
321	708	
322	708	
323	708	
322	709	
323	710	
323	711	
322	712	
323	713	
323	714	
322	715	
322	716	
322	717	
324	717	
323	718	
323	719	
322	720	
323	721	
321	722	
321	723	
321	724	
322	725	
323	726	
322	727	
321	728	
322	728	
321	729	
322	730	
322	731	
322	732	
323	733	
323	734	
323	735	
323	736	
324	737	
325	738	
325	739	
324	740	
324	741	
324	742	
324	743	
322	744	
322	745	
322	746	
321	747	
322	747	
324	748	
324	749	
322	750	
322	751	
325	752	
326	753	
326	754	
324	755	
324	756	
324	757	
324	758	
324	759	
324	760	
324	761	
324	762	
323	763	
324	764	
323	765	
323	766	
324	767	
324	768	
325	769	
325	770	
325	771	
326	771	
325	772	
325	773	
326	773	
326	774	
326	775	
326	776	
325	777	
325	778	
325	779	
326	780	
326	781	
326	782	
326	783	
326	784	
326	785	
326	786	
326	787	
326	788	
326	789	
326	790	
326	791	
326	792	
325	793	
325	794	
326	795	
327	796	
327	797	
327	798	
327	799	
327	800	
327	801	
327	802	
327	803	
328	803	
328	804	
328	805	
328	806	
329	806	
328	807	
329	808	
329	809	
329	810	
329	811	
329	812	
329	813	
329	814	
329	815	
330	816	
331	817	
331	818	
331	819	
329	820	
333	821	
333	822	
332	823	
332	824	
332	825	
332	826	
335	827	
335	828	
335	829	
335	830	
335	831	
337	832	
337	833	
337	834	
337	835	
336	836	
337	837	
337	838	
339	839	
339	840	
339	841	
339	842	
339	843	
338	844	
339	845	
339	846	
339	847	
340	847	
339	848	
339	849	
339	850	
339	851	
339	852	
339	853	
340	854	
340	855	
341	856	
341	857	
340	858	
341	858	
340	859	
340	860	
340	861	
340	862	
340	863	
341	863	
341	864	
340	865	
341	866	
340	867	
340	868	
340	869	
341	870	
341	871	
340	872	
340	873	
340	874	
340	875	
342	876	
342	877	
342	878	
342	879	
343	880	
342	881	
342	882	
342	883	
342	884	
343	885	
343	886	
342	887	
342	888	
342	889	
342	890	
342	891	
342	892	
342	893	
343	893	
342	894	
342	895	
342	896	
343	897	
343	898	
342	899	
343	900	
344	901	
343	902	
343	903	
343	904	
343	905	
343	906	
343	907	
343	908	
343	909	
344	910	
344	911	
344	912	
344	913	
343	914	
343	915	
343	916	
343	917	
343	918	
345	923	
345	924	
344	925	
344	926	
343	927	
343	928	
343	929	
343	953	
343	954	
343	955	
343	956	
343	957	
343	958	
343	959	
343	960	
335	993	
336	993	
336	994	
337	995	
337	996	
335	998	
333	1011	
333	1012	
332	1013	
331	1014	
331	1015	
331	1016	
331	1017	
322	1061	
322	1062	
322	1063	
322	1064	
322	1065	
324	1068	
320	1095	
320	1096	
320	1103	
322	1105	
322	1150	
