345	302	
345	303	
345	304	
345	305	
345	306	
346	307	
345	308	
344	309	
344	310	
345	311	
345	312	
345	313	
345	314	
346	315	
346	316	
345	317	
345	318	
345	319	
345	320	
346	321	
347	322	
346	323	
346	324	
346	325	
346	326	
347	327	
347	328	
347	329	
347	330	
348	330	
348	331	
348	332	
347	333	
348	334	
348	335	
347	336	
347	337	
347	338	
347	339	
347	340	
347	341	
347	342	
346	343	
346	344	
347	345	
347	346	
346	347	
346	348	
345	349	
345	350	
345	351	
345	352	
345	353	
345	354	
345	355	
345	356	
345	357	
345	358	
345	359	
345	360	
345	361	
345	362	
345	363	
344	364	
344	365	
344	366	
343	367	
343	368	
344	369	
344	370	
343	371	
343	372	
344	373	
344	374	
343	375	
343	376	
343	377	
343	378	
343	379	
344	379	
343	380	
342	381	
342	382	
343	383	
344	384	
344	385	
343	386	
343	387	
343	388	
342	389	
343	390	
343	391	
333	393	
333	394	
334	394	
333	395	
333	396	
333	397	
333	398	
334	399	
333	400	
332	401	
332	402	
333	403	
333	404	
332	405	
332	406	
331	407	
331	408	
331	409	
331	410	
331	411	
331	412	
331	413	
330	414	
331	414	
331	415	
332	416	
331	417	
331	418	
331	419	
330	420	
331	421	
331	422	
331	423	
331	424	
331	425	
331	426	
331	427	
330	428	
331	429	
329	430	
330	431	
330	432	
331	433	
331	434	
331	435	
331	436	
331	437	
332	438	
332	439	
332	440	
332	441	
331	442	
331	443	
332	444	
332	445	
333	446	
333	447	
331	448	
334	449	
332	450	
333	451	
334	452	
333	453	
334	453	
334	454	
334	455	
335	456	
335	457	
335	458	
336	459	
335	460	
335	461	
334	462	
334	463	
335	464	
334	465	
333	466	
333	467	
334	468	
335	468	
335	469	
336	470	
335	471	
334	472	
334	473	
335	474	
335	475	
334	476	
335	476	
334	477	
335	477	
334	478	
335	479	
334	480	
334	481	
334	482	
334	483	
333	484	
334	485	
334	486	
334	487	
336	488	
334	489	
336	489	
335	490	
335	491	
335	492	
335	493	
335	494	
335	495	
334	496	
335	496	
334	497	
334	498	
333	499	
335	500	
335	501	
335	502	
334	503	
334	504	
334	505	
335	506	
335	507	
333	508	
333	509	
334	510	
334	511	
334	512	
333	513	
333	514	
335	515	
335	516	
334	517	
335	518	
334	519	
334	520	
335	521	
335	522	
336	522	
335	523	
335	524	
335	525	
336	526	
335	527	
336	528	
335	529	
336	530	
337	530	
336	531	
336	532	
337	533	
338	534	
337	535	
336	536	
335	537	
336	537	
335	538	
333	539	
333	540	
334	541	
335	542	
334	543	
335	544	
334	545	
334	546	
334	547	
333	548	
334	548	
333	549	
333	550	
333	551	
333	552	
332	553	
331	554	
331	555	
332	556	
331	557	
329	558	
330	558	
330	559	
329	560	
330	561	
330	562	
330	563	
330	564	
330	565	
330	566	
330	567	
330	568	
329	569	
329	570	
329	571	
330	572	
329	573	
328	574	
328	575	
329	576	
329	577	
329	578	
328	579	
328	580	
328	581	
327	582	
327	583	
327	584	
327	585	
326	586	
325	587	
326	588	
326	589	
325	590	
326	591	
325	592	
325	593	
325	594	
326	595	
324	596	
323	597	
324	598	
324	599	
325	600	
324	601	
325	602	
324	603	
323	604	
322	605	
323	606	
323	607	
323	608	
323	609	
324	610	
323	611	
323	612	
322	613	
323	614	
323	615	
324	615	
323	616	
323	617	
323	618	
322	619	
323	620	
322	621	
323	622	
323	623	
322	624	
324	624	
322	625	
322	626	
322	627	
322	628	
323	629	
321	630	
322	631	
322	632	
323	632	
323	633	
321	634	
322	634	
322	635	
323	636	
322	637	
321	638	
322	639	
322	640	
322	641	
322	642	
322	643	
321	644	
322	644	
322	645	
322	646	
322	647	
321	648	
321	649	
322	650	
321	651	
320	652	
322	653	
320	654	
322	655	
320	656	
322	656	
320	657	
320	658	
319	659	
320	660	
321	661	
320	662	
321	662	
321	663	
321	664	
321	665	
321	666	
321	667	
322	668	
320	669	
321	670	
321	671	
320	672	
322	672	
322	673	
321	674	
320	675	
320	676	
321	677	
321	678	
320	679	
321	680	
321	681	
322	682	
320	683	
321	683	
320	684	
322	685	
321	686	
321	687	
322	688	
320	689	
321	689	
321	690	
321	691	
321	692	
322	692	
322	693	
322	694	
322	695	
323	695	
323	696	
322	697	
323	698	
323	699	
322	700	
323	701	
323	702	
323	703	
323	704	
323	705	
323	706	
323	707	
324	708	
324	709	
324	710	
325	711	
324	712	
324	713	
324	714	
324	715	
325	716	
326	716	
324	717	
325	718	
324	719	
324	720	
324	721	
325	722	
323	723	
324	724	
325	725	
324	726	
324	727	
325	727	
324	728	
324	729	
324	730	
325	731	
324	732	
324	733	
325	734	
324	735	
325	735	
324	736	
324	737	
325	737	
324	738	
325	738	
325	739	
324	740	
325	740	
324	741	
324	742	
325	743	
324	744	
324	745	
325	746	
324	747	
324	748	
324	749	
325	750	
324	751	
325	752	
326	753	
325	754	
326	754	
325	755	
325	756	
326	757	
326	758	
324	759	
325	760	
325	761	
325	762	
325	763	
326	764	
325	765	
326	766	
326	767	
327	767	
326	768	
327	768	
326	769	
325	770	
327	770	
326	771	
327	772	
327	773	
326	774	
326	775	
327	776	
326	777	
327	777	
327	778	
326	779	
326	780	
326	781	
327	781	
326	782	
326	783	
327	784	
327	785	
327	786	
327	787	
326	788	
326	789	
326	790	
327	791	
327	792	
328	793	
328	794	
328	795	
328	796	
328	797	
328	798	
328	799	
328	800	
330	801	
330	802	
330	803	
328	804	
330	805	
329	806	
330	807	
330	808	
330	809	
330	810	
330	811	
331	812	
331	813	
331	814	
331	815	
332	816	
332	817	
332	818	
333	819	
332	820	
332	821	
331	822	
332	822	
335	823	
335	824	
335	825	
335	826	
335	827	
335	828	
337	829	
337	830	
337	831	
337	832	
337	833	
337	834	
337	835	
337	836	
338	837	
338	838	
340	839	
341	840	
341	841	
341	842	
340	843	
340	844	
341	845	
341	846	
341	847	
340	848	
340	849	
340	850	
340	851	
340	852	
340	853	
341	854	
341	855	
341	856	
342	857	
341	858	
341	859	
341	860	
342	861	
342	862	
342	863	
342	864	
343	865	
342	866	
343	867	
342	868	
342	869	
341	870	
342	871	
342	872	
343	873	
343	874	
343	875	
343	876	
342	877	
343	878	
343	879	
343	880	
343	881	
343	882	
343	883	
342	884	
342	885	
342	886	
342	887	
342	888	
345	889	
345	890	
345	891	
344	892	
344	893	
344	894	
344	895	
344	896	
344	897	
345	898	
344	899	
344	900	
344	901	
344	902	
345	903	
345	904	
345	905	
344	906	
345	907	
345	908	
345	909	
345	910	
346	911	
345	912	
345	913	
345	914	
345	915	
345	916	
345	917	
345	918	
345	919	
345	920	
345	921	
345	923	
345	924	
345	925	
345	930	
345	949	
344	953	
345	954	
345	955	
345	956	
345	957	
345	958	
345	959	
339	986	
336	1000	
336	1001	
336	1002	
326	1046	
325	1056	
326	1057	
324	1095	
322	1097	
322	1098	
322	1099	
322	1100	
322	1101	
