412	69	
412	70	
412	71	
414	87	
414	88	
414	89	
347	300	
347	301	
347	302	
347	303	
347	304	
347	305	
347	306	
347	307	
347	308	
347	309	
347	310	
346	311	
347	312	
347	313	
347	314	
346	315	
346	316	
347	317	
347	318	
348	319	
347	320	
347	321	
347	322	
347	323	
347	324	
347	325	
348	326	
349	327	
349	328	
349	329	
349	330	
348	331	
348	332	
349	333	
349	334	
349	335	
349	336	
349	337	
349	338	
349	339	
349	340	
349	341	
349	342	
349	343	
348	344	
349	344	
349	345	
348	346	
347	347	
347	348	
347	349	
347	350	
347	351	
347	352	
347	353	
347	354	
347	355	
347	356	
347	357	
345	358	
345	359	
347	360	
346	361	
346	362	
345	363	
346	364	
345	365	
345	366	
345	367	
345	368	
345	369	
346	370	
346	371	
346	372	
346	373	
346	374	
346	375	
346	376	
345	377	
345	378	
345	379	
345	380	
345	381	
345	382	
345	383	
345	384	
344	385	
343	386	
344	386	
345	386	
345	387	
345	388	
345	389	
345	390	
345	391	
345	392	
336	395	
335	396	
335	397	
335	398	
335	399	
335	400	
334	401	
334	402	
333	403	
333	404	
333	405	
333	406	
333	407	
333	408	
334	409	
333	410	
334	410	
334	411	
333	412	
331	413	
332	414	
332	415	
332	416	
332	417	
333	418	
333	419	
333	420	
334	421	
333	422	
333	423	
333	424	
332	425	
333	425	
332	426	
332	427	
332	428	
332	429	
332	430	
333	431	
333	432	
333	433	
333	434	
333	435	
333	436	
333	437	
334	438	
333	439	
334	440	
334	441	
334	442	
335	442	
333	443	
334	443	
334	444	
334	445	
334	446	
334	447	
334	448	
335	449	
335	450	
335	451	
336	451	
336	452	
335	453	
336	454	
337	455	
337	456	
337	457	
337	458	
336	459	
337	459	
336	460	
336	461	
336	462	
336	463	
335	464	
336	465	
337	466	
337	467	
336	468	
336	469	
337	469	
337	470	
337	471	
337	472	
336	473	
337	473	
335	474	
336	475	
336	476	
336	477	
336	478	
336	479	
337	479	
336	480	
336	481	
337	482	
337	483	
337	484	
336	485	
335	486	
337	486	
338	487	
337	488	
337	489	
337	490	
336	491	
336	492	
335	493	
336	494	
335	495	
336	496	
337	496	
337	497	
337	498	
337	499	
337	500	
337	501	
337	502	
337	503	
337	504	
337	505	
336	506	
337	507	
337	508	
336	509	
335	510	
336	511	
336	512	
336	513	
336	514	
337	515	
337	516	
336	517	
336	518	
336	519	
337	519	
337	520	
337	521	
336	522	
336	523	
337	524	
337	525	
337	526	
337	527	
337	528	
338	529	
338	530	
338	531	
338	532	
338	533	
339	533	
338	534	
338	535	
337	536	
338	536	
338	537	
339	538	
338	539	
335	540	
335	541	
335	542	
336	542	
336	543	
336	544	
336	545	
336	546	
336	547	
335	548	
335	549	
335	550	
335	551	
335	552	
335	553	
334	554	
333	555	
331	556	
333	557	
333	558	
332	559	
333	559	
331	560	
331	561	
331	562	
331	563	
331	564	
331	565	
331	566	
332	567	
331	568	
331	569	
329	570	
329	571	
330	572	
331	573	
330	574	
330	575	
329	576	
329	577	
329	578	
329	579	
329	580	
327	581	
328	581	
328	582	
327	583	
328	584	
327	585	
327	586	
327	587	
329	588	
327	589	
326	590	
328	591	
326	592	
325	593	
325	594	
325	595	
326	596	
326	597	
326	598	
326	599	
327	599	
326	600	
326	601	
325	602	
326	603	
326	604	
324	605	
326	605	
325	606	
325	607	
325	608	
323	609	
324	609	
324	610	
323	611	
326	612	
323	613	
325	614	
325	615	
325	616	
325	617	
324	618	
324	619	
324	620	
324	621	
323	622	
325	623	
324	624	
325	625	
325	626	
325	627	
324	628	
324	629	
324	630	
325	630	
325	631	
324	632	
324	633	
325	634	
324	635	
324	636	
324	637	
324	638	
325	639	
326	640	
324	641	
325	642	
323	643	
324	644	
323	645	
324	646	
325	646	
322	647	
323	648	
323	649	
324	649	
324	650	
323	651	
324	652	
321	653	
322	653	
322	654	
323	654	
323	655	
323	656	
323	657	
323	658	
324	658	
323	659	
323	660	
323	661	
322	662	
323	662	
322	663	
322	664	
323	665	
322	666	
323	667	
322	668	
322	669	
323	669	
323	670	
322	671	
323	672	
323	673	
323	674	
324	675	
323	676	
323	677	
322	678	
322	679	
323	680	
322	681	
323	682	
323	683	
322	684	
323	685	
323	686	
324	687	
323	688	
324	688	
322	689	
322	690	
323	690	
323	691	
322	692	
323	693	
324	693	
324	694	
324	695	
324	696	
324	697	
323	698	
325	699	
324	700	
324	701	
323	702	
324	702	
323	703	
324	703	
325	704	
323	705	
327	706	
325	707	
325	708	
326	709	
326	710	
325	711	
326	712	
326	713	
326	714	
326	715	
327	716	
326	717	
326	718	
327	719	
327	720	
327	721	
326	722	
325	723	
326	724	
326	725	
326	726	
326	727	
326	728	
327	728	
327	729	
326	730	
326	731	
325	732	
326	733	
326	734	
326	735	
326	736	
326	737	
326	738	
327	739	
326	740	
326	741	
326	742	
326	743	
326	744	
326	745	
325	746	
327	746	
326	747	
327	748	
326	749	
327	750	
326	751	
327	752	
327	753	
327	754	
327	755	
328	756	
327	757	
327	758	
327	759	
327	760	
326	761	
327	762	
327	763	
327	764	
326	765	
326	766	
327	766	
327	767	
327	768	
327	769	
328	770	
327	771	
327	772	
328	773	
328	774	
327	775	
327	776	
328	776	
327	777	
328	778	
329	779	
329	780	
328	781	
328	782	
328	783	
328	784	
328	785	
328	786	
329	787	
330	788	
327	789	
327	790	
328	791	
329	792	
329	793	
330	794	
330	795	
330	796	
329	797	
330	798	
330	799	
331	800	
331	801	
331	802	
331	803	
331	804	
331	805	
331	806	
331	807	
331	808	
331	809	
332	810	
333	811	
333	812	
333	813	
332	814	
332	815	
331	816	
333	817	
333	818	
333	819	
334	820	
335	821	
335	822	
334	823	
333	824	
337	825	
337	826	
336	827	
335	828	
337	829	
338	830	
339	831	
339	832	
339	833	
341	834	
341	835	
341	836	
341	837	
341	838	
341	839	
341	840	
342	841	
342	842	
342	843	
342	844	
342	845	
343	846	
342	847	
342	848	
342	849	
342	850	
343	851	
343	852	
342	853	
342	854	
343	855	
344	855	
344	856	
343	857	
343	858	
343	859	
343	860	
343	861	
343	862	
343	863	
343	864	
344	865	
344	866	
344	867	
344	868	
343	869	
344	870	
345	871	
345	872	
344	873	
344	874	
343	875	
343	876	
345	877	
345	878	
345	879	
344	880	
344	881	
343	882	
344	882	
344	883	
345	884	
345	885	
345	886	
345	887	
345	888	
345	889	
344	890	
346	891	
346	892	
345	893	
345	894	
345	895	
346	895	
346	896	
346	897	
346	898	
346	899	
346	900	
345	901	
346	902	
346	903	
347	904	
345	905	
345	906	
347	907	
346	908	
346	909	
346	910	
347	911	
347	912	
346	913	
346	914	
346	915	
346	916	
346	917	
346	918	
346	919	
347	920	
347	921	
347	922	
347	923	
347	946	
347	947	
347	948	
348	949	
347	950	
347	951	
346	953	
346	954	
346	955	
347	956	
347	957	
347	958	
345	959	
345	960	
334	1020	
332	1029	
325	1085	
325	1086	
322	1101	
326	1141	
326	1142	
