414	83	
414	84	
414	85	
347	300	
347	301	
348	302	
349	303	
347	304	
347	305	
347	306	
347	307	
347	308	
347	309	
347	310	
347	311	
348	311	
348	312	
348	313	
347	314	
347	315	
347	316	
347	317	
347	318	
347	319	
347	320	
347	321	
347	322	
347	323	
347	324	
347	325	
349	326	
348	327	
348	328	
349	328	
349	329	
349	330	
349	331	
349	332	
349	333	
349	334	
350	335	
350	336	
349	337	
349	338	
350	339	
349	340	
349	341	
349	342	
349	343	
349	344	
349	345	
349	346	
349	347	
349	348	
349	349	
348	350	
348	351	
348	352	
347	353	
347	354	
347	355	
347	356	
347	357	
347	358	
347	359	
347	360	
347	361	
347	362	
345	363	
347	364	
347	365	
347	366	
347	367	
345	368	
345	369	
345	370	
345	371	
345	372	
345	373	
345	374	
345	375	
345	376	
345	377	
345	378	
345	379	
345	380	
345	381	
345	382	
345	383	
345	384	
345	385	
346	386	
346	387	
345	388	
345	389	
345	390	
345	391	
345	392	
335	393	
335	394	
335	395	
335	396	
335	397	
335	398	
335	399	
334	400	
335	401	
335	402	
334	403	
334	404	
334	405	
334	406	
334	407	
334	408	
334	409	
333	410	
333	411	
334	412	
334	413	
333	414	
333	415	
331	416	
333	417	
333	418	
333	419	
332	420	
332	421	
332	422	
333	423	
332	424	
331	425	
333	426	
333	427	
333	428	
332	429	
332	430	
333	430	
334	431	
333	432	
334	432	
334	433	
334	434	
334	435	
335	436	
334	437	
334	438	
334	439	
334	440	
334	441	
334	442	
334	443	
334	444	
335	445	
335	446	
334	447	
335	448	
335	449	
336	450	
335	451	
334	452	
336	453	
336	454	
336	455	
336	456	
336	457	
336	458	
335	459	
337	460	
337	461	
336	462	
337	462	
336	463	
337	464	
336	465	
336	466	
337	466	
336	467	
337	468	
337	469	
336	470	
337	471	
336	472	
338	472	
337	473	
336	474	
337	475	
337	476	
338	477	
337	478	
336	479	
337	479	
336	480	
336	481	
337	482	
336	483	
337	484	
336	485	
336	486	
337	487	
338	488	
335	489	
336	490	
337	491	
336	492	
336	493	
336	494	
336	495	
337	496	
338	496	
335	497	
335	498	
336	498	
335	499	
335	500	
337	501	
338	502	
335	503	
336	504	
336	505	
337	506	
336	507	
336	508	
337	509	
337	510	
336	511	
336	512	
336	513	
337	514	
336	515	
337	516	
336	517	
336	518	
336	519	
336	520	
337	521	
335	522	
336	523	
336	524	
336	525	
336	526	
337	527	
337	528	
339	529	
339	530	
339	531	
338	532	
338	533	
340	534	
339	535	
339	536	
338	537	
337	538	
339	539	
339	540	
339	541	
337	542	
336	543	
336	544	
336	545	
337	546	
337	547	
336	548	
336	549	
335	550	
335	551	
334	552	
334	553	
334	554	
334	555	
335	556	
334	557	
333	558	
333	559	
332	560	
333	561	
331	562	
330	563	
330	564	
331	565	
331	566	
331	567	
331	568	
332	569	
331	570	
330	571	
329	572	
330	572	
329	573	
330	574	
330	575	
329	576	
329	577	
330	578	
329	579	
329	580	
328	581	
328	582	
328	583	
329	583	
328	584	
328	585	
327	586	
328	586	
327	587	
328	588	
327	589	
327	590	
328	591	
328	592	
326	593	
328	594	
326	595	
328	595	
327	596	
326	597	
327	597	
326	598	
327	599	
326	600	
326	601	
327	602	
325	603	
326	604	
326	605	
326	606	
324	607	
325	608	
326	609	
326	610	
325	611	
326	612	
326	613	
327	614	
325	615	
326	616	
325	617	
324	618	
323	619	
324	619	
325	620	
324	621	
324	622	
325	623	
324	624	
325	625	
325	626	
324	627	
325	627	
323	628	
325	628	
325	629	
324	630	
324	631	
325	631	
323	632	
323	633	
324	633	
323	634	
325	634	
323	635	
324	636	
323	637	
324	637	
325	638	
324	639	
324	640	
324	641	
324	642	
324	643	
324	644	
324	645	
324	646	
323	647	
324	648	
323	649	
324	649	
324	650	
324	651	
323	652	
323	653	
324	654	
324	655	
323	656	
323	657	
323	658	
323	659	
323	660	
323	661	
323	662	
322	663	
323	664	
323	665	
323	666	
323	667	
323	668	
322	669	
323	670	
322	671	
322	672	
322	673	
322	674	
322	675	
322	676	
322	677	
322	678	
322	679	
323	680	
324	681	
324	682	
325	682	
323	683	
323	684	
323	685	
325	686	
324	687	
324	688	
324	689	
324	690	
323	691	
323	692	
324	693	
323	694	
324	695	
324	696	
324	697	
324	698	
324	699	
325	699	
324	700	
325	701	
325	702	
325	703	
325	704	
326	705	
326	706	
326	707	
326	708	
326	709	
326	710	
326	711	
326	712	
326	713	
326	714	
326	715	
326	716	
326	717	
326	718	
326	719	
326	720	
326	721	
326	722	
327	723	
327	724	
326	725	
326	726	
327	727	
327	728	
326	729	
326	730	
327	731	
325	732	
327	733	
327	734	
325	735	
326	735	
327	736	
326	737	
326	738	
327	739	
326	740	
326	741	
326	742	
326	743	
326	744	
326	745	
326	746	
327	747	
326	748	
326	749	
326	750	
326	751	
326	752	
326	753	
326	754	
327	755	
327	756	
328	757	
327	758	
326	759	
325	760	
326	760	
325	761	
329	761	
328	762	
327	763	
326	764	
327	765	
327	766	
328	766	
327	767	
328	768	
328	769	
328	770	
329	771	
329	772	
328	773	
327	774	
327	775	
327	776	
327	777	
328	777	
328	778	
328	779	
329	780	
329	781	
329	782	
329	783	
329	784	
328	785	
330	786	
330	787	
329	788	
330	789	
330	790	
330	791	
330	792	
330	793	
330	794	
331	795	
331	796	
330	797	
330	798	
330	799	
329	800	
330	800	
330	801	
330	802	
330	803	
330	804	
330	805	
330	806	
330	807	
330	808	
332	809	
332	810	
333	811	
333	812	
333	813	
334	814	
334	815	
333	816	
333	817	
335	818	
334	819	
334	820	
335	820	
335	821	
335	822	
335	823	
335	824	
336	825	
336	826	
336	827	
337	828	
337	829	
337	830	
339	831	
339	832	
339	833	
341	834	
341	835	
341	836	
341	837	
341	838	
341	839	
342	840	
341	841	
341	842	
342	843	
342	844	
342	845	
343	845	
342	846	
342	847	
343	848	
343	849	
343	850	
343	851	
343	852	
343	853	
343	854	
343	855	
342	856	
343	856	
342	857	
342	858	
343	859	
344	860	
343	861	
342	862	
342	863	
343	863	
342	864	
342	865	
343	866	
344	866	
345	867	
345	868	
343	869	
344	870	
345	871	
345	872	
345	873	
344	874	
345	875	
345	876	
345	877	
344	878	
345	879	
345	880	
344	881	
344	882	
346	883	
345	884	
345	885	
345	886	
345	887	
345	888	
345	889	
345	890	
345	891	
345	892	
345	893	
345	894	
345	895	
346	896	
346	897	
347	898	
347	899	
347	900	
347	901	
347	902	
347	903	
347	904	
347	905	
347	906	
347	907	
347	908	
348	908	
347	909	
347	910	
347	911	
347	912	
348	912	
347	913	
347	914	
346	915	
348	916	
347	917	
347	918	
347	919	
347	920	
347	921	
347	922	
347	947	
347	948	
348	949	
348	950	
346	951	
346	952	
346	953	
347	954	
347	955	
346	956	
346	957	
346	958	
347	959	
347	960	
347	961	
347	962	
332	1029	
332	1030	
326	1084	
326	1085	
326	1086	
325	1087	
325	1088	
326	1089	
326	1090	
326	1140	
326	1141	
326	1142	
326	1143	
