414	72	
414	73	
414	74	
414	75	
414	76	
416	91	
416	92	
416	93	
416	94	
416	95	
416	96	
416	97	
349	299	
349	300	
349	302	
349	303	
349	304	
348	305	
348	306	
349	307	
349	308	
348	309	
349	309	
348	310	
347	311	
348	312	
349	313	
348	314	
347	315	
347	316	
347	317	
347	318	
347	319	
348	320	
349	321	
348	322	
349	323	
349	324	
349	325	
349	326	
349	327	
349	328	
348	329	
348	330	
349	331	
350	332	
350	333	
349	334	
350	335	
350	336	
351	337	
351	338	
350	339	
350	340	
350	341	
350	342	
350	343	
350	344	
350	345	
349	346	
349	347	
349	348	
349	349	
349	350	
349	351	
348	352	
348	353	
347	354	
347	355	
347	356	
349	357	
348	358	
347	359	
347	360	
348	361	
347	362	
347	363	
347	364	
347	365	
347	366	
347	367	
347	368	
347	369	
347	370	
347	371	
347	372	
347	373	
347	374	
347	375	
346	376	
346	377	
345	378	
346	379	
346	380	
345	381	
346	382	
346	383	
346	384	
346	385	
345	386	
345	387	
345	388	
345	389	
345	390	
345	391	
345	392	
335	393	
335	394	
335	395	
335	396	
336	397	
337	397	
336	398	
335	399	
335	400	
336	401	
336	402	
335	403	
334	404	
334	405	
334	406	
334	407	
335	408	
334	409	
335	410	
335	411	
335	412	
334	413	
334	414	
333	415	
334	416	
334	417	
334	418	
334	419	
334	420	
334	421	
334	422	
334	423	
335	424	
334	425	
334	426	
334	427	
334	428	
334	429	
334	430	
334	431	
335	432	
334	433	
334	434	
334	435	
334	436	
334	437	
333	438	
335	439	
335	440	
335	441	
336	442	
336	443	
335	444	
336	445	
336	446	
335	447	
335	448	
337	449	
337	450	
337	451	
337	452	
337	453	
338	454	
338	455	
337	456	
337	457	
338	458	
338	459	
338	460	
338	461	
337	462	
337	463	
339	464	
337	465	
337	466	
338	466	
336	467	
338	467	
336	468	
338	469	
337	470	
336	471	
337	472	
337	473	
337	474	
337	475	
337	476	
337	477	
336	478	
336	479	
338	480	
337	481	
337	482	
336	483	
337	484	
337	485	
337	486	
337	487	
337	488	
337	489	
337	490	
337	491	
337	492	
337	493	
338	493	
337	494	
337	495	
337	496	
338	496	
337	497	
338	498	
337	499	
337	500	
338	501	
337	502	
337	503	
338	504	
338	505	
337	506	
338	507	
339	508	
337	509	
339	510	
339	511	
338	512	
338	513	
337	514	
338	514	
337	515	
338	516	
338	517	
337	518	
338	518	
339	519	
338	520	
339	521	
337	522	
339	522	
337	523	
338	524	
337	525	
337	526	
338	527	
338	528	
339	529	
339	530	
339	531	
340	532	
339	533	
339	534	
339	535	
338	536	
339	537	
340	538	
339	539	
339	540	
339	541	
338	542	
338	543	
335	544	
336	544	
337	545	
337	546	
338	547	
338	548	
338	549	
337	550	
337	551	
335	552	
335	553	
334	554	
335	554	
335	555	
335	556	
335	557	
335	558	
334	559	
334	560	
331	561	
332	562	
334	563	
333	564	
334	564	
333	565	
332	566	
332	567	
332	568	
332	569	
332	570	
332	571	
330	572	
330	573	
331	574	
331	575	
331	576	
331	577	
330	578	
331	578	
330	579	
330	580	
330	581	
330	582	
330	583	
329	584	
329	585	
329	586	
329	587	
328	588	
327	589	
328	590	
327	591	
328	592	
328	593	
327	594	
327	595	
327	596	
328	597	
327	598	
327	599	
326	600	
327	601	
327	602	
326	603	
325	604	
327	604	
326	605	
326	606	
325	607	
326	608	
325	609	
326	610	
326	611	
325	612	
326	613	
326	614	
326	615	
326	616	
328	617	
328	618	
327	619	
326	620	
328	620	
326	621	
325	622	
326	623	
325	624	
325	625	
326	626	
325	627	
325	628	
324	629	
325	630	
326	631	
325	632	
325	633	
326	634	
325	635	
325	636	
325	637	
325	638	
323	639	
324	639	
324	640	
324	641	
325	641	
324	642	
325	642	
325	643	
325	644	
325	645	
325	646	
324	647	
325	648	
324	649	
325	650	
325	651	
324	652	
324	653	
324	654	
324	655	
324	656	
324	657	
325	657	
325	658	
325	659	
325	660	
325	661	
324	662	
325	662	
324	663	
325	664	
325	665	
323	666	
325	667	
324	668	
325	669	
325	670	
325	671	
324	672	
325	673	
326	674	
324	675	
324	676	
324	677	
326	678	
324	679	
325	680	
324	681	
325	681	
325	682	
324	683	
323	684	
325	684	
325	685	
325	686	
324	687	
324	688	
325	689	
325	690	
325	691	
325	692	
324	693	
325	694	
323	695	
325	695	
324	696	
326	697	
325	698	
326	699	
325	700	
325	701	
325	702	
326	703	
325	704	
325	705	
326	706	
327	707	
327	708	
327	709	
327	710	
327	711	
326	712	
326	713	
329	714	
328	715	
328	716	
326	717	
327	718	
326	719	
326	720	
327	720	
326	721	
327	722	
327	723	
326	724	
326	725	
327	725	
327	726	
326	727	
327	727	
327	728	
327	729	
328	730	
329	731	
329	732	
328	733	
329	733	
327	734	
327	735	
327	736	
328	737	
327	738	
328	738	
328	739	
327	740	
328	741	
328	742	
327	743	
328	744	
328	745	
328	746	
327	747	
327	748	
328	748	
328	749	
327	750	
327	751	
328	752	
328	753	
329	754	
330	755	
329	756	
328	757	
329	757	
328	758	
328	759	
327	760	
327	761	
328	761	
327	762	
328	762	
328	763	
328	764	
328	765	
329	765	
329	766	
328	767	
329	768	
329	769	
329	770	
329	771	
329	772	
329	773	
330	774	
330	775	
329	776	
329	777	
329	778	
329	779	
329	780	
329	781	
330	782	
330	783	
329	784	
329	785	
329	786	
329	787	
330	787	
330	788	
330	789	
331	789	
330	790	
330	791	
330	792	
330	793	
331	794	
330	795	
330	796	
331	797	
332	798	
332	799	
332	800	
332	801	
332	802	
333	803	
333	804	
332	805	
332	806	
332	807	
333	808	
333	809	
333	810	
332	811	
332	812	
332	813	
333	814	
335	815	
335	816	
335	817	
334	818	
335	819	
335	820	
335	821	
337	822	
337	823	
337	824	
337	825	
337	826	
338	827	
339	828	
339	829	
339	830	
339	831	
340	832	
341	833	
341	834	
341	835	
341	836	
341	837	
341	838	
341	839	
342	840	
343	841	
343	842	
343	843	
344	844	
343	845	
343	846	
342	847	
342	848	
344	849	
344	850	
344	851	
343	852	
344	853	
344	854	
343	855	
342	856	
343	856	
343	857	
344	858	
344	859	
345	860	
344	861	
345	861	
344	862	
344	863	
344	864	
344	865	
344	866	
343	867	
344	867	
345	868	
345	869	
345	870	
345	871	
344	872	
344	873	
344	874	
344	875	
345	876	
344	877	
344	878	
344	879	
345	880	
345	881	
345	882	
345	883	
346	884	
345	885	
345	886	
345	887	
345	888	
346	888	
347	888	
346	889	
347	889	
347	890	
347	891	
347	892	
347	893	
347	894	
347	895	
347	896	
346	897	
346	898	
347	899	
347	900	
347	901	
347	902	
347	903	
348	904	
347	905	
347	906	
347	907	
347	908	
346	909	
347	910	
347	911	
348	912	
348	913	
348	914	
349	914	
348	915	
347	916	
348	917	
348	918	
348	919	
348	920	
349	920	
349	921	
348	946	
348	947	
348	948	
347	949	
347	950	
348	950	
349	951	
349	952	
349	953	
347	954	
347	955	
347	956	
347	957	
347	958	
347	959	
347	960	
347	961	
346	962	
346	963	
345	964	
346	964	
345	971	
345	972	
343	974	
340	1000	
339	1004	
338	1011	
336	1012	
335	1023	
335	1024	
326	1095	
324	1097	
326	1112	
326	1113	
