414	72	
414	73	
414	74	
414	75	
416	91	
416	92	
416	94	
416	95	
416	96	
416	101	
348	301	
349	302	
349	303	
349	304	
347	305	
348	306	
349	307	
349	308	
348	309	
348	310	
348	311	
349	312	
349	313	
349	314	
349	315	
349	316	
349	317	
348	318	
348	319	
349	319	
349	320	
349	321	
349	322	
349	323	
349	324	
349	325	
349	326	
349	327	
349	328	
350	329	
349	330	
349	331	
349	332	
349	333	
349	334	
350	334	
350	335	
350	336	
350	337	
350	338	
351	339	
350	340	
350	341	
350	342	
350	343	
349	344	
350	345	
350	346	
350	347	
350	348	
349	349	
349	350	
349	351	
349	352	
349	353	
349	354	
348	355	
348	356	
348	357	
349	357	
348	358	
347	359	
347	360	
348	361	
347	362	
347	363	
347	364	
347	365	
348	366	
347	367	
347	368	
347	369	
347	370	
346	371	
346	372	
347	372	
347	373	
348	373	
347	374	
347	375	
347	376	
347	377	
347	378	
346	379	
346	380	
347	380	
346	381	
346	382	
346	383	
346	384	
346	385	
346	386	
346	387	
346	388	
346	389	
346	390	
346	391	
347	392	
335	393	
335	394	
335	395	
337	396	
337	397	
337	398	
337	399	
337	400	
337	401	
336	402	
337	403	
333	404	
334	405	
335	406	
335	407	
335	408	
335	409	
334	410	
334	411	
335	412	
334	413	
334	414	
334	415	
334	416	
333	417	
333	418	
334	419	
334	420	
335	421	
335	422	
334	423	
335	423	
334	424	
334	425	
334	426	
334	427	
335	428	
335	429	
335	430	
334	431	
335	431	
334	432	
335	433	
335	434	
335	435	
335	436	
334	437	
333	438	
333	439	
334	440	
335	441	
336	442	
335	443	
336	443	
336	444	
335	445	
335	446	
335	447	
335	448	
336	449	
337	450	
336	451	
338	451	
337	452	
338	453	
339	454	
339	455	
339	456	
338	457	
339	457	
338	458	
339	458	
338	459	
339	460	
339	461	
339	462	
338	463	
339	463	
338	464	
338	465	
338	466	
338	467	
338	468	
338	469	
338	470	
338	471	
337	472	
337	473	
337	474	
337	475	
336	476	
338	477	
337	478	
337	479	
337	480	
337	481	
338	482	
337	483	
338	483	
337	484	
338	485	
338	486	
337	487	
338	488	
339	489	
338	490	
338	491	
338	492	
338	493	
337	494	
337	495	
337	496	
337	497	
337	498	
337	499	
338	500	
338	501	
337	502	
338	502	
337	503	
338	504	
339	505	
337	506	
338	507	
338	508	
337	509	
337	510	
338	511	
337	512	
338	513	
338	514	
338	515	
338	516	
338	517	
337	518	
337	519	
338	520	
338	521	
337	522	
337	523	
337	524	
337	525	
337	526	
338	527	
338	528	
339	529	
339	530	
339	531	
339	532	
340	533	
340	534	
339	535	
339	536	
340	537	
339	538	
339	539	
339	540	
339	541	
337	542	
339	543	
338	544	
338	545	
339	545	
338	546	
338	547	
338	548	
337	549	
337	550	
336	551	
337	552	
337	553	
337	554	
335	555	
335	556	
336	557	
337	558	
334	559	
335	560	
335	561	
335	562	
334	563	
334	564	
333	565	
332	566	
333	567	
331	568	
331	569	
331	570	
332	571	
331	572	
332	573	
332	574	
331	575	
331	576	
331	577	
329	578	
330	578	
331	578	
330	579	
331	580	
330	581	
331	581	
330	582	
330	583	
330	584	
330	585	
328	586	
329	587	
330	588	
329	589	
329	590	
329	591	
329	592	
328	593	
329	594	
328	595	
328	596	
329	597	
328	598	
329	599	
328	600	
326	601	
328	602	
327	603	
327	604	
327	605	
326	606	
327	607	
326	608	
325	609	
325	610	
326	611	
325	612	
325	613	
326	614	
325	615	
326	616	
325	617	
327	617	
326	618	
326	619	
327	620	
326	621	
325	622	
325	623	
326	624	
326	625	
326	626	
326	627	
327	628	
327	629	
327	630	
325	631	
326	631	
326	632	
326	633	
326	634	
326	635	
326	636	
326	637	
326	638	
326	639	
326	640	
325	641	
326	641	
325	642	
326	643	
325	644	
326	645	
325	646	
326	647	
325	648	
325	649	
324	650	
326	650	
325	651	
324	652	
324	653	
327	654	
327	655	
326	656	
326	657	
325	658	
325	659	
325	660	
325	661	
324	662	
325	663	
325	664	
324	665	
325	665	
324	666	
323	667	
324	668	
325	669	
324	670	
324	671	
325	672	
324	673	
324	674	
324	675	
325	676	
324	677	
325	678	
324	679	
324	680	
325	680	
324	681	
325	681	
325	682	
325	683	
326	684	
325	685	
326	686	
325	687	
326	688	
326	689	
325	690	
325	691	
325	692	
326	693	
326	694	
325	695	
326	696	
325	697	
325	698	
325	699	
325	700	
325	701	
325	702	
326	702	
325	703	
327	704	
327	705	
327	706	
327	707	
327	708	
328	709	
328	710	
327	711	
328	712	
328	713	
327	714	
328	714	
328	715	
328	716	
328	717	
328	718	
329	719	
328	720	
328	721	
327	722	
328	722	
327	723	
328	724	
327	725	
327	726	
328	727	
329	728	
328	729	
328	730	
328	731	
329	732	
329	733	
328	734	
328	735	
329	736	
328	737	
328	738	
328	739	
328	740	
328	741	
328	742	
328	743	
328	744	
328	745	
328	746	
328	747	
328	748	
328	749	
328	750	
328	751	
329	752	
329	753	
329	754	
330	754	
328	755	
329	756	
328	757	
329	758	
329	759	
329	760	
328	761	
329	762	
329	763	
329	764	
329	765	
328	766	
328	767	
328	768	
328	769	
328	770	
328	771	
329	772	
329	773	
330	774	
329	775	
329	776	
329	777	
330	778	
331	779	
330	780	
330	781	
329	782	
329	783	
330	784	
331	785	
330	786	
330	787	
330	788	
330	789	
330	790	
330	791	
330	792	
330	793	
331	793	
330	794	
330	795	
330	796	
331	796	
331	797	
331	798	
331	799	
332	800	
331	801	
331	802	
332	803	
332	804	
332	805	
331	806	
332	807	
332	808	
332	809	
332	810	
333	811	
334	812	
335	813	
335	814	
335	815	
335	816	
335	817	
335	818	
335	819	
336	820	
336	821	
337	822	
337	823	
337	824	
338	825	
339	826	
339	827	
339	828	
338	829	
337	830	
341	831	
341	832	
341	833	
341	834	
340	835	
342	836	
343	837	
343	838	
342	839	
342	840	
343	840	
343	841	
342	842	
343	842	
343	843	
343	844	
343	845	
343	846	
343	847	
344	848	
343	849	
343	850	
345	851	
345	852	
343	853	
343	854	
345	855	
345	856	
345	857	
345	858	
344	859	
344	860	
344	861	
345	862	
344	863	
344	864	
344	865	
345	866	
345	867	
345	868	
345	869	
344	870	
344	871	
344	872	
344	873	
344	874	
345	875	
344	876	
344	877	
344	878	
347	879	
346	880	
347	881	
347	882	
345	883	
345	884	
347	885	
347	886	
347	887	
347	888	
347	889	
347	890	
347	891	
346	892	
346	893	
346	894	
347	895	
348	896	
348	897	
348	898	
348	899	
348	900	
348	901	
347	902	
348	902	
347	903	
347	904	
347	905	
347	906	
347	907	
347	908	
347	909	
347	910	
347	911	
347	912	
348	913	
348	914	
349	915	
349	916	
349	917	
347	918	
348	919	
349	920	
349	921	
349	922	
347	946	
347	947	
347	948	
347	949	
347	950	
347	951	
348	951	
349	952	
349	953	
347	955	
347	956	
346	959	
346	960	
347	961	
347	962	
346	963	
346	964	
343	970	
344	971	
343	972	
343	973	
343	974	
342	979	
342	980	
326	1075	
326	1076	
324	1095	
324	1096	
324	1097	
326	1117	
