183	529	
184	530	
185	531	
185	532	
185	533	
185	534	
183	535	
182	536	
183	537	
183	538	
183	539	
182	540	
183	541	
183	542	
183	543	
183	544	
183	545	
183	546	
183	547	
183	548	
182	549	
180	550	
181	550	
181	551	
181	552	
181	553	
181	554	
181	555	
181	556	
181	557	
181	558	
181	559	
182	560	
180	561	
181	561	
180	562	
181	563	
181	564	
181	565	
179	566	
177	567	
177	568	
179	576	
177	577	
179	577	
177	578	
179	579	
179	580	
179	581	
179	582	
185	592	
183	593	
183	594	
181	602	
181	603	
181	604	
180	605	
179	606	
179	607	
177	608	
179	609	
179	610	
179	611	
178	612	
179	613	
178	614	
179	614	
180	614	
178	615	
178	616	
179	617	
180	618	
179	619	
180	619	
179	620	
180	621	
180	622	
180	623	
181	623	
181	624	
181	625	
181	626	
181	627	
179	628	
179	629	
177	630	
177	631	
178	632	
177	633	
177	634	
177	635	
177	636	
178	637	
179	638	
179	639	
179	640	
179	641	
179	642	
177	643	
178	644	
179	645	
179	646	
179	647	
179	648	
177	649	
179	650	
179	651	
179	652	
179	653	
179	654	
179	655	
178	656	
177	657	
178	657	
178	658	
178	659	
178	660	
179	661	
180	662	
178	663	
177	664	
178	665	
178	666	
178	667	
181	668	
181	669	
181	670	
181	671	
180	672	
181	672	
179	673	
179	674	
181	675	
181	676	
181	677	
182	678	
179	679	
179	680	
180	681	
182	682	
183	682	
183	683	
183	684	
183	685	
183	686	
182	687	
181	688	
182	689	
182	690	
182	691	
182	692	
183	693	
184	694	
183	695	
184	695	
184	696	
184	697	
185	698	
185	699	
185	700	
184	701	
184	702	
183	703	
184	703	
185	704	
184	705	
184	706	
189	714	
