414	56	
349	302	
349	303	
351	304	
351	305	
349	306	
349	307	
349	308	
349	309	
349	310	
349	311	
349	312	
350	313	
350	314	
350	315	
349	316	
349	317	
349	318	
350	319	
350	320	
350	321	
350	322	
349	323	
350	324	
351	325	
351	326	
351	327	
351	328	
351	329	
351	330	
351	331	
351	332	
351	333	
352	334	
352	335	
351	336	
351	337	
351	338	
351	339	
351	340	
351	341	
351	342	
351	343	
351	344	
351	345	
351	346	
351	347	
351	348	
351	349	
349	350	
349	351	
349	352	
349	353	
349	354	
349	355	
349	356	
349	357	
349	358	
349	359	
349	360	
349	361	
349	362	
349	363	
349	364	
349	365	
349	366	
349	367	
349	368	
348	369	
349	370	
349	371	
348	372	
347	373	
348	374	
349	375	
349	376	
348	377	
347	378	
349	379	
348	380	
347	381	
347	382	
347	383	
347	384	
347	385	
347	386	
347	387	
348	387	
347	388	
347	389	
347	390	
347	391	
347	392	
347	393	
339	394	
339	395	
337	396	
337	397	
337	398	
337	399	
337	400	
337	401	
337	402	
337	403	
337	404	
337	405	
337	406	
337	407	
337	408	
336	409	
337	409	
336	410	
336	411	
336	412	
336	413	
336	414	
336	415	
336	416	
335	417	
335	418	
336	419	
336	420	
336	421	
336	422	
336	423	
336	424	
336	425	
336	426	
336	427	
336	428	
335	429	
336	430	
336	431	
336	432	
335	433	
335	434	
335	435	
336	436	
335	437	
336	438	
336	439	
336	440	
336	441	
335	442	
336	443	
337	444	
337	445	
337	446	
337	447	
337	448	
338	449	
337	450	
338	450	
339	450	
338	451	
338	452	
339	453	
339	454	
339	455	
339	456	
340	457	
339	458	
340	459	
340	460	
339	461	
340	462	
339	463	
341	464	
341	465	
339	466	
339	467	
339	468	
338	469	
339	469	
338	470	
339	470	
339	471	
339	472	
339	473	
339	474	
339	475	
339	476	
339	477	
339	478	
339	479	
340	479	
340	480	
340	481	
340	482	
339	483	
339	484	
339	485	
338	486	
338	487	
338	488	
338	489	
339	490	
338	491	
338	492	
340	493	
341	494	
340	495	
340	496	
339	497	
339	498	
339	499	
338	500	
338	501	
338	502	
338	503	
338	504	
341	505	
341	506	
339	507	
340	508	
339	509	
339	510	
340	511	
339	512	
339	513	
340	514	
339	515	
339	516	
339	517	
338	518	
340	519	
340	520	
340	521	
339	522	
340	523	
341	524	
340	525	
340	526	
340	527	
341	527	
340	528	
341	528	
341	529	
341	530	
341	531	
341	532	
341	533	
341	534	
341	535	
341	536	
341	537	
340	538	
341	539	
340	540	
341	541	
340	542	
341	542	
340	543	
337	544	
339	545	
339	546	
338	547	
339	547	
338	548	
339	549	
339	550	
339	551	
338	552	
338	553	
338	554	
337	555	
337	556	
337	557	
335	558	
335	559	
335	560	
336	561	
335	562	
335	563	
335	564	
335	565	
334	566	
334	567	
334	568	
334	569	
334	570	
334	571	
333	572	
331	573	
333	574	
332	575	
332	576	
332	577	
333	578	
332	579	
331	580	
330	581	
331	582	
333	583	
332	584	
331	585	
332	586	
330	587	
330	588	
331	589	
331	590	
330	591	
330	592	
329	593	
329	594	
327	595	
329	596	
328	597	
329	597	
330	598	
329	599	
329	600	
328	601	
328	602	
328	603	
328	604	
328	605	
327	606	
327	607	
327	608	
327	609	
328	609	
327	610	
328	610	
327	611	
328	611	
328	612	
327	613	
327	614	
328	614	
327	615	
328	616	
327	617	
328	618	
328	619	
327	620	
327	621	
326	622	
326	623	
327	624	
327	625	
327	626	
327	627	
329	628	
329	629	
329	630	
328	631	
326	632	
326	633	
327	634	
327	635	
327	636	
328	637	
326	638	
326	639	
326	640	
326	641	
328	642	
326	643	
326	644	
327	645	
326	646	
326	647	
325	648	
326	649	
326	650	
327	651	
327	652	
327	653	
327	654	
327	655	
326	656	
326	657	
326	658	
326	659	
326	660	
326	661	
326	662	
326	663	
326	664	
326	665	
327	665	
325	666	
326	667	
326	668	
327	669	
326	670	
326	671	
325	672	
326	673	
325	674	
326	675	
326	676	
325	677	
327	677	
325	678	
326	679	
326	680	
325	681	
326	682	
326	683	
326	684	
326	685	
326	686	
325	687	
326	688	
326	689	
325	690	
326	691	
326	692	
326	693	
326	694	
326	695	
325	696	
325	697	
327	698	
325	699	
325	700	
325	701	
326	701	
326	702	
327	703	
327	704	
328	705	
325	706	
328	707	
328	708	
328	709	
329	709	
329	710	
328	711	
329	712	
329	713	
330	714	
329	715	
329	716	
330	717	
330	718	
329	719	
329	720	
328	721	
328	722	
328	723	
329	724	
328	725	
329	726	
328	727	
329	727	
329	728	
329	729	
330	730	
329	731	
329	732	
329	733	
330	733	
329	734	
329	735	
329	736	
328	737	
329	738	
329	739	
329	740	
330	741	
330	742	
329	743	
331	744	
331	745	
331	746	
330	747	
329	748	
330	748	
329	749	
330	750	
330	751	
330	752	
330	753	
331	754	
331	755	
330	756	
330	757	
330	758	
330	759	
330	760	
330	761	
330	762	
330	763	
331	764	
331	765	
329	766	
329	767	
329	768	
330	769	
330	770	
330	771	
330	772	
330	773	
330	774	
330	775	
330	776	
331	776	
331	777	
331	778	
330	779	
330	780	
331	781	
331	782	
331	783	
331	784	
332	785	
331	786	
331	787	
331	788	
331	789	
332	790	
332	791	
332	792	
333	793	
333	794	
332	795	
333	796	
333	797	
333	798	
333	799	
333	800	
332	801	
332	802	
332	803	
333	804	
333	805	
333	806	
335	807	
335	808	
335	809	
335	810	
335	811	
335	812	
336	812	
336	813	
336	814	
335	815	
336	815	
336	816	
335	817	
335	818	
336	819	
337	820	
339	821	
339	822	
339	823	
339	824	
339	825	
339	826	
339	827	
339	828	
341	829	
341	830	
341	831	
341	832	
343	833	
343	834	
343	835	
343	836	
343	837	
344	837	
344	838	
343	839	
344	840	
345	841	
345	842	
345	843	
345	844	
345	845	
345	846	
345	847	
345	848	
345	849	
345	850	
345	851	
343	852	
346	853	
345	854	
345	855	
345	856	
345	857	
346	858	
346	859	
345	860	
344	861	
344	862	
344	863	
345	864	
345	865	
345	866	
347	867	
347	868	
347	869	
345	870	
345	871	
345	872	
346	873	
346	874	
346	875	
346	876	
347	877	
347	878	
347	879	
347	880	
347	881	
347	882	
347	883	
347	884	
347	885	
347	886	
347	887	
347	888	
347	889	
347	890	
348	891	
348	892	
349	893	
349	894	
349	895	
348	896	
348	897	
348	898	
348	899	
348	900	
348	901	
348	902	
348	903	
348	904	
349	905	
349	906	
349	907	
349	908	
349	909	
349	910	
349	911	
349	912	
350	913	
350	914	
349	915	
348	916	
350	917	
351	918	
351	919	
351	920	
349	921	
347	957	
347	958	
349	959	
349	960	
349	961	
349	962	
347	963	
346	964	
341	983	
342	984	
343	985	
343	986	
336	1023	
336	1024	
337	1024	
333	1043	
332	1044	
