416	67	
418	89	
418	90	
418	91	
418	92	
351	300	
350	301	
350	302	
351	303	
351	304	
351	305	
351	306	
351	307	
351	308	
351	309	
351	310	
351	311	
351	312	
351	313	
351	314	
350	315	
350	316	
351	316	
351	317	
351	318	
351	319	
351	320	
351	321	
351	322	
352	323	
350	324	
351	325	
352	326	
352	327	
351	328	
352	329	
352	330	
352	331	
352	332	
352	333	
352	334	
353	335	
353	336	
353	337	
353	338	
352	339	
352	340	
353	341	
352	342	
352	343	
352	344	
352	345	
352	346	
352	347	
351	348	
351	349	
351	350	
351	351	
351	352	
351	353	
350	354	
350	355	
350	356	
350	357	
349	358	
349	359	
350	360	
349	361	
350	362	
350	363	
350	364	
350	365	
351	366	
350	367	
349	368	
349	369	
349	370	
349	371	
349	372	
349	373	
350	373	
350	374	
350	375	
350	376	
349	377	
349	378	
349	379	
349	380	
349	381	
349	382	
349	383	
349	384	
349	385	
348	386	
349	387	
349	388	
348	389	
348	390	
347	391	
348	392	
348	393	
339	394	
339	395	
337	396	
339	397	
339	398	
339	399	
339	400	
337	401	
337	402	
337	403	
337	404	
338	405	
337	406	
337	407	
336	408	
336	409	
336	410	
335	411	
337	412	
336	413	
336	414	
336	415	
337	416	
337	417	
337	418	
337	419	
336	420	
337	420	
336	421	
336	422	
337	423	
336	424	
337	425	
337	426	
338	426	
338	427	
337	428	
337	429	
337	430	
337	431	
337	432	
336	433	
336	434	
336	435	
337	436	
337	437	
337	438	
337	439	
338	440	
338	441	
337	442	
337	443	
337	444	
338	444	
338	445	
339	446	
339	447	
338	448	
338	449	
338	450	
340	451	
340	452	
339	453	
341	454	
340	455	
340	456	
340	457	
340	458	
342	459	
342	460	
341	461	
341	462	
339	463	
340	464	
340	465	
339	466	
340	467	
339	468	
340	468	
339	469	
340	470	
339	471	
340	472	
339	473	
339	474	
340	474	
341	474	
340	475	
340	476	
340	477	
339	478	
340	478	
340	479	
340	480	
340	481	
339	482	
340	483	
340	484	
339	485	
340	486	
340	487	
340	488	
340	489	
341	490	
340	491	
339	492	
339	493	
340	494	
341	495	
341	496	
339	497	
341	498	
340	499	
339	500	
341	501	
340	502	
342	502	
341	503	
341	504	
341	505	
341	506	
341	507	
340	508	
340	509	
341	509	
341	510	
340	511	
340	512	
340	513	
341	513	
340	514	
339	515	
340	516	
340	517	
340	518	
341	519	
342	519	
341	520	
341	521	
340	522	
341	523	
341	524	
341	525	
341	526	
341	527	
341	528	
341	529	
342	530	
342	531	
342	532	
342	533	
343	534	
342	535	
343	536	
342	537	
343	538	
343	539	
342	540	
341	541	
339	542	
339	543	
339	544	
339	545	
339	546	
339	547	
338	548	
340	549	
340	550	
339	551	
339	552	
339	553	
339	554	
339	555	
339	556	
340	556	
338	557	
337	558	
336	559	
335	560	
335	561	
336	561	
336	562	
336	563	
336	564	
336	565	
336	566	
335	567	
334	568	
334	569	
334	570	
333	571	
334	571	
334	572	
333	573	
333	574	
334	574	
334	575	
334	576	
333	577	
334	578	
334	579	
334	580	
332	581	
332	582	
331	583	
332	584	
332	585	
332	586	
332	587	
331	588	
332	588	
331	589	
331	590	
331	591	
331	592	
331	593	
329	594	
330	594	
330	595	
330	596	
329	597	
330	597	
330	598	
330	599	
329	600	
330	601	
329	602	
329	603	
329	604	
329	605	
330	605	
330	606	
329	607	
329	608	
329	609	
329	610	
329	611	
328	612	
329	612	
329	613	
329	614	
328	615	
329	616	
329	617	
329	618	
329	619	
328	620	
329	621	
329	622	
328	623	
328	624	
328	625	
328	626	
328	627	
328	628	
328	629	
327	630	
327	631	
328	631	
328	632	
328	633	
327	634	
328	635	
328	636	
327	637	
327	638	
328	639	
329	640	
328	641	
329	642	
328	643	
328	644	
327	645	
327	646	
327	647	
328	648	
328	649	
328	650	
328	651	
328	652	
329	653	
328	654	
329	655	
326	656	
328	657	
326	658	
327	659	
326	660	
326	661	
327	662	
327	663	
326	664	
326	665	
327	665	
326	666	
327	667	
327	668	
327	669	
326	670	
326	671	
327	671	
326	672	
327	672	
328	673	
326	674	
326	675	
326	676	
327	676	
327	677	
327	678	
328	679	
326	680	
327	681	
328	682	
327	683	
328	683	
327	684	
328	685	
328	686	
327	687	
328	687	
328	688	
328	689	
327	690	
328	690	
327	691	
328	692	
327	693	
327	694	
327	695	
326	696	
326	697	
328	698	
329	699	
329	700	
329	701	
328	702	
329	703	
329	704	
329	705	
329	706	
329	707	
329	708	
329	709	
330	710	
330	711	
331	712	
330	713	
331	714	
329	715	
329	716	
328	717	
329	717	
329	718	
328	719	
330	720	
330	721	
330	722	
331	723	
330	724	
330	725	
329	726	
330	727	
330	728	
330	729	
330	730	
329	731	
329	732	
330	732	
330	733	
330	734	
330	735	
330	736	
330	737	
329	738	
330	739	
330	740	
329	741	
331	741	
330	742	
330	743	
330	744	
330	745	
331	745	
332	746	
331	747	
331	748	
330	749	
329	750	
330	751	
330	752	
330	753	
331	754	
330	755	
330	756	
331	757	
331	758	
331	759	
330	760	
331	760	
331	761	
331	762	
331	763	
331	764	
330	765	
331	765	
330	766	
331	767	
331	768	
331	769	
331	770	
331	771	
331	772	
331	773	
332	773	
331	774	
331	775	
332	776	
332	777	
332	778	
331	779	
332	779	
331	780	
332	781	
332	782	
332	783	
332	784	
332	785	
332	786	
332	787	
334	788	
334	789	
334	790	
333	791	
333	792	
333	793	
334	793	
333	794	
332	795	
332	796	
334	797	
334	798	
333	799	
334	800	
335	801	
335	802	
335	803	
334	804	
334	805	
335	806	
335	807	
334	808	
335	809	
336	810	
336	811	
336	812	
335	813	
335	814	
335	815	
336	815	
335	816	
336	816	
336	817	
337	818	
337	819	
337	820	
338	821	
339	822	
340	823	
340	824	
339	825	
339	826	
341	827	
341	828	
341	829	
341	830	
343	831	
343	832	
345	833	
345	834	
345	835	
344	836	
343	837	
344	838	
344	839	
344	840	
345	841	
343	842	
345	843	
345	844	
347	845	
347	846	
345	847	
345	848	
346	849	
346	850	
346	851	
345	852	
346	852	
347	852	
346	853	
346	854	
346	855	
347	856	
347	857	
347	858	
347	859	
347	860	
347	861	
347	862	
346	863	
345	864	
345	865	
346	866	
347	867	
347	868	
347	869	
347	870	
345	871	
347	872	
347	873	
347	874	
347	875	
347	876	
347	877	
346	878	
346	879	
349	880	
347	881	
348	881	
347	882	
347	883	
347	884	
349	885	
349	886	
349	887	
347	888	
347	889	
348	890	
349	891	
349	892	
349	893	
349	894	
349	895	
349	896	
349	897	
349	898	
349	899	
349	900	
350	901	
350	902	
350	903	
349	904	
348	905	
350	906	
350	907	
350	908	
350	909	
350	910	
351	911	
351	912	
351	913	
349	914	
349	915	
350	916	
351	917	
351	918	
350	919	
350	920	
351	920	
351	921	
350	956	
350	957	
350	958	
336	1026	
337	1027	
337	1028	
335	1037	
335	1038	
334	1039	
333	1047	
334	1047	
328	1083	
328	1084	
