422	97	
355	303	
355	304	
355	305	
355	306	
355	307	
355	308	
354	309	
354	310	
354	311	
355	312	
355	313	
355	314	
355	315	
355	316	
355	317	
354	318	
354	319	
355	320	
355	321	
355	322	
355	323	
355	324	
355	325	
356	326	
354	327	
356	328	
356	329	
356	330	
356	331	
357	332	
356	333	
357	334	
357	335	
357	336	
357	337	
357	338	
355	339	
355	340	
356	341	
355	342	
355	343	
355	344	
355	345	
355	346	
354	347	
355	348	
355	349	
355	350	
355	351	
355	352	
355	353	
354	354	
353	355	
353	356	
353	357	
354	358	
354	359	
354	360	
354	361	
353	362	
353	363	
353	364	
354	364	
353	365	
353	366	
353	367	
353	368	
353	369	
354	369	
353	370	
353	371	
353	372	
353	373	
353	374	
353	375	
353	376	
353	377	
353	378	
353	379	
353	380	
352	381	
352	382	
352	383	
353	384	
353	385	
353	386	
353	387	
353	388	
352	389	
352	390	
352	391	
352	392	
352	393	
352	394	
345	395	
345	396	
343	397	
343	398	
343	399	
342	400	
341	401	
341	402	
343	403	
342	404	
342	405	
341	406	
340	407	
340	408	
343	409	
342	410	
340	411	
340	412	
341	413	
340	414	
340	415	
340	416	
340	417	
340	418	
340	419	
340	420	
340	421	
341	421	
340	422	
341	422	
342	423	
341	424	
341	425	
341	426	
341	427	
342	428	
342	429	
342	430	
341	431	
342	432	
341	433	
342	434	
339	435	
340	436	
340	437	
340	438	
341	438	
341	439	
341	440	
341	441	
341	442	
342	443	
341	444	
342	445	
343	446	
343	447	
343	448	
344	449	
345	450	
345	451	
344	452	
344	453	
344	454	
345	455	
345	456	
345	457	
345	458	
345	459	
345	460	
344	461	
345	461	
344	462	
345	463	
345	464	
345	465	
345	466	
345	467	
345	468	
344	469	
343	470	
344	470	
343	471	
344	472	
344	473	
344	474	
344	475	
344	476	
344	477	
343	478	
343	479	
343	480	
344	481	
344	482	
343	483	
344	483	
344	484	
343	485	
344	486	
343	487	
343	488	
344	488	
344	489	
343	490	
343	491	
344	491	
344	492	
345	493	
345	494	
343	495	
344	496	
344	497	
344	498	
344	499	
344	500	
344	501	
344	502	
346	503	
344	504	
344	505	
345	506	
345	507	
344	508	
344	509	
345	509	
345	510	
344	511	
344	512	
343	513	
343	514	
344	514	
343	515	
344	515	
344	516	
345	517	
345	518	
345	519	
345	520	
344	521	
345	522	
344	523	
345	524	
345	525	
345	526	
345	527	
346	528	
346	529	
346	530	
346	531	
346	532	
346	533	
345	534	
345	535	
346	536	
345	537	
346	538	
346	539	
346	540	
347	541	
345	542	
345	543	
346	544	
345	545	
343	546	
343	547	
343	548	
344	549	
344	550	
343	551	
343	552	
343	553	
343	554	
343	555	
343	556	
342	557	
342	558	
341	559	
341	560	
341	561	
341	562	
341	563	
341	564	
341	565	
340	566	
341	566	
339	567	
340	568	
340	569	
339	570	
339	571	
339	572	
338	573	
338	574	
337	575	
337	576	
337	577	
337	578	
336	579	
337	580	
337	581	
337	582	
335	583	
335	584	
335	585	
336	586	
337	587	
335	588	
335	589	
334	590	
334	591	
333	592	
334	593	
334	594	
333	595	
334	596	
334	597	
334	598	
334	599	
333	600	
333	601	
334	602	
334	603	
333	604	
334	605	
333	606	
333	607	
333	608	
333	609	
333	610	
332	611	
333	611	
333	612	
331	613	
333	614	
333	615	
333	616	
332	617	
331	618	
333	619	
333	620	
333	621	
332	622	
333	623	
333	624	
333	625	
333	626	
333	627	
333	628	
333	629	
333	630	
333	631	
333	632	
334	633	
334	634	
334	635	
334	636	
333	637	
333	638	
334	638	
334	639	
334	640	
334	641	
333	642	
334	642	
333	643	
333	644	
333	645	
334	645	
334	646	
334	647	
332	648	
332	649	
332	650	
332	651	
332	652	
331	653	
332	653	
332	654	
332	655	
331	656	
331	657	
332	658	
331	659	
331	660	
332	661	
330	662	
331	663	
331	664	
330	665	
330	666	
331	667	
330	668	
330	669	
331	670	
331	671	
331	672	
330	673	
331	674	
332	675	
331	676	
331	677	
331	678	
331	679	
331	680	
330	681	
331	682	
331	683	
330	684	
330	685	
331	685	
332	685	
332	686	
333	687	
332	688	
332	689	
333	689	
332	690	
332	691	
333	692	
332	693	
332	694	
330	695	
331	696	
331	697	
331	698	
333	699	
332	700	
332	701	
333	701	
331	702	
332	703	
332	704	
333	705	
333	706	
333	707	
333	708	
333	709	
334	710	
334	711	
334	712	
335	713	
334	714	
336	715	
336	716	
335	717	
334	718	
335	719	
334	720	
335	721	
334	722	
334	723	
334	724	
334	725	
334	726	
334	727	
334	728	
333	729	
334	729	
335	730	
335	731	
335	732	
335	733	
335	734	
334	735	
334	736	
334	737	
336	738	
335	739	
335	740	
334	741	
335	742	
334	743	
335	744	
334	745	
334	746	
334	747	
335	747	
335	748	
334	749	
333	750	
333	751	
333	752	
335	753	
335	754	
334	755	
335	756	
334	757	
335	758	
334	759	
334	760	
334	761	
334	762	
333	763	
335	764	
334	765	
334	766	
335	767	
336	768	
334	769	
334	770	
334	771	
334	772	
334	773	
334	774	
335	775	
335	776	
335	777	
335	778	
336	779	
336	780	
337	781	
336	782	
337	783	
336	784	
336	785	
336	786	
337	787	
335	788	
337	789	
336	790	
336	791	
336	792	
337	793	
337	794	
337	795	
337	796	
336	797	
338	798	
339	798	
339	799	
337	800	
337	801	
336	802	
336	803	
339	804	
337	805	
338	806	
339	807	
339	808	
339	809	
339	810	
339	811	
339	812	
339	813	
339	814	
340	815	
341	815	
341	816	
341	817	
341	818	
342	819	
343	820	
342	821	
341	822	
341	823	
342	824	
345	825	
345	826	
344	827	
343	828	
345	829	
345	830	
345	831	
347	832	
347	833	
347	834	
347	835	
347	836	
348	837	
349	838	
349	839	
349	840	
349	841	
349	842	
348	843	
348	844	
348	845	
350	846	
349	847	
349	848	
349	849	
349	850	
349	851	
349	852	
349	853	
349	854	
349	855	
349	856	
349	857	
348	858	
348	859	
349	859	
348	860	
349	861	
349	862	
348	863	
349	864	
349	865	
349	866	
349	867	
349	868	
349	869	
349	870	
350	871	
351	872	
350	873	
349	874	
348	875	
349	876	
349	877	
350	878	
351	879	
351	880	
350	881	
349	882	
349	883	
350	884	
351	885	
351	886	
351	887	
351	888	
351	889	
351	890	
351	891	
351	892	
351	893	
352	894	
351	895	
351	896	
352	897	
353	898	
353	899	
351	900	
351	901	
353	902	
353	903	
353	904	
353	905	
353	906	
353	907	
353	908	
352	909	
352	910	
351	911	
351	912	
353	913	
353	914	
353	915	
352	916	
352	917	
353	918	
354	919	
354	920	
353	967	
353	968	
351	969	
351	970	
351	974	
347	989	
339	1036	
339	1037	
339	1041	
330	1101	
330	1102	
330	1107	
332	1117	
