426	83	
426	84	
426	85	
359	302	
359	303	
359	304	
359	305	
359	306	
359	307	
360	308	
360	309	
359	310	
360	310	
359	311	
359	312	
359	313	
359	314	
359	315	
359	316	
358	317	
359	318	
359	319	
359	320	
359	321	
359	322	
359	323	
359	324	
360	325	
360	326	
359	327	
359	328	
360	329	
360	330	
359	331	
360	331	
360	332	
361	332	
361	333	
361	334	
360	335	
359	336	
359	337	
360	338	
360	339	
360	340	
359	341	
359	342	
359	343	
359	344	
359	345	
360	346	
359	347	
359	348	
359	349	
359	350	
359	351	
359	352	
359	353	
359	354	
358	355	
358	356	
358	357	
358	358	
359	359	
358	360	
358	361	
358	362	
359	363	
359	364	
358	365	
358	366	
358	367	
359	368	
358	369	
358	370	
359	371	
359	372	
358	373	
357	374	
359	375	
359	376	
357	377	
357	378	
357	379	
357	386	
357	387	
357	388	
357	391	
357	392	
357	393	
357	394	
347	399	
347	400	
349	401	
349	402	
347	403	
347	404	
347	405	
347	406	
347	407	
347	408	
347	409	
347	410	
347	411	
345	412	
347	413	
347	414	
347	415	
346	416	
346	417	
346	418	
345	419	
345	420	
346	421	
346	422	
346	423	
347	424	
346	425	
345	426	
345	427	
346	428	
347	428	
347	429	
347	430	
346	431	
346	432	
345	433	
346	433	
345	434	
346	435	
346	436	
346	437	
346	438	
347	439	
348	440	
347	441	
347	442	
347	443	
348	444	
347	445	
349	446	
347	447	
347	448	
348	448	
348	449	
348	450	
349	451	
349	452	
349	453	
349	454	
350	455	
350	456	
349	457	
349	458	
350	459	
350	460	
349	461	
349	462	
349	463	
348	464	
350	465	
350	466	
349	467	
350	468	
350	469	
349	470	
349	471	
349	472	
349	473	
349	474	
348	475	
350	476	
349	477	
349	478	
349	479	
349	480	
349	481	
349	482	
348	483	
349	484	
349	485	
348	486	
349	487	
349	488	
349	489	
350	489	
349	490	
349	491	
349	492	
349	493	
349	494	
350	494	
349	495	
350	495	
349	496	
347	497	
347	498	
348	499	
349	500	
349	501	
350	502	
348	503	
349	504	
349	505	
349	506	
349	507	
349	508	
349	509	
349	510	
348	511	
349	511	
349	512	
349	513	
349	514	
349	515	
350	516	
349	517	
349	518	
350	519	
350	520	
350	521	
350	522	
350	523	
351	524	
351	525	
351	526	
351	527	
352	528	
351	529	
350	530	
350	531	
350	532	
351	533	
351	534	
351	535	
351	536	
351	537	
351	538	
351	539	
351	540	
351	541	
350	542	
351	543	
352	544	
352	545	
351	546	
351	547	
351	548	
347	549	
348	550	
348	551	
348	552	
347	553	
347	554	
346	555	
345	556	
346	556	
346	557	
345	558	
345	559	
345	560	
345	561	
345	562	
345	563	
345	564	
344	565	
345	566	
345	567	
345	568	
344	569	
344	570	
343	571	
342	572	
343	573	
343	574	
343	575	
342	576	
342	577	
341	578	
341	579	
342	579	
341	580	
341	581	
341	582	
341	583	
340	584	
339	585	
339	586	
340	586	
339	587	
340	588	
339	589	
340	589	
339	590	
338	591	
337	592	
338	593	
337	594	
339	595	
337	596	
338	596	
337	597	
338	597	
337	598	
338	598	
338	599	
338	600	
338	601	
338	602	
338	603	
338	604	
339	604	
338	605	
337	606	
339	607	
338	608	
337	609	
338	609	
338	610	
337	611	
337	612	
337	613	
339	614	
337	615	
339	616	
338	617	
338	618	
339	619	
337	620	
339	621	
337	622	
337	623	
339	624	
339	625	
339	626	
339	627	
339	628	
340	628	
339	629	
338	630	
339	631	
340	631	
339	632	
339	633	
339	634	
339	635	
339	636	
339	637	
338	638	
338	639	
339	640	
337	641	
337	642	
339	643	
339	644	
337	645	
339	645	
340	646	
338	647	
337	648	
339	648	
338	649	
338	650	
338	651	
338	652	
338	653	
338	654	
338	655	
338	656	
338	657	
337	658	
337	659	
337	660	
337	661	
336	662	
337	663	
336	664	
336	665	
337	665	
337	666	
335	667	
336	668	
336	669	
337	670	
337	671	
336	672	
336	673	
337	674	
336	675	
336	676	
335	677	
336	677	
336	678	
336	679	
335	680	
336	681	
337	681	
336	682	
336	683	
336	684	
336	685	
336	686	
337	687	
336	688	
336	689	
336	690	
336	691	
336	692	
336	693	
336	694	
336	695	
337	696	
337	697	
337	698	
337	699	
337	700	
337	701	
337	702	
337	703	
337	704	
337	705	
338	706	
338	707	
338	708	
338	709	
338	710	
338	711	
338	712	
338	713	
338	714	
339	715	
339	716	
338	717	
339	717	
339	718	
339	719	
338	720	
338	721	
337	722	
338	722	
339	722	
338	723	
338	724	
339	725	
338	726	
339	727	
338	728	
338	729	
338	730	
339	731	
338	732	
339	732	
338	733	
338	734	
338	735	
339	736	
338	737	
338	738	
338	739	
339	740	
339	741	
339	742	
339	743	
339	744	
337	745	
340	745	
338	746	
339	747	
339	748	
340	749	
339	750	
339	751	
339	752	
339	753	
339	754	
340	755	
339	756	
340	756	
338	757	
338	758	
339	759	
339	760	
339	761	
338	762	
338	763	
339	764	
339	765	
338	766	
338	767	
339	768	
339	769	
339	770	
338	771	
341	771	
341	772	
340	773	
341	773	
340	774	
340	775	
340	776	
341	776	
341	777	
342	778	
342	779	
341	780	
341	781	
341	782	
341	783	
340	784	
341	785	
341	786	
342	787	
340	788	
341	789	
341	790	
341	791	
340	792	
340	793	
341	794	
341	795	
341	796	
341	797	
343	798	
343	799	
343	800	
343	801	
343	802	
342	803	
342	804	
342	805	
345	806	
344	807	
344	808	
344	809	
344	810	
344	811	
344	812	
345	812	
345	813	
345	814	
346	815	
346	816	
345	817	
345	818	
345	819	
346	820	
347	821	
347	822	
347	823	
348	823	
347	824	
347	825	
347	826	
349	827	
349	828	
350	829	
351	830	
351	831	
351	832	
351	833	
352	834	
352	835	
350	836	
351	836	
352	837	
352	838	
352	839	
351	840	
351	841	
352	842	
351	843	
351	844	
352	845	
352	846	
352	847	
352	848	
352	849	
352	850	
352	851	
352	852	
352	853	
352	854	
352	855	
353	856	
353	857	
352	858	
353	858	
352	859	
353	859	
352	860	
352	861	
352	862	
353	862	
352	863	
352	864	
352	865	
352	866	
352	867	
352	868	
352	869	
352	870	
352	871	
353	872	
353	873	
353	874	
353	875	
353	876	
353	877	
353	878	
353	879	
354	879	
354	880	
353	881	
353	882	
354	883	
354	884	
353	885	
354	886	
355	887	
355	888	
355	889	
355	890	
355	891	
355	892	
355	893	
355	894	
353	895	
353	896	
353	897	
355	898	
355	899	
355	900	
356	901	
357	902	
354	903	
355	904	
355	905	
355	906	
357	907	
357	908	
357	909	
356	910	
357	910	
356	911	
356	912	
355	913	
357	914	
357	915	
357	916	
357	917	
357	918	
357	919	
355	920	
355	966	
355	979	
355	980	
337	1079	
336	1080	
336	1081	
336	1082	
337	1086	
336	1087	
337	1087	
336	1088	
338	1093	
338	1094	
336	1095	
336	1096	
