428	88	
359	300	
359	301	
359	302	
361	303	
361	304	
360	305	
361	306	
361	307	
361	308	
361	309	
360	310	
359	311	
360	311	
360	312	
359	313	
360	314	
360	315	
360	316	
361	317	
361	318	
361	319	
361	320	
360	321	
360	322	
361	323	
361	324	
361	325	
361	326	
361	327	
361	328	
361	329	
361	330	
361	331	
361	332	
361	333	
361	334	
361	335	
361	336	
361	337	
361	338	
361	339	
361	340	
360	341	
361	341	
360	342	
361	342	
361	343	
361	344	
361	345	
361	346	
361	347	
361	348	
361	349	
361	350	
361	351	
361	352	
361	353	
360	354	
359	355	
359	356	
359	357	
360	358	
360	359	
360	360	
360	361	
359	362	
359	363	
360	364	
360	365	
360	366	
360	367	
360	368	
360	369	
360	370	
360	371	
359	372	
359	373	
359	374	
359	375	
359	376	
359	377	
359	378	
359	379	
359	380	
359	381	
357	382	
359	383	
357	384	
357	385	
358	386	
359	387	
359	388	
358	389	
358	390	
358	391	
359	391	
358	392	
359	393	
358	394	
357	395	
357	396	
357	397	
349	398	
349	399	
351	400	
349	402	
349	403	
349	404	
349	405	
349	406	
348	407	
348	408	
348	409	
347	410	
347	411	
347	412	
348	413	
347	414	
347	415	
347	416	
347	417	
347	418	
347	419	
347	420	
347	421	
348	421	
347	422	
348	423	
348	424	
347	425	
348	426	
348	427	
347	428	
347	429	
347	430	
347	431	
348	432	
349	433	
348	434	
348	435	
348	436	
349	437	
349	438	
348	439	
348	440	
349	441	
349	442	
349	443	
347	444	
347	445	
348	446	
349	447	
349	448	
350	449	
351	450	
350	451	
350	452	
350	453	
351	454	
350	455	
351	455	
350	456	
352	456	
351	457	
351	458	
350	459	
349	460	
351	461	
351	462	
351	463	
352	464	
351	465	
350	466	
350	467	
352	468	
351	469	
351	470	
352	470	
350	471	
350	472	
351	472	
350	473	
349	474	
351	475	
352	476	
351	477	
351	478	
350	479	
351	480	
350	481	
349	482	
349	483	
349	484	
350	485	
351	486	
352	487	
351	488	
350	489	
351	489	
351	490	
352	491	
352	492	
351	493	
352	494	
350	495	
351	496	
350	497	
349	498	
351	499	
349	500	
350	501	
350	502	
349	503	
350	503	
350	504	
350	505	
349	506	
351	507	
350	508	
351	509	
352	510	
352	511	
351	512	
350	513	
351	514	
349	515	
351	515	
349	516	
350	517	
350	518	
350	519	
350	520	
350	521	
351	522	
351	523	
351	524	
351	525	
351	526	
352	526	
352	527	
352	528	
351	529	
351	530	
353	531	
354	532	
352	533	
351	534	
352	535	
351	536	
352	537	
351	538	
352	539	
352	540	
352	541	
352	542	
352	543	
352	544	
350	545	
349	546	
350	546	
350	547	
352	547	
352	548	
351	549	
351	550	
347	551	
347	552	
347	553	
347	554	
347	555	
345	556	
345	557	
345	558	
345	559	
346	560	
345	561	
345	562	
347	562	
346	563	
347	564	
346	565	
346	566	
345	567	
345	568	
344	569	
344	570	
343	571	
345	572	
344	573	
343	574	
343	575	
343	576	
343	577	
343	578	
343	579	
343	580	
343	581	
343	582	
342	583	
342	584	
342	585	
342	586	
341	587	
342	588	
341	589	
341	590	
340	591	
340	592	
339	593	
340	593	
339	594	
340	595	
340	596	
340	597	
340	598	
340	599	
340	600	
340	601	
341	602	
339	603	
339	604	
340	605	
340	606	
340	607	
340	608	
339	609	
339	610	
339	611	
339	612	
340	612	
339	613	
339	614	
339	615	
341	616	
339	617	
339	618	
339	619	
340	620	
340	621	
339	622	
341	623	
341	624	
341	625	
341	626	
340	627	
340	628	
341	629	
341	630	
341	631	
340	632	
341	633	
340	634	
340	635	
340	636	
341	637	
339	638	
340	639	
340	640	
339	641	
339	642	
340	643	
340	644	
339	645	
340	646	
339	647	
339	648	
339	649	
340	650	
338	651	
338	652	
338	653	
338	654	
338	655	
337	656	
338	657	
339	658	
339	659	
339	660	
340	661	
339	662	
339	663	
338	664	
339	664	
337	665	
338	665	
337	666	
337	667	
337	668	
337	669	
337	670	
336	671	
336	672	
337	673	
337	674	
337	675	
337	676	
338	677	
337	678	
337	679	
336	680	
336	681	
338	682	
336	683	
337	684	
337	685	
337	686	
337	687	
336	688	
337	689	
336	690	
337	691	
337	692	
338	693	
338	694	
337	695	
337	696	
338	697	
337	698	
338	698	
338	699	
338	700	
337	701	
338	701	
338	702	
338	703	
338	704	
339	705	
338	706	
339	707	
338	708	
340	708	
339	709	
338	710	
340	711	
341	712	
341	713	
338	714	
340	715	
340	716	
339	717	
341	718	
340	719	
341	720	
341	721	
339	722	
340	722	
339	723	
339	724	
340	725	
339	726	
339	727	
339	728	
340	729	
340	730	
339	731	
341	732	
341	733	
340	734	
340	735	
340	736	
340	737	
339	738	
340	739	
340	740	
340	741	
340	742	
341	742	
340	743	
340	744	
339	745	
340	745	
340	746	
340	747	
341	748	
340	749	
340	750	
340	751	
340	752	
341	752	
341	753	
341	754	
340	755	
340	756	
340	757	
340	758	
341	758	
342	758	
341	759	
341	760	
341	761	
340	762	
341	763	
341	764	
341	765	
341	766	
340	767	
341	767	
341	768	
341	769	
341	770	
340	771	
340	772	
341	772	
341	773	
341	774	
341	775	
341	776	
342	777	
342	778	
342	779	
341	780	
341	781	
342	782	
342	783	
342	784	
342	785	
342	786	
343	787	
343	788	
343	789	
343	790	
342	791	
344	791	
342	792	
342	793	
343	794	
343	795	
342	796	
344	796	
342	797	
343	797	
342	798	
342	799	
342	800	
343	801	
343	802	
343	803	
344	804	
344	805	
344	806	
344	807	
344	808	
345	809	
346	810	
345	811	
346	812	
347	812	
347	813	
347	814	
346	815	
346	816	
346	817	
346	818	
349	819	
348	820	
348	821	
349	822	
349	823	
349	824	
349	825	
350	826	
351	827	
351	828	
351	829	
351	830	
351	831	
353	832	
351	833	
352	834	
353	835	
353	836	
352	837	
352	838	
352	839	
352	840	
353	841	
353	842	
353	843	
354	843	
353	844	
352	845	
351	846	
353	847	
353	848	
353	849	
354	850	
354	851	
354	852	
354	853	
353	854	
353	855	
353	856	
353	857	
355	858	
355	859	
355	860	
354	861	
355	861	
353	862	
353	863	
353	864	
354	864	
354	865	
354	866	
353	867	
353	868	
352	869	
352	870	
353	871	
353	872	
353	873	
355	874	
355	875	
355	876	
354	877	
354	878	
355	879	
355	880	
354	881	
353	882	
353	883	
354	883	
353	884	
355	885	
355	886	
354	887	
355	888	
355	889	
355	890	
355	891	
355	892	
356	893	
356	894	
356	895	
355	896	
355	897	
356	897	
355	898	
356	898	
355	899	
355	900	
356	901	
357	902	
357	903	
357	904	
355	905	
355	906	
355	907	
357	908	
357	909	
357	910	
357	911	
357	912	
356	913	
359	915	
359	916	
355	973	
355	974	
357	976	
350	995	
350	996	
349	1014	
349	1020	
348	1021	
348	1022	
339	1079	
339	1080	
339	1081	
336	1085	
336	1086	
336	1088	
336	1089	
336	1090	
336	1091	
336	1092	
336	1093	
336	1097	
340	1146	
340	1147	
