363	302	
363	303	
363	304	
364	305	
364	306	
363	307	
363	308	
363	309	
363	310	
364	311	
363	312	
363	313	
363	314	
364	315	
363	316	
363	317	
363	318	
363	319	
363	320	
363	321	
363	322	
363	323	
364	323	
364	324	
365	325	
365	326	
365	327	
364	328	
364	329	
365	330	
365	331	
365	332	
365	333	
365	334	
364	335	
363	336	
364	336	
364	337	
364	338	
364	339	
364	340	
364	341	
364	342	
364	343	
364	344	
364	345	
364	346	
364	347	
364	348	
363	349	
364	349	
363	350	
365	351	
364	352	
364	353	
363	354	
364	355	
364	356	
364	357	
363	358	
364	358	
363	359	
363	360	
363	361	
363	362	
363	363	
363	364	
362	365	
362	366	
362	367	
363	368	
363	369	
363	370	
363	371	
363	372	
363	373	
363	374	
363	375	
363	376	
363	377	
363	378	
363	379	
362	380	
362	381	
362	382	
362	383	
361	384	
363	385	
362	386	
363	386	
361	387	
361	388	
361	389	
361	390	
361	391	
361	392	
361	397	
361	398	
361	399	
361	400	
353	402	
353	403	
353	404	
351	405	
351	406	
353	407	
353	408	
353	409	
353	410	
353	411	
351	412	
353	413	
350	414	
351	415	
351	416	
351	417	
351	418	
350	419	
352	420	
351	421	
351	422	
351	423	
352	424	
352	425	
352	426	
352	427	
351	428	
352	429	
353	430	
353	431	
352	432	
352	433	
352	434	
351	435	
351	436	
352	437	
352	438	
352	439	
352	440	
351	441	
352	441	
351	442	
352	443	
353	444	
353	445	
353	446	
354	447	
354	448	
353	449	
354	450	
354	451	
355	452	
356	452	
355	453	
354	454	
355	454	
355	455	
355	456	
355	457	
355	458	
355	459	
354	460	
354	461	
353	462	
354	462	
353	463	
354	464	
355	464	
354	465	
354	466	
354	467	
355	468	
355	469	
355	470	
355	471	
354	472	
355	472	
354	473	
353	474	
353	475	
354	476	
353	477	
354	478	
354	479	
353	480	
353	481	
354	482	
354	483	
354	484	
353	485	
353	486	
354	487	
354	488	
353	489	
354	490	
354	491	
354	492	
356	493	
356	494	
354	495	
354	496	
354	497	
355	497	
354	498	
354	499	
353	500	
355	500	
353	501	
355	502	
355	503	
355	504	
355	505	
354	506	
354	507	
355	508	
353	509	
354	510	
355	511	
354	512	
353	513	
353	514	
353	515	
353	516	
353	517	
354	517	
354	518	
355	519	
355	520	
355	521	
355	522	
354	523	
355	524	
355	525	
355	526	
355	527	
355	528	
356	528	
356	529	
358	530	
358	531	
356	532	
355	533	
356	533	
357	533	
355	534	
355	535	
355	536	
355	537	
355	538	
355	539	
355	540	
356	541	
355	542	
355	543	
355	544	
356	544	
355	545	
354	546	
355	547	
354	548	
354	549	
353	550	
353	551	
353	552	
355	553	
355	554	
353	555	
353	556	
351	557	
353	557	
349	558	
351	559	
351	560	
349	561	
349	562	
350	563	
351	564	
351	565	
349	566	
349	567	
349	568	
349	569	
348	570	
347	571	
347	572	
347	573	
346	574	
345	575	
346	575	
346	576	
347	577	
346	578	
346	579	
346	580	
345	581	
345	582	
345	583	
345	584	
345	585	
345	586	
345	587	
345	588	
343	589	
344	589	
343	590	
343	591	
343	592	
343	593	
344	594	
343	595	
344	596	
343	597	
344	598	
343	599	
344	600	
344	601	
344	602	
344	603	
343	604	
343	605	
344	606	
343	607	
344	608	
343	609	
344	609	
344	610	
344	611	
345	612	
345	613	
344	614	
344	615	
344	616	
344	617	
345	618	
345	619	
344	620	
345	621	
344	622	
344	623	
345	624	
344	625	
344	626	
345	627	
344	628	
344	629	
343	630	
344	631	
345	632	
344	633	
344	634	
344	635	
344	636	
344	637	
343	638	
344	639	
343	640	
344	641	
344	642	
345	643	
343	644	
344	645	
344	646	
343	647	
344	648	
344	649	
343	650	
344	651	
342	652	
342	653	
344	654	
343	655	
342	656	
343	657	
342	658	
342	659	
343	660	
342	661	
342	662	
342	663	
342	664	
342	665	
340	666	
340	667	
340	668	
340	669	
340	670	
341	671	
340	672	
340	673	
339	674	
341	675	
341	676	
340	677	
340	678	
340	679	
341	680	
340	681	
341	682	
341	683	
342	684	
341	685	
340	686	
341	687	
342	688	
343	689	
342	690	
342	691	
341	692	
342	693	
342	694	
342	695	
342	696	
343	696	
341	697	
342	697	
343	698	
341	699	
342	699	
342	700	
342	701	
342	702	
342	703	
342	704	
343	705	
342	706	
342	707	
342	708	
343	709	
344	710	
344	711	
343	712	
342	713	
343	714	
343	715	
341	716	
343	716	
344	716	
342	717	
343	718	
343	719	
343	720	
343	721	
344	722	
344	723	
345	723	
343	724	
343	725	
344	725	
342	726	
345	727	
345	728	
343	729	
344	730	
344	731	
343	732	
343	733	
343	734	
343	735	
343	736	
343	737	
343	738	
344	739	
345	740	
345	741	
344	742	
344	743	
345	743	
344	744	
344	745	
344	746	
344	747	
344	748	
344	749	
344	750	
344	751	
344	752	
344	753	
344	754	
345	754	
345	755	
345	756	
344	757	
343	758	
345	759	
344	760	
344	761	
344	762	
344	763	
343	764	
344	764	
343	765	
343	766	
343	767	
344	768	
344	769	
344	770	
344	771	
343	772	
344	773	
344	774	
345	775	
345	776	
344	777	
345	777	
344	778	
344	779	
345	779	
345	780	
344	781	
345	782	
346	783	
345	784	
345	785	
345	786	
345	787	
346	788	
346	789	
346	790	
346	791	
346	792	
346	793	
346	794	
346	795	
346	796	
346	797	
347	798	
347	799	
348	799	
347	800	
347	801	
347	802	
348	803	
348	804	
347	805	
348	805	
348	806	
348	807	
349	808	
348	809	
348	810	
349	811	
349	812	
350	812	
350	813	
351	814	
351	815	
351	816	
351	817	
351	818	
350	819	
350	820	
351	821	
351	822	
353	823	
353	824	
355	825	
355	826	
353	827	
353	828	
355	829	
355	830	
355	831	
355	832	
355	833	
356	833	
356	834	
356	835	
356	836	
356	837	
355	838	
355	839	
356	840	
357	841	
357	842	
357	843	
356	844	
356	845	
356	846	
357	847	
357	848	
357	849	
357	850	
357	851	
357	852	
356	853	
356	854	
356	855	
355	856	
356	857	
356	858	
356	859	
356	860	
357	861	
357	862	
358	863	
356	864	
356	865	
356	866	
356	867	
356	868	
357	869	
357	870	
358	870	
358	871	
358	872	
358	873	
358	874	
358	875	
357	876	
356	877	
356	878	
357	879	
358	880	
357	881	
357	882	
357	883	
357	884	
356	885	
359	886	
359	887	
358	888	
358	889	
359	889	
359	890	
359	891	
357	892	
357	893	
357	894	
358	895	
359	896	
359	897	
359	898	
359	899	
359	900	
359	901	
359	902	
358	903	
358	904	
357	905	
358	905	
360	906	
361	907	
360	908	
359	909	
359	910	
360	911	
360	912	
361	913	
361	914	
361	915	
361	916	
361	917	
361	918	
352	1007	
340	1082	
340	1083	
340	1084	
342	1088	
342	1089	
342	1097	
342	1098	
340	1099	
340	1100	
