365	302	
365	303	
365	304	
365	305	
365	306	
364	307	
363	308	
363	310	
363	311	
364	312	
363	313	
363	314	
364	314	
363	315	
363	316	
363	317	
364	318	
364	319	
364	320	
364	321	
363	322	
364	322	
363	323	
364	324	
365	325	
364	326	
365	327	
365	328	
365	329	
365	330	
365	331	
365	332	
365	333	
365	334	
365	335	
364	336	
364	337	
364	338	
364	339	
365	340	
365	341	
365	342	
364	343	
364	344	
365	344	
364	345	
364	346	
364	347	
365	348	
364	349	
364	350	
364	351	
364	352	
363	353	
364	353	
363	354	
364	355	
363	356	
364	357	
363	358	
363	359	
363	360	
363	361	
364	362	
363	363	
363	364	
363	365	
364	366	
364	367	
364	368	
363	369	
363	370	
363	371	
363	372	
363	373	
363	374	
363	375	
363	376	
363	377	
363	378	
363	379	
361	380	
361	381	
363	382	
363	383	
363	384	
363	385	
363	386	
362	387	
361	388	
363	397	
363	398	
361	399	
361	400	
353	402	
353	403	
353	404	
355	405	
355	406	
353	407	
353	408	
353	409	
351	410	
353	411	
353	412	
351	413	
351	414	
353	415	
353	416	
353	417	
353	418	
353	419	
353	420	
353	421	
353	422	
351	423	
352	424	
352	425	
351	426	
352	427	
352	428	
352	429	
353	430	
352	431	
353	432	
353	433	
353	434	
353	435	
353	436	
353	437	
353	438	
353	439	
353	440	
353	441	
353	442	
353	443	
353	444	
353	445	
354	445	
354	446	
354	447	
354	448	
354	449	
354	450	
354	451	
354	452	
357	453	
356	454	
356	455	
356	456	
356	457	
356	458	
355	459	
355	460	
355	461	
355	462	
355	463	
355	464	
354	465	
356	466	
356	467	
354	468	
354	469	
354	470	
355	471	
355	472	
354	473	
355	473	
355	474	
355	475	
353	476	
354	476	
354	477	
355	478	
355	479	
355	480	
354	481	
354	482	
354	483	
354	484	
355	485	
355	486	
354	487	
355	487	
354	488	
354	489	
355	490	
356	491	
355	492	
355	493	
354	494	
355	494	
354	495	
354	496	
354	497	
355	498	
356	499	
355	500	
354	501	
354	502	
354	503	
355	504	
355	505	
355	506	
354	507	
355	508	
354	509	
354	510	
355	511	
356	511	
355	512	
356	513	
355	514	
356	515	
355	516	
355	517	
355	518	
355	519	
356	519	
355	520	
356	521	
356	522	
357	523	
355	524	
356	525	
357	526	
357	527	
356	528	
356	529	
356	530	
356	531	
357	532	
357	533	
357	534	
357	535	
358	536	
357	537	
357	538	
357	539	
356	540	
357	541	
356	542	
356	543	
357	544	
357	545	
355	546	
356	547	
355	548	
355	549	
355	550	
354	551	
354	552	
354	553	
355	553	
355	554	
355	555	
355	556	
355	557	
353	558	
351	559	
351	560	
352	561	
350	562	
351	563	
351	564	
349	565	
350	565	
350	566	
349	567	
349	568	
347	569	
348	570	
347	571	
347	572	
348	573	
347	574	
347	575	
347	576	
348	577	
347	578	
346	579	
346	580	
347	581	
346	582	
346	583	
346	584	
347	585	
346	586	
346	587	
346	588	
346	589	
345	590	
343	591	
343	592	
343	593	
344	594	
344	595	
343	596	
343	597	
343	598	
344	599	
344	600	
343	601	
344	602	
343	603	
344	604	
344	605	
344	606	
343	607	
344	608	
345	609	
346	610	
345	611	
346	611	
345	612	
345	613	
345	614	
345	615	
345	616	
346	617	
345	618	
346	619	
346	620	
346	621	
347	622	
348	622	
347	623	
346	624	
345	625	
344	626	
344	627	
344	628	
345	629	
345	630	
344	631	
346	632	
344	633	
345	634	
345	635	
344	636	
345	637	
345	638	
343	639	
346	639	
343	640	
344	641	
344	642	
345	643	
343	644	
345	644	
344	645	
343	646	
344	647	
343	648	
343	649	
344	650	
344	651	
343	652	
344	653	
344	654	
344	655	
344	656	
343	657	
342	658	
342	659	
342	660	
342	661	
341	662	
343	663	
342	664	
342	665	
341	666	
343	667	
342	668	
341	669	
342	670	
341	671	
342	671	
341	672	
341	673	
340	674	
340	675	
341	676	
341	677	
340	678	
340	679	
342	680	
342	681	
343	682	
342	683	
342	684	
341	685	
342	686	
342	687	
341	688	
341	689	
342	689	
342	690	
341	691	
341	692	
342	693	
343	694	
343	695	
342	696	
342	697	
342	698	
341	699	
342	700	
341	701	
342	702	
342	703	
342	704	
342	705	
342	706	
342	707	
342	708	
344	709	
343	710	
343	711	
344	712	
343	713	
344	714	
343	715	
344	716	
344	717	
344	718	
344	719	
344	720	
346	721	
346	722	
345	723	
346	724	
346	725	
345	726	
345	727	
344	728	
344	729	
344	730	
344	731	
344	732	
344	733	
344	734	
344	735	
344	736	
344	737	
345	737	
345	738	
344	739	
346	740	
344	741	
344	742	
344	743	
344	744	
344	745	
343	746	
344	746	
344	747	
343	748	
343	749	
343	750	
344	751	
345	751	
344	752	
344	753	
345	754	
343	755	
344	756	
344	757	
345	757	
344	758	
344	759	
344	760	
345	760	
344	761	
344	762	
344	763	
344	764	
345	764	
344	765	
345	765	
344	766	
344	767	
344	768	
344	769	
345	769	
345	770	
344	771	
345	772	
345	773	
345	774	
345	775	
346	775	
346	776	
346	777	
346	778	
345	779	
345	780	
346	780	
346	781	
346	782	
345	783	
346	784	
346	785	
346	786	
347	786	
348	787	
346	788	
347	788	
346	789	
346	790	
346	791	
346	792	
346	793	
346	794	
347	795	
348	796	
347	797	
348	797	
348	798	
348	799	
348	800	
348	801	
348	802	
349	803	
349	804	
349	805	
349	806	
350	807	
350	808	
350	809	
350	810	
350	811	
349	812	
350	812	
349	813	
349	814	
350	814	
350	815	
351	816	
352	817	
352	818	
352	819	
351	820	
353	821	
353	822	
353	823	
353	824	
353	825	
353	826	
355	827	
355	828	
355	829	
355	830	
355	831	
356	832	
356	833	
357	834	
357	835	
357	836	
356	837	
355	838	
356	838	
356	839	
357	840	
357	841	
357	842	
357	843	
357	844	
356	845	
357	846	
357	847	
356	848	
356	849	
356	850	
356	851	
356	852	
357	852	
357	853	
357	854	
357	855	
357	856	
358	856	
357	857	
356	858	
357	859	
357	860	
356	861	
356	862	
356	863	
358	864	
357	865	
357	866	
358	867	
357	868	
359	869	
359	870	
357	871	
358	872	
358	873	
359	873	
358	874	
357	875	
357	876	
357	877	
357	878	
357	879	
357	880	
357	881	
357	882	
358	883	
358	884	
357	885	
358	886	
358	887	
358	888	
358	889	
358	890	
359	891	
359	892	
359	893	
358	894	
358	895	
359	896	
359	897	
359	898	
359	899	
359	900	
359	901	
357	902	
357	903	
357	904	
358	905	
361	906	
361	907	
361	908	
360	909	
359	910	
359	911	
360	911	
361	911	
361	912	
359	913	
359	914	
359	915	
360	916	
361	917	
361	918	
361	919	
360	975	
361	975	
360	976	
354	1000	
355	1001	
340	1083	
340	1084	
341	1085	
342	1085	
340	1099	
