438	83	
438	84	
438	85	
438	89	
438	90	
438	91	
371	303	
371	304	
371	305	
371	306	
369	307	
369	308	
369	309	
370	310	
369	311	
370	311	
369	312	
369	313	
369	314	
369	315	
369	316	
369	317	
369	318	
369	319	
369	320	
370	321	
371	322	
370	323	
369	324	
369	325	
370	326	
371	327	
370	328	
371	328	
370	329	
370	330	
370	331	
370	332	
369	333	
370	334	
370	335	
370	336	
370	337	
369	338	
370	339	
370	340	
371	341	
370	342	
370	343	
370	344	
370	345	
370	346	
370	347	
370	348	
370	349	
370	350	
369	351	
370	351	
370	352	
370	353	
371	353	
369	354	
369	355	
369	356	
371	357	
370	358	
369	359	
369	360	
370	361	
370	362	
369	363	
370	363	
370	364	
370	365	
370	366	
369	367	
369	368	
370	369	
370	370	
370	371	
369	372	
367	373	
367	374	
369	375	
369	376	
369	377	
369	378	
369	379	
368	380	
369	380	
368	381	
368	403	
369	404	
368	405	
368	406	
367	407	
368	408	
368	409	
367	410	
359	411	
361	412	
361	413	
361	414	
359	415	
359	416	
359	417	
358	418	
359	419	
359	420	
359	421	
359	422	
360	423	
360	424	
360	425	
360	426	
359	427	
359	428	
360	429	
360	430	
360	431	
360	432	
361	432	
361	433	
361	434	
360	435	
360	436	
361	437	
361	438	
361	439	
361	440	
361	441	
361	442	
361	443	
361	444	
361	445	
362	446	
362	447	
362	448	
363	449	
363	450	
363	451	
363	452	
364	453	
363	454	
363	455	
363	456	
363	457	
362	458	
362	459	
362	460	
361	461	
362	461	
362	462	
362	463	
361	464	
361	465	
361	466	
361	467	
361	468	
361	469	
361	470	
361	471	
361	472	
361	473	
361	474	
361	475	
361	476	
362	477	
362	478	
361	479	
362	480	
360	481	
361	482	
361	483	
360	484	
361	485	
362	486	
361	487	
361	488	
361	489	
361	490	
361	491	
361	492	
361	493	
360	494	
360	495	
361	495	
361	496	
361	497	
362	498	
362	499	
361	500	
361	501	
361	502	
362	503	
361	504	
362	505	
361	506	
361	507	
362	508	
362	509	
362	510	
362	511	
361	512	
361	513	
363	514	
363	515	
362	516	
362	517	
362	518	
362	519	
364	520	
361	521	
362	522	
361	523	
361	524	
362	524	
362	525	
361	526	
362	527	
362	528	
363	529	
363	530	
362	531	
362	532	
362	533	
363	534	
361	535	
361	536	
362	536	
362	537	
360	538	
360	539	
361	540	
362	541	
361	542	
361	543	
361	544	
361	545	
361	546	
361	547	
361	548	
361	549	
360	550	
361	551	
361	552	
359	553	
360	553	
359	554	
360	554	
360	555	
359	556	
359	557	
359	558	
359	559	
360	560	
360	561	
360	562	
360	563	
359	564	
358	565	
358	566	
358	567	
358	568	
358	569	
357	570	
357	571	
353	572	
353	573	
354	574	
355	575	
355	576	
355	577	
351	578	
354	579	
353	580	
351	581	
351	582	
352	583	
354	583	
352	584	
352	585	
352	586	
352	587	
351	588	
352	589	
353	590	
353	591	
353	592	
351	593	
351	594	
352	594	
352	595	
352	596	
352	597	
352	598	
353	599	
352	600	
353	600	
352	601	
353	601	
353	602	
352	603	
352	604	
353	605	
352	606	
352	607	
353	608	
353	609	
352	610	
353	611	
352	612	
352	613	
352	614	
352	615	
352	616	
352	617	
352	618	
352	619	
351	620	
351	621	
352	622	
351	623	
351	624	
351	625	
353	626	
352	627	
351	628	
351	629	
352	630	
352	631	
351	632	
351	633	
351	634	
351	635	
350	636	
351	637	
350	638	
351	638	
351	639	
351	640	
350	641	
351	642	
350	643	
350	644	
349	645	
350	646	
350	647	
349	648	
349	649	
350	650	
350	651	
350	652	
350	653	
350	654	
351	654	
351	655	
350	656	
351	657	
350	658	
349	659	
349	660	
349	661	
349	662	
349	663	
348	664	
348	665	
349	666	
348	667	
348	668	
347	669	
347	670	
348	671	
349	671	
347	672	
347	673	
348	674	
347	675	
348	676	
348	677	
346	678	
347	679	
349	679	
346	680	
347	680	
347	681	
346	682	
347	683	
347	684	
348	685	
348	686	
346	687	
348	687	
347	688	
349	689	
347	690	
347	691	
348	691	
347	692	
347	693	
348	694	
348	695	
348	696	
347	697	
347	698	
348	699	
348	700	
348	701	
347	702	
347	703	
348	704	
348	705	
349	706	
349	707	
350	708	
349	709	
350	709	
349	710	
350	711	
349	712	
351	713	
350	714	
350	715	
351	716	
349	717	
350	717	
350	718	
350	719	
349	720	
349	721	
351	722	
350	723	
349	724	
349	725	
350	726	
349	727	
350	728	
350	729	
350	730	
351	731	
351	732	
352	732	
351	733	
351	734	
351	735	
350	736	
351	737	
351	738	
351	739	
350	740	
350	741	
350	742	
350	743	
350	744	
350	745	
350	746	
350	747	
350	748	
350	749	
350	750	
350	751	
351	752	
352	753	
351	754	
350	755	
351	755	
350	756	
351	757	
350	758	
350	759	
351	760	
350	761	
351	762	
350	763	
349	764	
351	764	
350	765	
350	766	
351	767	
351	768	
351	769	
351	770	
351	771	
350	772	
350	773	
351	774	
351	775	
352	775	
351	776	
352	777	
352	778	
352	779	
352	780	
352	781	
352	782	
352	783	
352	784	
352	785	
352	786	
351	787	
352	787	
353	788	
352	789	
353	789	
353	790	
353	791	
353	792	
353	793	
353	794	
353	795	
353	796	
353	797	
353	798	
352	799	
352	800	
354	801	
354	802	
356	803	
355	804	
355	805	
355	806	
355	807	
355	808	
355	809	
355	810	
354	811	
357	812	
357	813	
357	814	
357	815	
357	816	
358	817	
358	818	
358	819	
358	820	
358	821	
358	822	
359	822	
358	823	
359	824	
359	825	
360	826	
361	827	
361	828	
361	829	
362	830	
362	831	
361	832	
361	833	
363	834	
362	835	
362	836	
362	837	
362	838	
361	839	
361	840	
361	841	
361	842	
361	843	
361	844	
361	845	
362	846	
362	847	
362	848	
361	849	
360	850	
363	851	
362	852	
362	853	
362	854	
362	855	
363	856	
362	857	
363	857	
362	858	
362	859	
363	860	
363	861	
363	862	
362	863	
362	864	
363	864	
363	865	
363	866	
363	867	
363	868	
362	869	
363	870	
363	871	
363	872	
363	873	
363	874	
363	875	
363	876	
363	877	
364	878	
364	879	
364	880	
363	881	
362	882	
362	883	
363	884	
363	885	
363	886	
362	887	
363	888	
363	889	
364	890	
364	891	
364	892	
363	893	
363	894	
363	895	
363	896	
364	897	
364	898	
364	899	
364	900	
365	901	
365	902	
364	903	
364	904	
364	905	
364	906	
365	906	
365	907	
364	908	
364	909	
365	910	
365	911	
363	912	
365	913	
364	914	
363	915	
364	916	
365	917	
367	918	
367	977	
367	978	
365	982	
365	983	
364	985	
364	986	
359	1010	
359	1011	
352	1057	
351	1058	
350	1059	
350	1060	
349	1083	
348	1084	
348	1085	
348	1086	
346	1096	
346	1097	
346	1098	
348	1099	
348	1100	
346	1115	
346	1116	
346	1117	
348	1125	
