371	303	
371	304	
372	305	
373	306	
373	307	
371	308	
371	309	
371	310	
372	311	
372	312	
372	313	
372	314	
372	315	
372	316	
372	317	
372	318	
372	319	
372	320	
372	321	
372	322	
372	323	
372	324	
372	325	
373	326	
372	327	
372	328	
372	329	
373	330	
373	331	
373	332	
373	333	
373	334	
373	335	
372	336	
373	336	
372	337	
372	338	
373	339	
371	340	
371	341	
371	342	
372	343	
372	344	
372	345	
372	346	
372	347	
372	348	
372	349	
372	350	
372	351	
372	352	
372	353	
372	354	
372	355	
372	356	
371	357	
371	358	
371	359	
371	360	
372	361	
371	362	
372	363	
372	364	
372	365	
371	366	
371	367	
371	368	
371	369	
372	370	
372	371	
371	373	
370	374	
371	375	
372	375	
371	376	
371	377	
371	378	
371	379	
371	380	
371	381	
371	382	
369	389	
369	390	
369	391	
371	392	
369	393	
370	403	
371	404	
371	405	
369	406	
369	407	
369	408	
370	408	
370	409	
370	410	
370	411	
369	412	
369	413	
369	414	
369	415	
365	416	
363	417	
363	418	
361	419	
361	420	
363	421	
363	422	
361	423	
361	424	
361	425	
362	426	
361	427	
361	428	
363	429	
363	430	
363	431	
363	432	
363	433	
363	434	
365	435	
365	436	
364	437	
364	438	
365	439	
365	440	
364	441	
364	442	
365	443	
364	444	
364	445	
364	446	
364	447	
365	448	
365	449	
365	450	
365	451	
365	452	
364	453	
364	454	
365	455	
365	456	
364	457	
364	458	
364	459	
364	460	
364	461	
364	462	
364	463	
364	464	
364	465	
363	466	
363	467	
363	468	
363	469	
363	470	
363	471	
363	472	
363	473	
363	474	
363	475	
363	476	
363	477	
362	478	
363	479	
363	480	
363	481	
363	482	
363	483	
364	483	
363	484	
363	485	
363	486	
364	486	
363	487	
363	488	
363	489	
364	490	
363	491	
363	492	
363	493	
363	494	
364	495	
364	496	
363	497	
363	498	
364	498	
363	499	
364	499	
364	500	
363	501	
364	502	
364	503	
364	504	
363	505	
364	506	
365	507	
364	508	
364	509	
364	510	
365	511	
364	512	
364	513	
365	513	
364	514	
364	515	
365	516	
364	517	
364	518	
364	519	
363	520	
364	520	
366	521	
365	522	
365	523	
364	524	
365	525	
365	526	
364	527	
365	528	
365	529	
365	530	
366	531	
366	532	
365	533	
364	534	
364	535	
364	536	
364	537	
364	538	
364	539	
363	540	
363	541	
364	542	
364	543	
363	544	
364	545	
364	546	
364	547	
364	548	
363	549	
363	550	
362	551	
363	552	
362	553	
363	554	
363	555	
361	556	
361	557	
361	558	
361	559	
361	560	
361	561	
361	562	
362	563	
362	564	
361	565	
361	566	
359	567	
360	568	
360	569	
361	570	
361	571	
360	572	
359	573	
359	574	
358	575	
359	576	
358	577	
358	578	
357	579	
357	580	
357	581	
359	582	
359	583	
356	584	
355	585	
355	586	
355	587	
356	588	
357	588	
356	589	
355	590	
353	591	
353	592	
356	593	
355	594	
355	595	
355	596	
354	597	
355	598	
354	599	
354	600	
354	601	
354	602	
354	603	
355	604	
354	605	
354	606	
355	607	
353	608	
354	609	
355	610	
354	611	
354	612	
355	613	
354	614	
354	615	
355	615	
355	616	
355	617	
355	618	
355	619	
355	620	
355	621	
355	622	
355	623	
355	624	
353	625	
353	626	
353	627	
353	628	
353	629	
351	630	
353	631	
352	632	
352	633	
352	634	
351	635	
353	636	
352	637	
351	638	
352	638	
352	639	
352	640	
351	641	
352	641	
352	642	
352	643	
352	644	
352	645	
353	645	
353	646	
352	647	
351	648	
352	649	
352	650	
353	650	
351	651	
352	652	
353	653	
353	654	
352	655	
352	656	
352	657	
352	658	
352	659	
351	660	
353	661	
352	662	
351	663	
351	664	
350	665	
350	666	
351	666	
350	667	
350	668	
349	669	
349	670	
350	671	
350	672	
349	673	
350	674	
350	675	
349	676	
350	677	
351	678	
351	679	
351	680	
351	681	
350	682	
350	683	
351	684	
349	685	
350	686	
350	687	
349	688	
348	689	
347	690	
350	691	
349	692	
350	692	
350	693	
351	694	
349	695	
350	696	
350	697	
350	698	
350	699	
351	700	
351	701	
349	702	
349	703	
351	704	
349	705	
350	706	
351	707	
349	708	
352	708	
353	709	
352	710	
352	711	
352	712	
352	713	
352	714	
351	715	
352	715	
352	716	
352	717	
352	718	
352	719	
352	720	
353	721	
351	722	
352	723	
352	724	
352	725	
353	725	
352	726	
352	727	
352	728	
352	729	
352	730	
353	730	
352	731	
352	732	
352	733	
352	734	
352	735	
352	736	
352	737	
352	738	
352	739	
352	740	
351	741	
352	741	
351	742	
352	742	
352	743	
352	744	
352	745	
352	746	
352	747	
352	748	
352	749	
352	750	
353	751	
353	752	
353	753	
352	754	
353	754	
355	755	
352	756	
354	757	
353	758	
354	759	
352	760	
353	761	
352	762	
352	763	
352	764	
353	764	
353	765	
354	766	
353	767	
353	768	
353	769	
354	770	
352	771	
353	772	
353	773	
354	774	
354	775	
352	776	
352	777	
354	778	
353	779	
353	780	
354	781	
354	782	
354	783	
354	784	
355	785	
355	786	
354	787	
355	788	
356	789	
356	790	
355	791	
355	792	
354	793	
355	794	
356	795	
355	796	
355	797	
355	798	
355	799	
356	800	
356	801	
356	802	
357	803	
357	804	
357	805	
356	806	
358	807	
358	808	
358	809	
358	810	
358	811	
359	812	
358	813	
359	813	
358	814	
358	815	
358	816	
359	817	
360	818	
360	819	
361	819	
361	820	
360	821	
361	822	
361	823	
362	824	
362	825	
362	826	
362	827	
362	828	
362	829	
364	829	
364	830	
364	831	
364	832	
364	833	
364	834	
364	835	
364	836	
364	837	
365	837	
364	838	
364	839	
363	840	
364	840	
364	841	
364	842	
363	843	
363	844	
362	845	
365	846	
364	847	
364	848	
363	849	
363	850	
365	851	
364	852	
363	853	
363	854	
364	855	
364	856	
364	857	
363	858	
363	859	
364	860	
365	861	
365	862	
364	863	
364	864	
365	865	
365	866	
365	867	
365	868	
364	869	
364	870	
365	871	
366	872	
365	873	
365	874	
365	875	
364	876	
364	877	
365	877	
365	878	
365	879	
365	880	
364	881	
364	882	
364	883	
364	884	
364	885	
364	886	
365	887	
366	888	
366	889	
366	890	
366	891	
366	892	
366	893	
366	894	
365	895	
365	896	
366	897	
366	898	
365	899	
365	900	
365	901	
365	902	
365	903	
365	904	
365	905	
367	906	
366	907	
366	908	
366	909	
367	910	
367	911	
367	912	
367	913	
366	914	
367	915	
367	916	
365	917	
365	918	
369	978	
369	979	
367	983	
367	984	
367	992	
358	1030	
352	1071	
350	1075	
348	1104	
348	1105	
348	1106	
