440	87	
440	88	
373	301	
373	302	
373	303	
372	304	
371	305	
373	306	
373	307	
372	308	
372	309	
372	310	
372	311	
372	312	
372	313	
372	314	
373	315	
372	316	
372	317	
372	318	
372	319	
372	320	
372	321	
373	322	
373	323	
373	324	
372	325	
373	326	
373	327	
373	328	
372	329	
372	330	
372	331	
374	332	
374	333	
374	334	
374	335	
373	336	
373	337	
373	338	
374	339	
374	340	
374	341	
373	342	
373	343	
373	344	
372	345	
373	345	
372	346	
372	347	
373	348	
372	349	
372	350	
372	351	
373	352	
372	353	
372	354	
372	355	
373	356	
371	357	
373	357	
371	358	
371	359	
371	360	
372	361	
372	362	
373	363	
371	364	
371	365	
371	366	
372	367	
372	368	
372	369	
371	370	
371	371	
371	372	
369	373	
369	374	
371	375	
372	376	
371	377	
371	378	
371	379	
371	380	
371	381	
371	382	
371	388	
371	389	
371	390	
371	391	
371	392	
371	393	
371	394	
371	403	
371	404	
371	405	
370	406	
371	407	
372	408	
370	409	
370	410	
371	411	
371	412	
369	413	
369	414	
369	415	
369	416	
365	417	
365	418	
363	419	
363	420	
365	421	
365	422	
365	423	
363	424	
363	425	
363	426	
363	427	
365	428	
364	429	
365	429	
364	430	
363	431	
363	432	
365	433	
365	434	
365	435	
365	436	
365	437	
365	438	
365	439	
365	440	
365	441	
364	442	
364	443	
365	444	
366	445	
366	446	
366	447	
365	448	
365	449	
366	450	
365	451	
365	452	
365	453	
365	454	
365	455	
364	456	
363	457	
363	458	
363	459	
363	460	
363	461	
364	462	
364	463	
364	464	
364	465	
364	466	
363	467	
364	468	
363	469	
364	470	
364	471	
364	472	
364	473	
364	474	
363	475	
364	476	
363	477	
363	478	
364	479	
363	480	
363	481	
364	482	
363	483	
364	484	
363	485	
364	486	
363	487	
365	487	
364	488	
363	489	
364	490	
364	491	
364	492	
363	493	
364	493	
363	494	
363	495	
364	495	
364	496	
364	497	
364	498	
365	498	
364	499	
363	500	
365	500	
365	501	
364	502	
363	503	
363	504	
364	505	
363	506	
364	507	
364	508	
363	509	
364	510	
364	511	
364	512	
365	513	
364	514	
363	515	
364	516	
364	517	
365	518	
365	519	
365	520	
365	521	
365	522	
365	523	
364	524	
366	524	
365	525	
365	526	
365	527	
366	528	
365	529	
366	529	
366	530	
365	531	
365	532	
365	533	
366	533	
366	534	
366	535	
365	536	
365	537	
365	538	
364	539	
364	540	
364	541	
364	542	
363	543	
363	544	
363	545	
363	546	
363	547	
364	548	
363	549	
364	550	
363	551	
364	552	
363	553	
362	554	
363	555	
363	556	
364	556	
364	557	
363	558	
362	559	
363	560	
362	561	
361	562	
361	563	
362	564	
361	565	
361	566	
361	567	
361	568	
361	569	
361	570	
360	571	
361	571	
360	572	
360	573	
359	574	
360	575	
357	576	
357	577	
359	578	
359	579	
361	580	
357	581	
358	582	
358	583	
357	584	
357	585	
357	586	
358	586	
357	587	
357	588	
357	589	
358	589	
357	590	
356	591	
355	592	
356	593	
357	594	
357	595	
356	596	
356	597	
356	598	
357	598	
357	599	
356	600	
356	601	
357	602	
355	603	
355	604	
354	605	
355	606	
355	607	
355	608	
356	609	
354	610	
355	611	
355	612	
354	613	
354	614	
355	615	
355	616	
354	617	
355	618	
354	619	
354	620	
355	620	
353	621	
355	621	
354	622	
355	622	
354	623	
353	624	
354	625	
353	626	
353	627	
354	627	
353	628	
353	629	
354	630	
354	631	
352	632	
352	633	
353	633	
353	634	
352	635	
353	635	
353	636	
352	637	
353	638	
353	639	
353	640	
353	641	
352	642	
352	643	
353	644	
352	645	
352	646	
353	647	
353	648	
353	649	
353	650	
353	651	
352	652	
353	653	
352	654	
352	655	
353	656	
353	657	
353	658	
353	659	
352	660	
351	661	
352	662	
352	663	
352	664	
352	665	
352	666	
352	667	
352	668	
351	669	
351	670	
351	671	
350	672	
350	673	
349	674	
350	674	
350	675	
350	676	
350	677	
349	678	
350	679	
351	680	
351	681	
350	682	
349	683	
350	684	
349	685	
350	686	
351	687	
350	688	
350	689	
351	690	
351	691	
350	692	
350	693	
351	694	
350	695	
350	696	
351	697	
351	698	
351	699	
351	700	
350	701	
351	702	
351	703	
351	704	
351	705	
353	706	
353	707	
353	708	
354	708	
353	709	
354	709	
354	710	
353	711	
352	712	
352	713	
351	714	
352	714	
352	715	
352	716	
352	717	
353	718	
353	719	
352	720	
353	721	
352	722	
352	723	
353	723	
353	724	
353	725	
352	726	
353	727	
352	728	
353	729	
353	730	
353	731	
352	732	
353	732	
354	732	
353	733	
353	734	
353	735	
353	736	
353	737	
353	738	
353	739	
352	740	
353	741	
351	742	
352	743	
352	744	
352	745	
352	746	
352	747	
353	747	
353	748	
353	749	
353	750	
353	751	
353	752	
354	753	
352	754	
354	754	
353	755	
353	756	
354	757	
352	758	
353	758	
352	759	
353	759	
354	759	
352	760	
352	761	
352	762	
352	763	
355	764	
354	765	
353	766	
354	767	
354	768	
354	769	
355	770	
356	771	
355	772	
354	773	
355	773	
355	774	
355	775	
355	776	
354	777	
354	778	
354	779	
354	780	
354	781	
354	782	
354	783	
354	784	
355	785	
356	786	
355	787	
355	788	
355	789	
355	790	
355	791	
354	792	
354	793	
356	794	
355	795	
356	796	
356	797	
356	798	
357	798	
358	798	
356	799	
357	800	
357	801	
358	801	
358	802	
357	803	
357	804	
357	805	
357	806	
358	807	
358	808	
358	809	
358	810	
358	811	
358	812	
359	813	
360	814	
358	815	
361	816	
361	817	
361	818	
361	819	
362	820	
362	821	
361	822	
361	823	
361	824	
362	824	
361	825	
364	826	
364	827	
363	828	
363	829	
364	830	
364	831	
365	832	
364	833	
364	834	
364	835	
364	836	
364	837	
365	838	
363	839	
363	840	
364	841	
364	842	
364	843	
364	844	
364	845	
363	846	
364	847	
364	848	
364	849	
364	850	
365	851	
365	852	
365	853	
365	854	
365	855	
364	856	
363	857	
363	858	
365	859	
365	860	
365	861	
366	861	
365	862	
365	863	
365	864	
365	865	
364	866	
364	867	
364	868	
365	869	
365	870	
364	871	
365	872	
364	873	
365	873	
364	874	
367	875	
366	876	
364	877	
364	878	
363	879	
364	880	
365	881	
364	882	
364	883	
365	884	
365	885	
365	886	
365	887	
365	888	
365	889	
365	890	
365	891	
366	892	
366	893	
365	894	
365	895	
365	896	
365	897	
365	898	
366	898	
365	899	
365	900	
367	901	
367	902	
366	903	
366	904	
367	905	
367	906	
367	907	
365	908	
365	909	
365	910	
366	911	
367	912	
367	913	
367	914	
367	915	
367	916	
368	917	
369	918	
367	919	
368	979	
368	980	
363	1007	
363	1008	
352	1073	
