189	518	
191	519	
191	520	
189	521	
189	522	
189	523	
191	524	
189	525	
189	526	
189	527	
189	528	
189	529	
189	530	
189	531	
189	532	
189	533	
187	534	
187	535	
187	536	
187	537	
187	538	
186	539	
186	540	
187	540	
187	541	
187	542	
187	543	
185	544	
185	545	
187	545	
187	546	
186	547	
184	548	
185	549	
185	550	
185	551	
184	552	
186	553	
185	554	
185	555	
184	556	
184	557	
184	558	
184	559	
183	560	
181	561	
181	562	
183	563	
184	563	
183	564	
181	565	
181	566	
183	567	
183	568	
183	569	
183	570	
182	571	
182	572	
182	573	
181	574	
181	575	
183	576	
183	577	
181	578	
183	579	
183	580	
183	581	
183	582	
185	600	
183	601	
183	602	
185	603	
185	604	
185	605	
182	606	
184	607	
184	608	
184	609	
183	610	
183	611	
183	612	
183	613	
179	618	
179	619	
179	620	
180	620	
181	622	
178	623	
175	624	
179	634	
181	639	
181	640	
181	641	
181	642	
181	643	
181	644	
181	645	
181	646	
179	647	
180	647	
179	648	
179	649	
179	650	
181	651	
182	652	
180	653	
181	653	
180	654	
180	655	
181	656	
181	657	
182	658	
182	659	
183	660	
183	661	
183	662	
183	663	
183	664	
182	665	
181	666	
182	666	
181	667	
182	667	
182	668	
182	669	
182	670	
182	671	
182	672	
183	672	
184	673	
184	674	
184	675	
184	676	
184	677	
182	678	
185	679	
185	680	
185	681	
185	682	
185	683	
185	684	
184	685	
184	686	
184	687	
187	688	
184	689	
185	690	
185	691	
185	692	
185	693	
185	694	
189	695	
189	696	
187	697	
187	698	
187	699	
187	700	
188	701	
188	702	
188	703	
189	704	
189	705	
189	706	
188	707	
187	708	
189	710	
