440	46	
440	47	
440	48	
440	49	
444	95	
376	303	
375	304	
375	305	
375	306	
375	307	
375	308	
375	309	
375	310	
377	311	
376	312	
375	313	
375	314	
375	315	
375	316	
375	317	
375	318	
375	319	
374	320	
373	321	
375	322	
375	323	
375	324	
375	325	
375	326	
375	327	
375	328	
375	329	
375	330	
376	331	
376	332	
376	333	
376	334	
376	335	
376	336	
376	337	
375	338	
375	339	
375	340	
375	341	
375	342	
375	343	
376	343	
375	344	
375	345	
376	346	
376	347	
375	348	
375	349	
375	350	
376	351	
375	352	
376	352	
375	353	
376	353	
375	354	
376	355	
376	356	
375	357	
375	358	
376	359	
376	360	
375	361	
375	362	
375	363	
375	364	
375	365	
375	366	
375	367	
375	368	
376	369	
376	370	
375	371	
375	372	
375	373	
374	374	
375	375	
375	376	
375	377	
375	378	
374	379	
373	380	
374	381	
375	382	
374	387	
374	388	
375	389	
375	390	
374	391	
373	392	
373	393	
373	394	
373	395	
373	396	
373	401	
373	402	
373	403	
372	404	
373	405	
373	406	
373	407	
374	408	
374	409	
374	410	
373	411	
374	411	
373	412	
373	413	
374	414	
373	415	
373	416	
373	417	
373	418	
372	419	
372	420	
371	421	
370	422	
369	423	
375	424	
369	425	
369	426	
369	427	
369	428	
369	429	
369	430	
369	431	
369	432	
369	433	
369	434	
369	435	
369	436	
370	437	
370	438	
369	439	
369	440	
369	441	
370	442	
370	443	
369	444	
369	445	
369	446	
369	447	
369	448	
369	449	
369	450	
369	451	
367	452	
367	453	
367	454	
368	455	
368	456	
367	457	
367	458	
367	459	
366	460	
367	460	
367	461	
367	462	
368	463	
367	464	
368	465	
367	466	
367	467	
368	467	
366	468	
366	469	
366	470	
366	471	
367	472	
367	473	
367	474	
365	475	
367	475	
367	476	
367	477	
367	478	
366	479	
367	479	
366	480	
366	481	
365	482	
367	483	
365	484	
367	485	
367	486	
367	487	
367	488	
367	489	
368	490	
367	491	
367	492	
368	493	
368	494	
368	495	
367	496	
367	497	
367	498	
367	499	
368	500	
368	501	
367	502	
368	503	
368	504	
368	505	
368	506	
369	507	
368	508	
367	509	
368	510	
368	511	
367	512	
368	512	
368	513	
368	514	
369	515	
369	516	
368	517	
369	517	
368	518	
368	519	
368	520	
369	520	
368	521	
369	521	
369	522	
369	523	
368	524	
368	525	
369	526	
370	527	
370	528	
369	529	
369	530	
369	531	
369	532	
369	533	
368	534	
368	535	
368	536	
368	537	
368	538	
368	539	
367	540	
367	541	
366	542	
367	543	
366	544	
366	545	
365	546	
364	547	
365	548	
366	549	
366	550	
365	551	
366	552	
366	553	
366	554	
366	555	
366	556	
366	557	
366	558	
366	559	
365	560	
365	561	
366	561	
365	562	
363	563	
364	564	
366	565	
366	566	
364	567	
365	568	
364	569	
364	570	
364	571	
364	572	
363	573	
362	574	
362	575	
363	575	
362	576	
362	577	
363	577	
362	578	
362	579	
363	580	
361	581	
361	582	
361	583	
362	584	
361	585	
361	586	
361	587	
361	588	
361	589	
360	590	
360	591	
360	592	
360	593	
360	594	
360	595	
360	596	
359	597	
359	598	
360	598	
360	599	
359	600	
358	601	
357	602	
358	603	
358	604	
357	605	
358	606	
358	607	
358	608	
358	609	
357	610	
358	611	
358	612	
358	613	
359	614	
358	615	
357	616	
357	617	
355	618	
356	618	
356	619	
358	620	
357	621	
356	622	
358	622	
356	623	
357	624	
357	625	
357	626	
357	627	
357	628	
357	629	
357	630	
357	631	
357	632	
356	633	
355	634	
355	635	
357	636	
355	637	
357	638	
356	639	
356	640	
357	641	
356	642	
357	643	
357	644	
356	645	
356	646	
356	647	
355	648	
355	649	
354	650	
355	651	
355	652	
354	653	
356	653	
354	654	
355	654	
356	654	
357	655	
356	656	
357	656	
356	657	
356	658	
355	659	
355	660	
355	661	
355	662	
356	663	
356	664	
355	665	
354	666	
354	667	
355	668	
354	669	
353	670	
353	671	
352	672	
352	673	
352	674	
352	675	
352	676	
352	677	
353	677	
352	678	
353	679	
351	680	
354	681	
352	682	
352	683	
352	684	
353	685	
352	686	
353	687	
354	688	
353	689	
354	690	
352	691	
353	692	
353	693	
354	694	
352	695	
355	696	
355	697	
355	698	
355	699	
356	700	
355	701	
356	701	
355	702	
355	703	
354	704	
354	705	
355	706	
354	707	
354	708	
353	709	
353	710	
353	711	
354	712	
354	713	
356	714	
356	715	
355	716	
356	717	
356	718	
355	719	
356	720	
356	721	
356	722	
356	723	
356	724	
356	725	
355	726	
356	727	
356	728	
357	729	
356	730	
357	731	
357	732	
356	733	
357	734	
357	735	
358	736	
356	737	
357	737	
357	738	
356	739	
357	739	
357	740	
356	741	
356	742	
357	742	
356	743	
356	744	
356	745	
357	746	
356	747	
357	748	
356	749	
356	750	
356	751	
357	752	
356	753	
355	754	
355	755	
357	755	
356	756	
357	756	
356	757	
356	758	
357	758	
356	759	
357	760	
356	761	
356	762	
356	763	
356	764	
357	764	
356	765	
357	766	
356	767	
357	768	
357	769	
357	770	
357	771	
357	772	
357	773	
357	774	
357	775	
357	776	
358	777	
357	778	
357	779	
357	780	
357	781	
357	782	
358	783	
358	784	
358	785	
358	786	
359	786	
358	787	
358	788	
358	789	
360	790	
359	791	
359	792	
359	793	
360	794	
360	795	
359	796	
358	797	
361	798	
360	799	
359	800	
360	801	
360	802	
360	803	
359	804	
359	805	
359	806	
361	807	
361	808	
361	809	
362	810	
362	811	
361	812	
362	812	
362	813	
361	814	
363	815	
363	816	
363	817	
363	818	
365	819	
365	820	
364	821	
364	822	
365	823	
365	824	
365	825	
366	826	
366	827	
367	828	
367	829	
367	830	
366	831	
366	832	
366	833	
367	833	
366	834	
367	834	
367	835	
367	836	
367	837	
367	838	
367	839	
367	840	
367	841	
367	842	
366	843	
367	843	
367	844	
366	845	
365	846	
365	847	
367	848	
367	849	
367	850	
367	851	
367	852	
367	853	
367	854	
368	854	
367	855	
367	856	
367	857	
369	858	
368	859	
368	860	
368	861	
368	862	
368	863	
367	864	
368	865	
369	866	
368	867	
368	868	
368	869	
369	869	
369	870	
369	871	
368	872	
369	872	
368	873	
368	874	
368	875	
368	876	
368	877	
368	878	
368	879	
368	880	
368	881	
368	882	
368	883	
368	884	
367	885	
368	886	
369	887	
369	888	
369	889	
368	890	
369	890	
368	891	
369	892	
368	893	
369	894	
369	895	
369	896	
369	897	
369	898	
369	899	
368	900	
368	901	
368	902	
368	903	
369	904	
370	905	
370	906	
369	907	
369	908	
369	909	
370	910	
369	911	
369	912	
369	913	
370	914	
369	915	
368	916	
370	917	
371	918	
371	919	
371	985	
370	986	
370	987	
369	996	
352	1092	
352	1093	
352	1094	
353	1095	
353	1096	
354	1103	
354	1104	
352	1105	
352	1106	
