442	47	
444	70	
446	87	
446	88	
379	306	
379	307	
378	308	
377	309	
377	310	
377	311	
377	312	
377	313	
377	314	
377	315	
378	316	
378	317	
378	318	
377	319	
377	320	
377	321	
377	322	
377	323	
377	324	
377	325	
377	326	
377	327	
377	328	
378	329	
378	330	
378	331	
377	332	
377	333	
377	334	
378	334	
377	335	
377	336	
377	337	
377	338	
378	339	
378	340	
377	341	
377	342	
377	343	
377	344	
377	345	
377	346	
378	347	
378	348	
378	349	
378	350	
377	351	
378	351	
378	352	
377	353	
377	354	
378	355	
378	356	
378	357	
378	358	
378	359	
378	360	
378	361	
377	362	
377	363	
377	364	
377	365	
378	366	
378	367	
378	368	
378	369	
377	370	
378	370	
378	371	
377	372	
377	373	
377	374	
377	375	
377	376	
377	377	
377	378	
377	379	
377	380	
377	381	
377	382	
375	403	
375	404	
376	405	
376	406	
377	407	
375	408	
376	409	
376	410	
375	411	
375	412	
375	413	
375	414	
375	415	
375	416	
375	417	
375	418	
374	419	
373	420	
374	421	
375	422	
375	423	
375	424	
375	425	
374	426	
373	427	
373	428	
374	428	
373	429	
373	430	
373	431	
374	432	
373	433	
373	434	
373	435	
372	436	
373	437	
372	438	
372	439	
372	440	
372	441	
372	442	
371	443	
371	444	
371	445	
369	446	
371	447	
371	448	
371	449	
369	450	
369	451	
369	452	
369	453	
369	454	
369	455	
369	456	
369	457	
369	458	
369	459	
369	460	
369	461	
369	462	
369	463	
369	464	
369	465	
369	466	
369	467	
369	468	
369	469	
369	470	
369	471	
369	472	
369	473	
368	474	
369	475	
369	476	
370	477	
369	478	
369	479	
370	480	
369	481	
369	482	
369	483	
370	484	
370	485	
369	486	
370	487	
370	488	
368	489	
370	489	
369	490	
369	491	
369	492	
369	493	
370	493	
369	494	
369	495	
369	496	
369	497	
370	498	
370	499	
369	500	
369	501	
370	502	
370	503	
369	504	
370	505	
370	506	
369	507	
370	508	
371	508	
370	509	
370	510	
369	511	
370	512	
371	513	
371	514	
371	515	
371	516	
370	517	
371	517	
370	518	
370	519	
371	520	
371	521	
370	522	
371	523	
372	524	
371	525	
371	526	
372	527	
372	528	
372	529	
371	530	
371	531	
373	531	
372	532	
371	533	
371	534	
371	535	
370	536	
370	537	
371	538	
371	539	
367	540	
369	541	
369	542	
369	543	
367	544	
367	545	
366	546	
367	547	
367	548	
368	549	
366	550	
368	551	
367	552	
367	553	
368	554	
366	555	
368	556	
367	557	
368	557	
368	558	
369	559	
369	560	
368	561	
367	562	
367	563	
368	564	
366	565	
367	565	
366	566	
367	567	
366	568	
366	569	
367	569	
366	570	
366	571	
365	572	
365	573	
366	573	
366	574	
365	575	
365	576	
365	577	
366	578	
366	579	
365	580	
365	581	
365	582	
364	583	
364	584	
364	585	
365	586	
363	587	
363	588	
363	589	
363	590	
363	591	
363	592	
362	593	
362	594	
362	595	
362	596	
362	597	
362	598	
362	599	
362	600	
361	601	
362	602	
362	603	
361	604	
361	605	
361	606	
361	607	
360	608	
360	609	
359	610	
359	611	
359	612	
360	612	
359	613	
360	613	
360	614	
360	615	
359	616	
360	617	
360	618	
359	619	
360	620	
361	621	
360	622	
359	623	
360	623	
359	624	
359	625	
359	626	
358	627	
360	628	
360	629	
360	630	
359	631	
359	632	
359	633	
359	634	
360	635	
360	636	
358	637	
359	638	
359	639	
357	640	
359	641	
359	642	
358	643	
357	644	
357	645	
358	646	
358	647	
359	647	
359	648	
359	649	
358	650	
359	650	
359	651	
358	652	
358	653	
358	654	
357	655	
358	656	
358	657	
357	658	
358	659	
358	660	
357	661	
357	662	
358	663	
358	664	
359	665	
358	666	
358	667	
358	668	
358	669	
358	670	
357	671	
355	672	
356	673	
355	674	
356	675	
355	676	
356	677	
355	678	
356	679	
357	679	
357	680	
356	681	
357	681	
358	682	
356	683	
357	683	
355	684	
355	685	
354	686	
355	687	
356	688	
356	689	
355	690	
357	691	
355	692	
356	693	
357	694	
356	695	
357	696	
358	697	
357	698	
357	699	
358	700	
356	701	
357	702	
357	703	
356	704	
357	705	
358	705	
358	706	
357	707	
357	708	
357	709	
358	710	
357	711	
358	712	
358	713	
358	714	
359	715	
358	716	
359	716	
358	717	
359	718	
357	719	
359	720	
359	721	
358	722	
358	723	
358	724	
359	725	
359	726	
359	727	
358	728	
358	729	
359	730	
358	731	
359	731	
358	732	
358	733	
358	734	
358	735	
358	736	
358	737	
358	738	
358	739	
357	740	
358	741	
358	742	
358	743	
358	744	
358	745	
359	746	
358	747	
359	748	
359	749	
360	750	
360	751	
360	752	
359	753	
359	754	
359	755	
360	756	
358	757	
358	758	
357	759	
358	759	
357	760	
360	761	
359	762	
359	763	
358	764	
359	765	
359	766	
360	766	
359	767	
357	768	
358	769	
358	770	
360	771	
360	772	
360	773	
360	774	
360	775	
360	776	
360	777	
359	778	
360	779	
361	780	
360	781	
361	781	
360	782	
359	783	
360	783	
361	783	
359	784	
360	785	
360	786	
360	787	
361	787	
361	788	
362	788	
360	789	
361	790	
361	791	
360	792	
360	793	
361	794	
361	795	
363	796	
361	797	
361	798	
364	799	
364	800	
362	801	
362	802	
363	803	
363	804	
363	805	
364	806	
365	807	
362	808	
362	809	
363	810	
365	811	
365	812	
365	813	
365	814	
366	815	
366	816	
365	817	
365	818	
365	819	
365	820	
369	821	
368	822	
367	823	
367	824	
368	825	
368	826	
369	826	
369	827	
369	828	
369	829	
369	830	
369	831	
368	832	
369	833	
369	834	
369	835	
369	836	
369	837	
369	838	
369	839	
369	840	
369	841	
370	842	
369	843	
369	844	
369	845	
370	846	
369	847	
369	848	
369	849	
369	850	
369	851	
370	852	
369	853	
369	854	
370	855	
370	856	
370	857	
369	858	
370	859	
370	860	
370	861	
370	862	
369	863	
371	864	
371	865	
371	866	
371	867	
370	868	
370	869	
370	870	
370	871	
369	872	
369	873	
369	874	
370	875	
370	876	
371	876	
370	877	
369	878	
370	879	
370	880	
370	881	
371	882	
371	883	
371	884	
369	885	
369	886	
370	886	
370	887	
370	888	
371	889	
371	890	
370	891	
370	892	
370	893	
370	894	
370	895	
371	896	
369	897	
369	898	
371	899	
370	900	
370	901	
370	902	
371	902	
371	903	
371	904	
370	905	
370	906	
371	907	
371	908	
371	909	
370	910	
373	911	
373	912	
373	913	
373	914	
373	915	
372	916	
372	917	
372	918	
372	919	
373	920	
373	986	
373	989	
373	990	
373	991	
373	992	
373	993	
373	994	
366	1015	
366	1016	
363	1034	
360	1047	
360	1048	
361	1050	
358	1064	
358	1085	
357	1086	
356	1087	
356	1088	
356	1089	
356	1090	
356	1091	
354	1093	
354	1094	
354	1095	
354	1096	
354	1097	
354	1098	
354	1099	
354	1103	
355	1115	
355	1121	
358	1144	
358	1145	
