383	308	
383	309	
383	310	
381	311	
383	311	
383	312	
383	313	
383	314	
382	315	
381	316	
382	317	
382	318	
382	319	
382	320	
382	321	
382	322	
382	323	
382	324	
382	325	
382	326	
382	327	
382	328	
382	329	
383	330	
384	331	
383	332	
384	332	
383	333	
384	334	
384	335	
384	336	
384	337	
383	338	
384	338	
383	339	
383	340	
383	341	
382	342	
382	343	
383	344	
383	345	
383	346	
382	347	
383	348	
383	349	
384	350	
384	351	
384	352	
383	353	
384	353	
384	354	
384	355	
383	356	
384	357	
384	358	
384	359	
383	360	
382	361	
383	361	
383	362	
383	363	
383	364	
383	365	
383	366	
383	367	
383	368	
383	369	
383	370	
383	371	
382	372	
383	375	
383	376	
383	377	
383	378	
383	379	
381	380	
381	381	
381	382	
381	383	
381	384	
381	385	
381	386	
382	387	
383	388	
380	403	
381	404	
381	405	
382	405	
382	406	
381	407	
382	408	
381	409	
381	410	
381	411	
382	412	
382	413	
382	414	
381	415	
381	416	
381	417	
380	418	
381	418	
381	419	
381	420	
380	421	
380	422	
380	423	
380	424	
379	425	
379	426	
379	427	
379	428	
379	429	
379	430	
379	431	
379	432	
379	433	
377	434	
377	435	
377	436	
377	437	
377	438	
377	439	
377	440	
377	441	
376	442	
375	443	
375	444	
375	445	
373	446	
373	447	
373	448	
375	449	
375	450	
374	451	
373	452	
374	452	
373	453	
373	454	
373	455	
375	456	
373	457	
373	458	
373	459	
373	460	
374	461	
374	462	
373	463	
373	464	
373	465	
373	466	
373	467	
373	468	
373	469	
373	470	
373	471	
373	472	
372	473	
372	474	
373	475	
374	476	
373	477	
373	478	
373	479	
373	480	
374	481	
373	482	
375	483	
375	484	
375	485	
374	486	
373	487	
373	488	
374	489	
375	490	
375	491	
375	492	
375	493	
374	494	
375	495	
374	496	
375	496	
374	497	
375	498	
375	499	
374	500	
375	501	
375	502	
375	503	
375	504	
376	505	
375	506	
375	507	
375	508	
375	509	
376	509	
375	510	
375	511	
375	512	
376	512	
376	513	
376	514	
377	515	
376	516	
376	517	
377	517	
375	518	
376	519	
376	520	
375	521	
376	522	
376	523	
376	524	
375	525	
376	526	
377	527	
375	528	
377	529	
378	530	
376	531	
376	532	
375	533	
375	534	
376	534	
375	535	
375	536	
375	537	
375	538	
375	539	
373	540	
374	540	
375	540	
375	541	
374	542	
373	543	
373	544	
373	545	
373	546	
372	547	
371	548	
371	549	
371	550	
373	551	
371	552	
372	553	
371	554	
373	555	
372	556	
372	557	
373	558	
373	559	
371	560	
371	561	
372	562	
371	563	
371	564	
371	565	
371	566	
371	567	
371	568	
371	569	
370	570	
370	571	
369	572	
370	573	
370	574	
370	575	
371	575	
371	576	
369	577	
369	578	
369	579	
369	580	
370	580	
369	581	
370	581	
369	582	
369	583	
369	584	
370	585	
369	586	
369	587	
368	588	
367	589	
369	589	
368	590	
368	591	
368	592	
368	593	
369	594	
368	595	
369	595	
368	596	
368	597	
368	598	
368	599	
367	600	
368	601	
367	602	
367	603	
367	604	
367	605	
366	606	
366	607	
367	607	
367	608	
366	609	
367	609	
365	610	
366	610	
368	610	
366	611	
367	611	
365	612	
366	612	
367	612	
366	613	
367	614	
365	615	
365	616	
365	617	
363	618	
363	619	
363	620	
364	621	
363	622	
364	623	
364	624	
365	625	
364	626	
364	627	
363	628	
364	629	
363	630	
363	631	
363	632	
363	633	
362	634	
361	635	
361	636	
362	637	
363	638	
362	639	
363	640	
363	641	
362	642	
364	643	
363	644	
363	645	
363	646	
364	646	
362	647	
363	647	
363	648	
363	649	
363	650	
363	651	
364	651	
363	652	
363	653	
363	654	
362	655	
363	656	
363	657	
362	658	
363	659	
361	660	
362	660	
361	661	
363	662	
362	663	
362	664	
362	665	
362	666	
363	666	
363	667	
363	668	
363	669	
361	670	
361	671	
361	672	
361	673	
362	674	
362	675	
361	676	
361	677	
361	678	
362	678	
361	679	
362	679	
361	680	
361	681	
362	682	
361	683	
361	684	
360	685	
360	686	
361	687	
361	688	
362	689	
362	690	
361	691	
362	692	
361	693	
360	694	
360	695	
361	695	
361	696	
361	697	
361	698	
362	699	
363	700	
362	701	
362	702	
362	703	
362	704	
363	705	
361	706	
362	707	
363	708	
362	709	
363	710	
362	711	
363	712	
362	713	
361	714	
361	715	
365	716	
365	717	
365	718	
364	719	
365	720	
364	721	
365	721	
364	722	
364	723	
364	724	
363	725	
365	726	
364	727	
364	728	
363	729	
364	730	
364	731	
365	732	
364	733	
363	734	
364	735	
364	736	
363	737	
364	738	
363	739	
363	740	
363	741	
364	742	
364	743	
364	744	
364	745	
364	746	
365	747	
364	748	
365	749	
365	750	
364	751	
365	752	
364	753	
365	753	
364	754	
365	755	
365	756	
365	757	
364	758	
365	759	
364	760	
364	761	
364	762	
364	763	
363	764	
364	765	
364	766	
364	767	
364	768	
364	769	
365	770	
365	771	
366	772	
366	773	
365	774	
365	775	
365	776	
365	777	
365	778	
366	779	
366	780	
367	781	
366	782	
364	783	
367	784	
367	785	
367	786	
367	787	
368	788	
366	789	
367	789	
366	790	
367	790	
367	791	
367	792	
366	793	
366	794	
367	795	
367	796	
367	797	
368	798	
367	799	
367	800	
368	801	
368	802	
368	803	
368	804	
368	805	
368	806	
369	807	
370	808	
369	809	
370	809	
369	810	
371	811	
371	812	
371	813	
371	814	
369	815	
369	816	
370	817	
373	818	
373	819	
373	820	
373	821	
371	822	
374	823	
374	824	
374	825	
373	826	
374	826	
375	827	
375	828	
375	829	
375	830	
375	831	
374	832	
374	833	
374	834	
374	835	
375	836	
372	837	
373	838	
374	839	
373	840	
374	841	
374	842	
374	843	
373	844	
374	845	
375	846	
374	847	
374	848	
373	849	
374	850	
373	851	
373	852	
374	853	
375	853	
375	854	
375	855	
375	856	
375	857	
375	858	
375	859	
375	860	
374	861	
374	862	
375	863	
375	864	
375	865	
375	866	
375	867	
375	868	
375	869	
376	870	
374	871	
374	872	
374	873	
375	874	
375	875	
376	876	
376	877	
375	878	
375	879	
374	880	
374	881	
374	882	
373	883	
373	884	
375	885	
375	886	
376	887	
375	888	
375	889	
375	890	
375	891	
375	892	
375	893	
375	894	
375	895	
376	896	
376	897	
375	898	
376	899	
377	900	
376	901	
375	902	
376	902	
375	903	
375	904	
376	904	
376	905	
377	906	
377	907	
376	908	
377	908	
376	909	
376	910	
376	911	
376	912	
376	913	
376	914	
377	915	
377	916	
375	917	
375	918	
375	919	
377	920	
377	1001	
376	1002	
369	1025	
368	1026	
366	1044	
366	1045	
366	1046	
366	1047	
364	1050	
364	1056	
362	1075	
362	1076	
360	1077	
360	1078	
360	1083	
360	1084	
360	1085	
360	1086	
360	1087	
362	1091	
361	1092	
360	1093	
360	1094	
362	1095	
362	1096	
362	1097	
361	1098	
360	1099	
360	1100	
360	1101	
