454	53	
454	54	
456	81	
389	312	
389	313	
389	314	
389	315	
387	316	
387	317	
387	318	
387	319	
387	320	
387	321	
387	322	
388	323	
387	324	
388	325	
388	326	
388	327	
388	328	
388	329	
388	330	
389	331	
389	332	
389	333	
389	334	
389	335	
389	336	
388	337	
389	337	
388	338	
389	339	
389	340	
389	341	
389	342	
389	343	
390	344	
389	345	
390	346	
389	347	
389	348	
389	349	
389	350	
389	351	
389	352	
388	353	
389	354	
389	355	
389	356	
389	357	
390	358	
390	359	
390	360	
390	361	
389	362	
389	363	
389	364	
389	365	
389	366	
389	367	
389	368	
389	369	
388	370	
389	370	
389	371	
390	372	
389	373	
388	374	
389	374	
389	375	
389	376	
389	377	
389	378	
389	379	
387	381	
387	382	
387	383	
387	384	
387	385	
387	386	
387	387	
389	395	
389	396	
389	397	
389	398	
389	399	
388	400	
387	401	
387	402	
387	403	
387	404	
387	405	
387	406	
387	407	
387	408	
387	409	
387	410	
387	411	
387	412	
387	413	
388	413	
387	414	
387	415	
387	416	
387	417	
387	418	
387	419	
386	420	
386	421	
386	422	
386	423	
386	424	
387	425	
387	426	
387	427	
385	428	
381	432	
383	433	
383	434	
381	435	
381	436	
381	437	
381	438	
379	439	
379	440	
379	441	
379	442	
379	443	
379	444	
379	445	
379	446	
379	447	
379	448	
379	449	
379	450	
379	451	
379	452	
379	453	
379	454	
378	455	
379	455	
377	456	
377	457	
378	458	
378	459	
377	460	
377	461	
377	462	
377	463	
377	464	
377	465	
379	465	
379	466	
379	467	
377	468	
378	468	
378	469	
379	470	
379	471	
380	472	
380	473	
380	474	
380	475	
379	476	
380	476	
380	477	
379	478	
380	478	
380	479	
379	480	
380	481	
380	482	
379	483	
380	483	
379	484	
380	484	
379	485	
379	486	
380	486	
380	487	
380	488	
379	489	
379	490	
379	491	
380	492	
380	493	
380	494	
379	495	
379	496	
380	497	
380	498	
379	499	
380	500	
380	501	
379	502	
379	503	
381	504	
381	505	
382	506	
380	507	
382	507	
381	508	
382	509	
382	510	
381	511	
381	512	
381	513	
382	514	
381	515	
382	516	
381	517	
382	518	
382	519	
382	520	
382	521	
383	522	
382	523	
383	524	
383	525	
382	526	
383	527	
383	528	
383	529	
383	530	
382	531	
383	531	
383	532	
382	533	
382	534	
382	535	
381	536	
381	537	
381	538	
380	539	
381	540	
381	541	
380	542	
380	543	
379	544	
378	545	
378	546	
378	547	
377	548	
378	549	
378	550	
378	551	
378	552	
378	553	
378	554	
378	555	
379	556	
378	557	
379	558	
377	559	
379	560	
378	561	
378	562	
378	563	
378	564	
379	565	
378	566	
377	567	
377	568	
377	569	
378	570	
375	571	
375	572	
375	573	
375	574	
375	575	
375	576	
376	577	
376	578	
376	579	
375	580	
375	581	
376	582	
375	583	
375	584	
375	585	
375	586	
375	587	
376	588	
375	589	
373	590	
374	591	
375	592	
374	593	
373	594	
374	595	
373	596	
372	597	
372	598	
371	599	
371	600	
372	600	
372	601	
372	602	
371	603	
372	604	
371	605	
372	605	
372	606	
372	607	
371	608	
372	608	
372	609	
373	609	
373	610	
370	611	
370	612	
370	613	
370	614	
369	615	
370	616	
370	617	
370	618	
370	619	
371	620	
370	621	
370	622	
369	623	
369	624	
369	625	
370	626	
369	627	
369	628	
369	629	
367	630	
368	631	
369	631	
368	632	
369	633	
369	634	
369	635	
369	636	
368	637	
368	638	
369	638	
369	639	
369	640	
368	641	
369	641	
368	642	
367	643	
369	644	
367	645	
368	646	
368	647	
369	648	
369	649	
369	650	
368	651	
368	652	
368	653	
368	654	
368	655	
369	655	
368	656	
369	656	
369	657	
369	658	
368	659	
369	660	
369	661	
370	662	
369	663	
368	664	
368	665	
367	666	
369	667	
368	668	
368	669	
369	670	
368	671	
369	671	
369	672	
368	673	
367	674	
367	675	
368	676	
368	677	
368	678	
368	679	
367	680	
368	681	
367	682	
368	683	
369	684	
369	685	
368	686	
369	687	
369	688	
367	689	
366	690	
367	690	
368	690	
368	691	
368	692	
368	693	
369	694	
369	695	
367	696	
368	697	
368	698	
367	699	
368	700	
368	701	
369	702	
368	703	
367	704	
367	705	
367	706	
368	706	
368	707	
369	707	
368	708	
369	709	
368	710	
369	710	
368	711	
367	712	
368	713	
369	713	
369	714	
369	715	
370	716	
370	717	
370	718	
369	719	
369	720	
369	721	
369	722	
369	723	
369	724	
369	725	
370	726	
368	727	
371	728	
369	729	
371	729	
370	730	
370	731	
371	732	
371	733	
370	734	
371	734	
370	735	
370	736	
370	737	
370	738	
370	739	
370	740	
370	741	
370	742	
370	743	
371	744	
370	745	
370	746	
370	747	
370	748	
370	749	
370	750	
370	751	
370	752	
370	753	
370	754	
370	755	
369	756	
370	756	
371	756	
369	757	
369	758	
369	759	
371	760	
371	761	
371	762	
370	763	
371	763	
370	764	
371	765	
371	766	
370	767	
371	768	
371	769	
373	770	
373	771	
373	772	
373	773	
373	774	
373	775	
372	776	
373	777	
373	778	
373	779	
373	780	
373	781	
373	782	
371	783	
373	784	
373	785	
372	786	
373	787	
374	787	
374	788	
374	789	
373	790	
373	791	
374	792	
374	793	
374	794	
374	795	
374	796	
374	797	
374	798	
374	799	
374	800	
374	801	
374	802	
375	803	
375	804	
376	805	
376	806	
375	807	
376	808	
376	809	
375	810	
377	811	
377	812	
377	813	
378	814	
379	815	
379	816	
379	817	
378	818	
377	819	
377	820	
378	821	
379	822	
379	823	
380	824	
380	825	
380	826	
380	827	
380	828	
378	829	
380	829	
378	830	
378	831	
379	832	
380	833	
380	834	
380	835	
379	836	
379	837	
379	838	
380	839	
380	840	
380	841	
379	842	
379	843	
379	844	
380	844	
379	845	
380	845	
380	846	
380	847	
380	848	
379	849	
380	849	
379	850	
379	851	
379	852	
380	853	
380	854	
379	855	
380	856	
380	857	
379	858	
379	859	
380	860	
380	861	
380	862	
380	863	
380	864	
380	865	
381	866	
381	867	
382	867	
382	868	
382	869	
381	870	
380	871	
381	871	
380	872	
379	873	
380	873	
379	874	
380	875	
380	876	
380	877	
380	878	
380	879	
380	880	
380	881	
380	882	
380	883	
381	884	
381	885	
381	886	
381	887	
382	888	
382	889	
381	890	
380	891	
380	892	
380	893	
380	894	
380	895	
379	896	
379	897	
379	898	
379	899	
380	900	
380	901	
380	902	
380	903	
379	904	
383	905	
383	906	
382	907	
382	908	
381	909	
381	910	
382	911	
382	912	
382	913	
382	914	
382	915	
382	916	
382	917	
382	918	
383	919	
382	920	
382	921	
381	922	
381	1011	
381	1012	
380	1013	
380	1014	
379	1020	
379	1021	
379	1022	
379	1023	
370	1054	
370	1055	
370	1056	
371	1057	
371	1058	
372	1059	
372	1060	
370	1061	
370	1062	
368	1067	
368	1068	
369	1069	
370	1070	
369	1071	
369	1072	
368	1073	
368	1074	
368	1075	
368	1076	
367	1082	
368	1083	
368	1084	
368	1085	
368	1086	
368	1099	
366	1109	
