456	61	
458	84	
458	85	
458	86	
458	87	
391	311	
391	312	
391	313	
391	314	
389	315	
389	316	
389	317	
389	318	
389	319	
389	320	
389	321	
389	322	
389	323	
389	324	
389	325	
389	326	
389	327	
389	328	
389	329	
389	330	
389	331	
389	332	
389	333	
390	334	
390	335	
390	336	
389	337	
390	338	
390	339	
390	340	
390	341	
390	342	
390	343	
390	344	
390	345	
391	346	
391	347	
392	348	
391	349	
391	350	
391	351	
391	352	
391	353	
390	354	
391	355	
391	356	
391	357	
391	358	
391	359	
391	360	
391	361	
391	362	
391	363	
391	364	
391	365	
391	366	
391	367	
391	368	
389	369	
389	370	
390	371	
390	372	
390	373	
390	374	
390	375	
390	376	
389	377	
389	378	
389	379	
389	380	
389	381	
389	382	
389	391	
389	392	
389	393	
389	394	
389	395	
390	396	
389	397	
389	398	
389	399	
389	400	
390	401	
390	402	
390	403	
390	404	
389	405	
390	406	
388	407	
389	408	
389	409	
389	410	
389	411	
389	412	
389	413	
389	414	
389	415	
388	416	
388	417	
389	418	
387	419	
387	420	
389	421	
389	422	
389	423	
389	424	
389	425	
389	426	
389	427	
383	428	
383	429	
383	430	
383	431	
383	432	
383	433	
383	434	
382	435	
381	436	
382	437	
383	438	
381	439	
382	439	
381	440	
381	441	
381	442	
380	443	
379	444	
381	445	
381	446	
381	447	
381	448	
380	449	
380	450	
381	450	
380	451	
380	452	
381	453	
380	454	
380	455	
379	456	
379	457	
379	458	
379	459	
380	460	
379	461	
379	462	
380	463	
380	464	
380	465	
380	466	
381	467	
381	468	
381	469	
379	470	
380	470	
380	471	
379	472	
380	473	
380	474	
381	475	
381	476	
380	477	
380	478	
380	479	
381	479	
381	480	
381	481	
380	482	
381	482	
381	483	
380	484	
381	484	
381	485	
381	486	
381	487	
381	488	
381	489	
381	490	
381	491	
381	492	
381	493	
382	493	
381	494	
382	494	
381	495	
382	496	
381	497	
382	498	
382	499	
382	500	
382	501	
381	502	
381	503	
382	504	
382	505	
381	506	
382	507	
383	507	
382	508	
383	509	
384	510	
382	511	
383	512	
382	513	
383	513	
383	514	
383	515	
383	516	
383	517	
383	518	
383	519	
384	519	
383	520	
383	521	
385	522	
384	523	
384	524	
384	525	
384	526	
385	527	
383	528	
385	529	
386	529	
385	530	
384	531	
385	532	
385	533	
385	534	
383	535	
383	536	
384	536	
383	537	
381	538	
381	539	
381	540	
382	541	
381	542	
381	543	
380	544	
380	545	
379	546	
379	547	
380	547	
380	548	
379	549	
379	550	
379	551	
380	552	
380	553	
378	554	
380	554	
379	555	
380	556	
380	557	
379	558	
380	559	
380	560	
380	561	
380	562	
379	563	
379	564	
379	565	
380	565	
379	566	
379	567	
379	568	
380	569	
379	570	
379	571	
379	572	
379	573	
378	574	
378	575	
377	576	
378	577	
377	578	
378	578	
377	579	
377	580	
377	581	
378	582	
375	583	
376	584	
376	585	
375	586	
375	587	
376	588	
375	589	
376	590	
375	591	
376	591	
373	592	
375	592	
375	593	
375	594	
375	595	
374	596	
375	596	
373	597	
375	598	
373	599	
373	600	
373	601	
375	601	
373	602	
373	603	
373	604	
374	604	
374	605	
373	606	
374	606	
373	607	
373	608	
373	609	
372	610	
371	611	
371	612	
371	613	
371	614	
371	615	
371	616	
371	617	
372	618	
371	619	
372	620	
372	621	
370	622	
372	622	
372	623	
370	624	
369	625	
369	626	
370	626	
370	627	
370	628	
369	629	
371	629	
369	630	
370	631	
369	632	
371	633	
370	634	
371	635	
370	636	
369	637	
369	638	
370	639	
370	640	
370	641	
370	642	
371	642	
372	643	
371	644	
370	645	
370	646	
370	647	
371	647	
371	648	
372	649	
369	650	
369	651	
370	652	
369	653	
369	654	
370	655	
371	655	
369	656	
370	657	
371	658	
369	659	
371	660	
371	661	
370	662	
371	662	
370	663	
371	664	
370	665	
370	666	
370	667	
370	668	
370	669	
370	670	
370	671	
369	672	
370	673	
369	674	
369	675	
369	676	
369	677	
369	678	
368	679	
370	679	
369	680	
368	681	
369	681	
367	682	
368	682	
369	683	
368	684	
369	685	
368	686	
369	687	
368	688	
369	689	
369	690	
369	691	
369	692	
368	693	
368	694	
370	695	
368	696	
371	697	
371	698	
369	699	
370	699	
369	700	
369	701	
368	702	
369	702	
369	703	
369	704	
369	705	
369	706	
369	707	
370	707	
369	708	
370	709	
371	710	
370	711	
370	712	
369	713	
370	714	
370	715	
370	716	
371	717	
371	718	
370	719	
372	719	
370	720	
371	720	
370	721	
370	722	
370	723	
370	724	
370	725	
371	726	
370	727	
369	728	
370	728	
372	729	
372	730	
371	731	
370	732	
372	733	
370	734	
371	735	
370	736	
371	737	
373	737	
371	738	
373	739	
372	740	
373	741	
373	742	
372	743	
373	744	
373	745	
371	746	
372	747	
372	748	
371	749	
372	750	
372	751	
372	752	
371	753	
371	754	
373	755	
372	756	
372	757	
373	758	
373	759	
372	760	
372	761	
372	762	
371	763	
372	763	
371	764	
371	765	
373	766	
372	767	
372	768	
374	769	
374	770	
374	771	
373	772	
374	773	
373	774	
373	775	
374	776	
375	777	
374	778	
374	779	
375	780	
375	781	
375	782	
375	783	
374	784	
375	785	
374	786	
374	787	
374	788	
374	789	
374	790	
375	790	
373	791	
374	792	
375	793	
375	794	
376	795	
376	796	
377	796	
376	797	
376	798	
376	799	
376	800	
377	801	
377	802	
376	803	
376	804	
376	805	
376	806	
377	807	
378	807	
377	808	
379	809	
379	810	
378	811	
377	812	
378	812	
379	813	
380	814	
379	815	
379	816	
379	817	
379	818	
379	819	
379	820	
379	821	
380	822	
380	823	
379	824	
379	825	
380	826	
379	827	
380	828	
380	829	
382	830	
382	831	
382	832	
381	833	
381	834	
380	835	
380	836	
381	837	
381	838	
381	839	
381	840	
381	841	
381	842	
381	843	
380	844	
381	844	
381	845	
380	846	
379	847	
379	848	
380	849	
380	850	
381	851	
381	852	
382	853	
382	854	
381	855	
381	856	
381	857	
382	858	
381	859	
381	860	
381	861	
382	862	
382	863	
382	864	
382	865	
383	866	
383	867	
383	868	
382	869	
382	870	
382	871	
382	872	
382	873	
382	874	
383	875	
381	876	
382	877	
382	878	
381	879	
381	880	
382	880	
383	881	
383	882	
382	883	
381	884	
382	884	
382	885	
382	886	
382	887	
382	888	
382	889	
382	890	
382	891	
382	892	
382	893	
382	894	
382	895	
382	896	
382	897	
383	898	
382	899	
382	900	
382	901	
382	902	
382	903	
381	904	
382	905	
383	906	
383	907	
383	908	
384	908	
383	909	
383	910	
384	911	
383	912	
383	913	
383	914	
383	915	
384	916	
385	917	
385	918	
385	919	
385	920	
385	921	
383	1008	
369	1119	
