466	94	
397	315	
397	316	
397	318	
397	319	
397	320	
397	321	
397	322	
397	323	
397	324	
397	325	
397	326	
396	327	
397	327	
396	328	
397	329	
397	330	
397	331	
397	332	
397	333	
397	334	
397	335	
397	336	
397	337	
397	338	
398	339	
397	340	
397	341	
397	342	
398	343	
397	344	
397	345	
397	346	
397	347	
397	348	
398	349	
398	350	
397	351	
397	352	
399	353	
399	354	
399	355	
399	356	
399	357	
399	358	
399	359	
399	360	
399	361	
399	362	
399	363	
398	364	
399	364	
398	365	
399	366	
400	367	
399	368	
398	369	
398	370	
399	371	
399	372	
398	373	
399	373	
398	374	
398	375	
398	376	
397	377	
397	378	
398	379	
398	380	
398	381	
398	382	
398	383	
398	384	
398	385	
397	386	
397	387	
397	388	
397	389	
398	390	
398	391	
398	392	
397	393	
397	394	
397	395	
398	395	
398	396	
398	397	
398	398	
397	399	
397	400	
397	401	
397	402	
397	403	
398	404	
397	405	
397	406	
397	407	
397	408	
397	409	
397	410	
397	411	
397	412	
397	413	
397	414	
397	415	
396	416	
396	417	
396	418	
396	419	
397	420	
397	421	
397	422	
397	423	
391	425	
391	426	
391	427	
391	428	
391	429	
391	430	
389	431	
389	432	
389	433	
389	434	
389	435	
389	436	
387	437	
387	438	
387	439	
388	440	
387	441	
388	442	
388	443	
388	444	
387	445	
388	446	
387	447	
387	448	
387	449	
387	450	
386	451	
386	452	
386	453	
387	454	
387	455	
386	456	
386	457	
386	458	
387	459	
387	460	
387	461	
387	462	
386	463	
387	464	
386	465	
386	466	
386	467	
387	468	
386	469	
387	469	
386	470	
387	471	
387	472	
387	473	
386	474	
387	475	
388	476	
387	477	
387	478	
388	479	
388	480	
387	481	
387	482	
387	483	
387	484	
387	485	
387	486	
387	487	
387	488	
388	489	
389	490	
389	491	
388	492	
388	493	
388	494	
388	495	
389	496	
388	497	
389	498	
389	499	
389	500	
389	501	
389	502	
387	503	
388	504	
388	505	
389	506	
389	507	
390	508	
390	509	
389	510	
389	511	
390	512	
391	513	
391	514	
392	514	
391	515	
391	516	
391	517	
391	518	
391	519	
391	520	
391	521	
392	522	
391	523	
392	523	
391	524	
392	525	
391	526	
391	527	
391	528	
391	529	
392	530	
391	531	
391	532	
392	532	
392	533	
392	534	
391	535	
391	536	
391	537	
391	538	
389	539	
389	540	
390	541	
389	542	
388	543	
389	543	
389	544	
387	545	
387	546	
388	547	
389	548	
388	549	
387	550	
386	551	
387	552	
385	553	
386	554	
386	555	
385	556	
385	557	
386	558	
385	559	
387	560	
385	561	
385	562	
386	563	
386	564	
385	565	
386	566	
387	566	
386	567	
387	568	
385	569	
386	570	
385	571	
384	572	
385	573	
385	574	
387	575	
385	576	
386	576	
386	577	
384	578	
385	578	
384	579	
385	580	
383	581	
385	581	
385	582	
385	583	
384	584	
384	585	
383	586	
383	587	
383	588	
384	588	
384	589	
384	590	
384	591	
383	592	
383	593	
382	594	
382	595	
383	596	
381	597	
382	598	
381	599	
381	600	
381	601	
382	602	
381	603	
379	604	
381	605	
381	606	
381	607	
381	608	
381	609	
382	610	
381	611	
381	612	
380	613	
381	613	
380	614	
379	615	
380	616	
380	617	
381	618	
380	619	
381	620	
381	621	
380	622	
381	623	
380	624	
381	625	
380	626	
379	627	
380	628	
379	629	
379	630	
379	631	
379	632	
379	633	
380	633	
379	634	
377	635	
378	636	
378	637	
378	638	
378	639	
377	640	
378	640	
378	641	
378	642	
379	643	
378	644	
379	645	
378	646	
378	647	
378	648	
378	649	
378	650	
378	651	
378	652	
377	653	
379	653	
378	654	
378	655	
379	656	
379	657	
377	658	
378	659	
378	660	
378	661	
377	662	
378	663	
377	664	
378	665	
377	666	
378	667	
378	668	
379	669	
379	670	
378	671	
377	672	
378	673	
378	674	
378	675	
378	676	
377	677	
377	678	
377	679	
375	680	
377	681	
376	682	
377	683	
377	684	
378	685	
378	686	
378	687	
377	688	
377	689	
377	690	
378	690	
377	691	
378	692	
377	693	
377	694	
377	695	
377	696	
377	697	
377	698	
378	699	
377	700	
377	701	
378	702	
379	703	
378	704	
379	705	
377	706	
379	707	
379	708	
379	709	
379	710	
378	711	
378	712	
379	713	
378	714	
378	715	
378	716	
378	717	
378	718	
378	719	
379	720	
379	721	
379	722	
379	723	
380	724	
377	725	
378	725	
378	726	
378	727	
378	728	
379	729	
379	730	
379	731	
380	732	
379	733	
380	733	
379	734	
381	735	
379	736	
381	736	
381	737	
381	738	
380	739	
380	740	
379	741	
380	742	
380	743	
381	744	
380	745	
381	746	
381	747	
380	748	
380	749	
381	749	
380	750	
379	751	
380	751	
381	751	
379	752	
379	753	
380	753	
380	754	
380	755	
380	756	
380	757	
381	758	
379	759	
379	760	
380	761	
380	762	
380	763	
381	764	
381	765	
381	766	
382	767	
382	768	
383	769	
383	770	
380	771	
380	772	
381	773	
382	774	
382	775	
381	776	
381	777	
381	778	
381	779	
382	780	
381	781	
381	782	
382	783	
382	784	
383	784	
382	785	
382	786	
382	787	
383	788	
383	789	
381	790	
384	791	
384	792	
383	793	
384	793	
384	794	
384	795	
384	796	
385	797	
385	798	
383	799	
383	800	
384	801	
385	802	
386	803	
386	804	
387	805	
387	806	
387	807	
385	808	
385	809	
385	810	
387	811	
387	812	
387	813	
387	814	
387	815	
387	816	
388	817	
388	818	
387	819	
388	820	
388	821	
388	822	
387	823	
388	824	
390	825	
389	826	
387	827	
387	828	
389	829	
389	830	
389	831	
388	832	
389	833	
388	834	
387	835	
388	836	
389	837	
388	838	
388	839	
388	840	
387	841	
387	842	
387	843	
388	844	
388	845	
389	846	
389	847	
388	848	
387	849	
387	850	
388	851	
388	852	
388	853	
389	853	
388	854	
388	855	
388	856	
388	857	
388	858	
388	859	
389	859	
389	860	
389	861	
389	862	
389	863	
389	864	
388	865	
391	866	
391	867	
390	868	
390	869	
389	870	
389	871	
389	872	
389	873	
389	874	
390	874	
389	875	
389	876	
388	877	
388	878	
388	879	
389	879	
390	880	
389	881	
388	882	
388	883	
388	884	
389	885	
389	886	
388	887	
388	888	
389	889	
389	890	
390	891	
390	892	
391	893	
391	894	
388	895	
390	896	
391	897	
391	898	
391	899	
391	900	
390	901	
389	902	
390	903	
390	904	
391	905	
391	906	
390	907	
390	908	
389	909	
389	910	
390	911	
390	912	
391	913	
392	914	
392	915	
391	916	
391	917	
390	918	
390	919	
391	919	
391	920	
390	921	
390	922	
386	1035	
386	1036	
378	1103	
378	1104	
376	1105	
376	1106	
376	1113	
376	1114	
376	1115	
377	1116	
376	1127	
378	1129	
376	1133	
