262	53	
262	54	
262	55	
193	513	
192	514	
191	515	
191	516	
192	517	
192	518	
192	519	
191	520	
192	521	
192	522	
192	523	
189	524	
190	525	
190	526	
190	527	
190	528	
189	529	
189	530	
190	531	
189	532	
191	532	
191	533	
189	534	
190	535	
190	536	
189	537	
190	537	
189	538	
189	539	
189	540	
190	541	
189	542	
188	543	
187	544	
187	545	
189	546	
189	547	
189	548	
189	549	
187	550	
187	551	
188	552	
188	553	
189	554	
188	555	
188	556	
187	557	
186	558	
184	559	
184	560	
184	561	
184	562	
184	563	
185	564	
185	565	
184	566	
184	567	
184	568	
184	569	
184	570	
185	570	
185	571	
184	572	
184	573	
184	574	
184	575	
185	576	
185	577	
184	578	
183	579	
183	580	
183	581	
183	582	
185	583	
186	583	
184	584	
184	585	
187	587	
187	588	
187	589	
187	590	
185	595	
186	596	
186	597	
187	598	
186	599	
185	600	
185	601	
185	602	
186	603	
187	604	
187	605	
183	612	
181	617	
180	618	
183	619	
183	620	
180	621	
179	622	
183	623	
183	624	
182	625	
183	627	
183	628	
181	629	
181	630	
183	631	
183	632	
181	633	
181	634	
181	635	
180	636	
179	637	
179	638	
182	639	
182	640	
181	641	
183	642	
183	643	
183	644	
183	645	
182	647	
182	648	
181	649	
181	650	
181	651	
182	652	
183	653	
184	654	
183	655	
182	656	
185	657	
185	658	
185	659	
184	660	
184	661	
185	662	
185	663	
184	664	
184	665	
184	666	
185	667	
186	668	
184	669	
184	670	
184	671	
184	672	
184	673	
187	674	
184	675	
184	676	
185	677	
187	678	
187	679	
187	680	
187	681	
187	682	
187	683	
187	684	
189	685	
189	686	
186	687	
186	688	
187	689	
188	689	
188	690	
188	691	
187	692	
188	693	
191	694	
191	695	
191	696	
190	697	
190	698	
190	699	
190	700	
189	701	
188	702	
189	703	
190	704	
191	705	
193	706	
193	707	
193	708	
193	709	
190	710	
191	711	
191	712	
180	1079	
180	1080	
