470	93	
401	317	
401	318	
401	319	
399	320	
399	321	
399	322	
399	323	
400	324	
400	325	
400	326	
399	327	
400	327	
399	328	
399	329	
399	330	
399	331	
399	332	
399	333	
399	334	
399	335	
399	336	
399	337	
399	338	
399	339	
399	340	
399	341	
399	342	
399	343	
399	344	
399	345	
400	346	
400	347	
400	348	
400	349	
400	350	
400	351	
400	352	
400	353	
399	354	
400	354	
399	355	
399	356	
400	356	
400	357	
400	358	
400	359	
400	360	
400	361	
401	361	
401	362	
401	363	
401	364	
401	365	
400	366	
401	366	
400	367	
400	368	
400	369	
401	370	
401	371	
401	372	
401	373	
401	374	
401	375	
401	376	
401	377	
400	378	
400	379	
401	379	
400	380	
400	381	
399	382	
400	383	
401	384	
401	385	
400	386	
401	387	
401	388	
400	389	
400	390	
400	391	
400	392	
400	393	
400	394	
400	395	
400	396	
399	397	
399	398	
400	399	
400	400	
400	401	
400	402	
400	403	
400	404	
400	405	
400	406	
400	407	
400	408	
400	409	
400	410	
400	411	
400	412	
399	413	
399	414	
400	415	
400	416	
400	417	
400	418	
400	419	
400	420	
399	421	
400	421	
399	422	
399	423	
395	424	
391	425	
391	426	
393	427	
393	428	
393	429	
391	430	
391	431	
391	432	
391	433	
391	434	
389	435	
389	436	
389	437	
390	438	
390	439	
389	440	
390	441	
389	442	
388	443	
389	444	
390	444	
389	445	
389	446	
389	447	
390	448	
389	449	
389	450	
389	451	
389	452	
389	453	
389	454	
389	455	
389	456	
388	457	
388	458	
388	459	
390	460	
389	461	
389	462	
390	462	
389	463	
389	464	
389	465	
389	466	
389	467	
390	467	
390	468	
389	469	
390	469	
389	470	
389	471	
390	472	
390	473	
389	474	
390	474	
390	475	
390	476	
391	477	
391	478	
390	479	
390	480	
389	481	
389	482	
389	483	
389	484	
389	485	
389	486	
389	487	
389	488	
389	489	
389	490	
390	491	
390	492	
391	493	
389	494	
389	495	
389	496	
390	497	
391	498	
391	499	
390	500	
391	501	
389	502	
391	503	
391	504	
392	505	
391	506	
391	507	
391	508	
392	509	
392	510	
392	511	
392	512	
393	513	
393	514	
394	515	
393	516	
393	517	
393	518	
392	519	
392	520	
393	521	
394	522	
393	523	
394	524	
395	524	
394	525	
395	526	
394	527	
394	528	
395	529	
395	530	
394	531	
393	532	
393	533	
393	534	
394	535	
394	536	
393	537	
393	538	
393	539	
389	540	
391	541	
391	542	
392	542	
391	543	
390	544	
391	545	
391	546	
391	547	
391	548	
389	549	
389	550	
389	551	
390	552	
389	553	
390	553	
389	554	
389	555	
389	556	
389	557	
389	558	
387	559	
389	560	
389	561	
387	562	
387	563	
387	564	
387	565	
387	566	
389	567	
389	568	
390	569	
389	570	
388	571	
388	572	
389	573	
389	574	
389	575	
387	576	
387	577	
388	577	
388	578	
388	579	
388	580	
387	581	
387	582	
387	583	
386	584	
387	585	
387	586	
385	587	
387	588	
385	589	
387	589	
385	590	
386	591	
386	592	
385	593	
384	594	
385	595	
385	596	
385	597	
385	598	
386	598	
385	599	
385	600	
386	601	
385	602	
383	603	
384	604	
384	605	
383	606	
383	607	
384	607	
384	608	
384	609	
384	610	
384	611	
384	612	
383	613	
384	614	
383	615	
383	616	
382	617	
384	617	
383	618	
382	619	
382	620	
382	621	
382	622	
381	623	
381	624	
382	625	
381	626	
381	627	
381	628	
381	629	
381	630	
382	631	
381	632	
381	633	
382	634	
382	635	
382	636	
381	637	
381	638	
380	639	
381	640	
381	641	
381	642	
380	643	
380	644	
380	645	
381	646	
380	647	
380	648	
381	649	
381	650	
379	651	
381	651	
379	652	
381	652	
380	653	
379	654	
379	655	
380	656	
380	657	
379	658	
380	659	
379	660	
380	660	
380	661	
379	662	
379	663	
379	664	
380	665	
379	666	
379	667	
380	668	
381	669	
380	670	
380	671	
382	672	
381	673	
380	674	
380	675	
381	676	
380	677	
380	678	
381	679	
380	680	
380	681	
380	682	
381	683	
380	684	
379	685	
380	686	
379	687	
380	688	
379	689	
380	690	
380	691	
379	692	
380	692	
380	693	
379	694	
379	695	
380	696	
379	697	
379	698	
380	698	
379	699	
380	700	
379	701	
379	702	
379	703	
380	704	
380	705	
380	706	
380	707	
380	708	
380	709	
380	710	
381	711	
380	712	
380	713	
380	714	
380	715	
381	716	
380	717	
381	718	
380	719	
381	720	
380	721	
379	722	
380	723	
380	724	
381	724	
382	725	
381	726	
381	727	
382	728	
381	729	
382	730	
382	731	
382	732	
382	733	
381	734	
382	735	
382	736	
382	737	
383	738	
383	739	
384	739	
382	740	
381	741	
382	741	
381	742	
381	743	
383	743	
382	744	
382	745	
383	745	
384	746	
384	747	
381	748	
383	749	
383	750	
382	751	
382	752	
383	753	
384	754	
383	755	
383	756	
384	756	
383	757	
385	758	
385	759	
385	760	
384	761	
384	762	
383	763	
384	764	
385	765	
385	766	
384	767	
383	768	
385	769	
385	770	
385	771	
385	772	
385	773	
384	774	
385	774	
384	775	
384	776	
384	777	
384	778	
384	779	
385	780	
385	781	
384	782	
383	783	
386	784	
384	785	
384	786	
384	787	
384	788	
386	789	
386	790	
387	790	
387	791	
387	792	
387	793	
387	794	
387	795	
386	796	
387	796	
386	797	
387	798	
387	799	
388	800	
388	801	
388	802	
387	803	
388	803	
388	804	
388	805	
388	806	
388	807	
389	808	
390	809	
390	810	
390	811	
390	812	
390	813	
390	814	
389	815	
389	816	
390	817	
390	818	
390	819	
390	820	
390	821	
390	822	
390	823	
389	824	
390	825	
391	826	
389	827	
389	828	
390	829	
391	830	
391	831	
390	832	
392	832	
390	833	
390	834	
389	835	
389	836	
390	836	
390	837	
390	838	
391	839	
391	840	
390	841	
391	842	
390	843	
390	844	
390	845	
389	846	
390	847	
390	848	
391	849	
391	850	
390	851	
391	852	
390	853	
389	854	
389	855	
389	856	
390	856	
389	857	
389	858	
390	859	
391	860	
391	861	
391	862	
391	863	
390	864	
391	865	
392	865	
392	866	
392	867	
392	868	
392	869	
391	870	
391	871	
391	872	
392	873	
393	874	
393	875	
393	876	
392	877	
392	878	
391	879	
390	880	
391	881	
392	882	
390	883	
391	884	
392	884	
392	885	
392	886	
393	886	
393	887	
391	888	
391	889	
392	890	
393	891	
393	892	
391	893	
391	894	
391	895	
392	895	
391	896	
391	897	
392	898	
392	899	
391	900	
392	901	
392	902	
392	903	
392	904	
393	904	
393	905	
393	906	
393	907	
393	908	
393	909	
393	910	
394	911	
394	912	
394	913	
394	914	
394	915	
391	916	
393	917	
394	917	
393	918	
394	919	
395	920	
392	921	
394	922	
394	923	
393	924	
391	1017	
391	1018	
390	1024	
390	1027	
391	1028	
378	1107	
