468	83	
399	318	
401	319	
401	320	
401	321	
401	322	
401	323	
401	324	
399	325	
399	326	
399	327	
400	328	
401	329	
400	330	
400	331	
400	332	
400	333	
400	334	
400	335	
400	336	
400	337	
401	337	
400	338	
400	339	
400	340	
400	341	
400	342	
400	343	
400	344	
400	345	
401	346	
400	347	
400	348	
401	349	
400	350	
400	351	
400	352	
401	353	
402	354	
402	355	
402	356	
402	357	
402	358	
402	359	
401	360	
401	361	
401	362	
401	363	
402	364	
403	365	
402	366	
401	367	
401	368	
403	368	
402	369	
402	370	
402	371	
402	372	
402	373	
402	374	
402	375	
402	376	
402	377	
402	378	
402	379	
402	380	
402	381	
401	382	
402	382	
401	383	
401	384	
401	385	
401	386	
402	387	
402	388	
403	388	
401	389	
401	390	
401	391	
402	392	
401	393	
401	394	
401	395	
401	396	
401	397	
401	398	
401	399	
401	400	
402	401	
402	402	
401	403	
401	404	
401	405	
401	406	
401	407	
401	408	
401	409	
401	410	
401	411	
401	412	
399	413	
399	414	
400	415	
401	416	
402	417	
401	418	
400	419	
400	420	
400	421	
401	421	
395	423	
395	424	
393	425	
393	426	
393	427	
393	428	
391	429	
391	430	
391	431	
391	432	
391	433	
391	434	
391	435	
391	436	
391	437	
391	438	
392	439	
391	440	
391	441	
391	442	
391	443	
391	444	
391	445	
391	446	
391	447	
391	448	
391	449	
390	450	
389	451	
389	452	
390	453	
391	454	
390	455	
391	455	
390	456	
390	457	
389	458	
390	459	
390	460	
390	461	
390	462	
390	463	
389	464	
390	464	
390	465	
390	466	
390	467	
390	468	
390	469	
391	470	
391	471	
390	472	
391	472	
392	472	
390	473	
391	473	
392	473	
391	474	
389	475	
391	476	
391	477	
390	478	
391	479	
390	480	
391	481	
390	482	
392	483	
391	484	
391	485	
390	486	
391	487	
390	488	
390	489	
391	490	
391	491	
390	492	
391	493	
391	494	
391	495	
392	496	
392	497	
392	498	
391	499	
392	499	
392	500	
392	501	
391	502	
393	503	
392	504	
393	505	
392	506	
393	507	
393	508	
393	509	
393	510	
393	511	
393	512	
393	513	
393	514	
394	515	
394	516	
395	517	
396	518	
394	519	
394	520	
394	521	
394	522	
394	523	
394	524	
396	525	
395	526	
396	526	
395	527	
395	528	
396	529	
396	530	
396	531	
395	532	
396	533	
394	534	
395	535	
395	536	
394	537	
394	538	
395	539	
393	540	
392	541	
391	542	
391	543	
391	544	
391	545	
391	546	
391	547	
391	548	
392	549	
391	550	
391	551	
389	552	
389	553	
390	554	
390	555	
390	556	
390	557	
388	558	
388	559	
388	560	
390	561	
390	562	
389	563	
389	564	
390	564	
389	565	
389	566	
389	567	
389	568	
390	568	
389	569	
389	570	
389	571	
390	572	
389	573	
390	574	
389	575	
390	576	
389	577	
389	578	
387	579	
388	580	
389	581	
389	582	
390	583	
388	584	
389	584	
389	585	
387	586	
388	587	
388	588	
387	589	
386	590	
386	591	
387	591	
387	592	
386	593	
387	594	
387	595	
386	596	
386	597	
385	598	
387	599	
386	600	
385	601	
385	602	
385	603	
384	604	
385	604	
386	605	
385	606	
385	607	
385	608	
384	609	
384	610	
385	611	
383	612	
383	613	
384	614	
384	615	
384	616	
384	617	
384	618	
384	619	
383	620	
384	621	
384	622	
383	623	
383	624	
384	625	
382	626	
383	627	
383	628	
381	629	
382	630	
381	631	
382	632	
381	633	
382	634	
381	635	
382	636	
382	637	
383	637	
383	638	
383	639	
383	640	
381	641	
380	642	
381	643	
382	644	
382	645	
383	646	
382	647	
382	648	
382	649	
382	650	
382	651	
383	652	
381	653	
382	653	
381	654	
382	654	
382	655	
381	656	
381	657	
381	658	
380	659	
381	659	
382	659	
382	660	
381	661	
381	662	
382	663	
382	664	
383	665	
382	666	
382	667	
383	668	
382	669	
382	670	
382	671	
383	672	
382	673	
382	674	
381	675	
382	676	
382	677	
381	678	
381	679	
381	680	
380	681	
382	682	
381	683	
380	684	
380	685	
379	686	
381	687	
381	688	
381	689	
381	690	
381	691	
381	692	
381	693	
381	694	
380	695	
380	696	
380	697	
381	697	
382	698	
381	699	
381	700	
380	701	
381	702	
382	703	
382	704	
382	705	
382	706	
381	707	
382	708	
381	709	
382	709	
381	710	
382	711	
382	712	
382	713	
383	714	
382	715	
382	716	
381	717	
382	718	
382	719	
382	720	
382	721	
383	722	
383	723	
382	724	
382	725	
383	726	
382	727	
383	728	
383	729	
383	730	
383	731	
383	732	
384	732	
384	733	
384	734	
384	735	
384	736	
384	737	
385	738	
385	739	
384	740	
385	740	
384	741	
384	742	
384	743	
383	744	
384	745	
384	746	
384	747	
383	748	
384	748	
384	749	
384	750	
384	751	
384	752	
384	753	
385	754	
385	755	
385	756	
385	757	
385	758	
384	759	
385	760	
385	761	
385	762	
384	763	
384	764	
384	765	
384	766	
384	767	
384	768	
383	769	
384	770	
387	771	
387	772	
387	773	
387	774	
387	775	
387	776	
387	777	
385	778	
385	779	
387	780	
386	781	
386	782	
385	783	
385	784	
385	785	
386	785	
386	786	
386	787	
386	788	
385	789	
385	790	
389	791	
388	792	
389	793	
389	794	
387	795	
388	795	
387	796	
389	797	
389	798	
389	799	
389	800	
389	801	
390	802	
389	803	
389	804	
389	805	
390	806	
390	807	
390	808	
390	809	
391	810	
391	811	
392	812	
391	813	
390	814	
392	815	
392	816	
391	817	
391	818	
391	819	
392	820	
391	821	
392	822	
392	823	
392	824	
392	825	
392	826	
392	827	
392	828	
391	829	
391	830	
391	831	
391	832	
391	833	
391	834	
391	835	
392	836	
392	837	
392	838	
391	839	
391	840	
391	841	
391	842	
392	843	
392	844	
392	845	
392	846	
391	847	
391	848	
392	848	
392	849	
392	850	
392	851	
393	851	
392	852	
392	853	
392	854	
392	855	
391	856	
391	857	
391	858	
392	859	
392	860	
393	861	
391	862	
392	862	
391	863	
391	864	
391	865	
391	866	
391	867	
392	867	
391	868	
391	869	
391	870	
391	871	
392	871	
392	872	
392	873	
392	874	
392	875	
392	876	
392	877	
392	878	
392	879	
392	880	
392	881	
392	882	
392	883	
392	884	
392	885	
392	886	
393	886	
393	887	
393	888	
392	889	
392	890	
392	891	
393	891	
393	892	
393	893	
393	894	
394	894	
394	895	
393	896	
393	897	
392	898	
392	899	
392	900	
392	901	
393	901	
393	902	
393	903	
393	904	
393	905	
393	906	
393	907	
393	908	
394	909	
394	910	
394	911	
394	912	
394	913	
394	914	
394	915	
394	916	
394	917	
394	918	
394	919	
394	920	
394	921	
393	922	
395	923	
395	924	
390	1033	
391	1034	
382	1096	
380	1097	
380	1098	
380	1099	
380	1100	
379	1105	
378	1111	
380	1113	
