401	318	
401	319	
401	320	
401	321	
401	322	
401	323	
402	324	
402	325	
402	326	
402	327	
401	328	
401	329	
401	330	
400	331	
400	332	
401	333	
401	334	
401	335	
401	336	
401	337	
401	338	
402	339	
402	340	
401	341	
400	342	
402	343	
402	344	
401	345	
401	346	
401	347	
402	348	
402	349	
402	350	
402	351	
402	352	
402	353	
401	354	
401	355	
401	356	
403	357	
403	358	
402	359	
402	360	
403	361	
403	362	
402	363	
402	364	
403	365	
403	366	
403	367	
403	368	
403	369	
403	370	
403	371	
403	372	
402	373	
403	374	
404	375	
403	376	
403	377	
403	378	
403	379	
403	380	
403	381	
403	382	
403	383	
403	384	
402	385	
402	386	
402	387	
402	388	
403	389	
403	390	
402	391	
403	392	
403	393	
403	394	
403	395	
402	396	
402	397	
402	398	
403	398	
403	399	
402	400	
402	401	
402	402	
402	403	
402	404	
403	405	
403	406	
403	407	
403	408	
403	409	
402	410	
402	411	
402	412	
402	413	
401	414	
401	415	
401	416	
401	417	
401	418	
402	419	
401	420	
401	421	
395	425	
395	426	
393	427	
393	428	
393	429	
393	430	
393	431	
394	432	
393	433	
393	434	
393	435	
393	436	
393	437	
391	438	
392	439	
392	440	
392	441	
392	442	
391	443	
392	443	
392	444	
392	445	
392	446	
392	447	
392	448	
391	449	
390	450	
391	450	
389	451	
392	452	
389	453	
392	453	
390	454	
392	455	
391	456	
392	456	
392	457	
392	458	
392	459	
391	460	
391	461	
391	462	
392	463	
391	464	
390	465	
392	465	
392	466	
390	467	
391	468	
391	469	
392	470	
392	471	
392	472	
391	473	
392	474	
392	475	
392	476	
391	477	
391	478	
391	479	
392	480	
391	481	
391	482	
392	483	
392	484	
391	485	
391	486	
392	486	
392	487	
392	488	
391	489	
392	490	
392	491	
391	492	
393	493	
392	494	
392	495	
393	495	
394	496	
392	497	
393	498	
392	499	
394	499	
394	500	
394	501	
393	502	
393	503	
392	504	
393	505	
394	506	
394	507	
393	508	
394	508	
394	509	
394	510	
395	511	
395	512	
395	513	
394	514	
394	515	
394	516	
394	517	
395	518	
395	519	
395	520	
396	521	
396	522	
396	523	
396	524	
395	525	
396	526	
397	526	
396	527	
396	528	
396	529	
396	530	
396	531	
396	532	
395	533	
396	534	
395	535	
396	535	
395	536	
396	537	
396	538	
393	539	
395	540	
393	541	
393	542	
394	542	
393	543	
393	544	
393	545	
393	546	
392	547	
392	548	
391	549	
392	550	
392	551	
391	552	
391	553	
391	554	
391	555	
389	556	
391	557	
391	558	
391	559	
392	559	
389	560	
391	560	
389	561	
389	562	
390	563	
390	564	
389	565	
389	566	
390	567	
389	568	
389	569	
389	570	
390	570	
389	571	
389	572	
390	572	
390	573	
389	574	
390	575	
389	576	
389	577	
390	578	
391	579	
389	580	
389	581	
389	582	
389	583	
389	584	
389	585	
388	586	
389	587	
389	588	
389	589	
388	590	
387	591	
388	592	
387	593	
387	594	
388	595	
387	596	
386	597	
387	597	
386	598	
386	599	
385	600	
385	601	
386	602	
387	603	
385	604	
387	604	
385	605	
388	606	
387	607	
386	608	
386	609	
386	610	
386	611	
386	612	
385	613	
385	614	
385	615	
385	616	
385	617	
385	618	
385	619	
383	620	
384	621	
384	622	
383	623	
384	623	
384	624	
384	625	
384	626	
383	627	
384	627	
383	628	
383	629	
384	630	
384	631	
384	632	
384	633	
384	634	
382	635	
384	635	
382	636	
383	636	
381	637	
381	638	
381	639	
381	640	
381	641	
382	642	
382	643	
381	644	
381	645	
382	646	
383	647	
381	648	
381	649	
381	650	
383	651	
382	652	
381	653	
381	654	
381	655	
383	656	
382	657	
383	658	
381	659	
383	659	
382	660	
383	661	
383	662	
382	663	
382	664	
382	665	
383	666	
383	667	
383	668	
384	668	
383	669	
384	669	
384	670	
384	671	
383	672	
383	673	
384	673	
383	674	
383	675	
383	676	
384	677	
383	678	
383	679	
384	680	
384	681	
383	682	
383	683	
382	684	
382	685	
383	686	
383	687	
382	688	
382	689	
383	690	
382	691	
383	692	
383	693	
383	694	
382	695	
383	696	
383	697	
382	698	
382	699	
382	700	
382	701	
382	702	
383	703	
381	704	
382	705	
382	706	
382	707	
382	708	
382	709	
382	710	
382	711	
382	712	
383	713	
383	714	
383	715	
383	716	
384	717	
384	718	
384	719	
384	720	
384	721	
384	722	
383	723	
384	723	
383	724	
385	725	
385	726	
384	727	
383	728	
385	728	
384	729	
385	730	
384	731	
385	732	
384	733	
385	734	
385	735	
385	736	
385	737	
385	738	
385	739	
385	740	
385	741	
383	742	
384	742	
386	743	
386	744	
384	745	
385	745	
386	745	
385	746	
385	747	
387	748	
385	749	
385	750	
386	750	
386	751	
384	752	
384	753	
386	754	
385	755	
385	756	
385	757	
386	758	
386	759	
385	760	
387	761	
385	762	
386	762	
387	762	
387	763	
387	764	
387	765	
387	766	
386	767	
386	768	
386	769	
386	770	
386	771	
386	772	
385	773	
387	774	
385	775	
386	775	
386	776	
386	777	
386	778	
387	779	
387	780	
387	781	
387	782	
386	783	
387	783	
387	784	
387	785	
387	786	
387	787	
388	788	
388	789	
387	790	
388	791	
388	792	
388	793	
389	793	
389	794	
389	795	
390	795	
390	796	
390	797	
389	798	
390	799	
390	800	
391	801	
391	802	
391	803	
392	803	
391	804	
390	805	
390	806	
391	807	
392	808	
392	809	
391	810	
391	811	
391	812	
392	813	
392	814	
393	815	
392	816	
392	817	
392	818	
392	819	
392	820	
391	821	
392	822	
392	823	
391	824	
391	825	
391	826	
392	827	
392	828	
392	829	
392	830	
392	831	
393	832	
392	833	
393	834	
393	835	
393	836	
393	837	
394	838	
393	839	
393	840	
393	841	
391	842	
392	843	
392	844	
392	845	
393	846	
393	847	
393	848	
393	849	
393	850	
393	851	
393	852	
393	853	
393	854	
393	855	
392	856	
393	856	
391	857	
394	858	
393	859	
392	860	
392	861	
392	862	
392	863	
393	864	
394	865	
394	866	
394	867	
395	867	
395	868	
395	869	
394	870	
393	871	
393	872	
393	873	
394	874	
393	875	
393	876	
394	877	
393	878	
393	879	
394	880	
393	881	
392	882	
393	882	
395	883	
395	884	
393	885	
393	886	
394	887	
394	888	
394	889	
395	890	
393	891	
395	891	
394	892	
395	893	
395	894	
393	895	
393	896	
393	897	
393	898	
393	899	
394	900	
395	901	
395	902	
395	903	
395	904	
394	905	
393	906	
395	907	
396	908	
393	909	
394	910	
396	911	
396	912	
396	913	
395	914	
394	915	
394	916	
394	917	
395	918	
396	919	
396	920	
395	921	
396	922	
397	923	
397	924	
397	925	
388	1062	
385	1076	
384	1077	
382	1093	
382	1094	
383	1097	
383	1098	
381	1099	
382	1100	
382	1101	
382	1102	
380	1117	
