468	38	
468	39	
470	57	
470	58	
472	85	
472	86	
472	87	
472	88	
472	89	
472	90	
404	321	
403	322	
403	323	
403	324	
403	325	
402	326	
402	327	
402	328	
403	329	
403	330	
402	331	
402	332	
403	333	
403	334	
402	335	
402	336	
403	337	
403	338	
403	339	
403	340	
402	341	
402	342	
401	343	
402	344	
403	345	
403	346	
403	347	
403	348	
403	349	
403	350	
403	351	
403	352	
403	353	
404	354	
404	355	
403	356	
403	357	
403	358	
403	359	
403	360	
403	361	
403	362	
403	363	
403	364	
404	365	
404	366	
404	367	
404	368	
404	369	
404	370	
404	371	
404	372	
405	373	
405	374	
405	375	
405	376	
405	377	
405	378	
405	379	
406	380	
406	381	
405	382	
404	383	
404	384	
405	384	
405	385	
405	386	
404	387	
405	387	
405	388	
405	389	
405	390	
405	391	
405	392	
411	392	
405	393	
405	394	
405	395	
404	396	
404	397	
403	398	
404	399	
405	400	
405	401	
405	402	
404	403	
404	404	
405	405	
404	406	
404	407	
404	408	
404	409	
403	410	
403	411	
404	412	
404	413	
404	414	
404	415	
404	416	
404	417	
403	418	
403	419	
403	420	
403	421	
407	422	
397	423	
397	424	
397	425	
395	426	
396	427	
396	428	
393	429	
393	430	
395	431	
395	432	
395	433	
395	434	
395	435	
395	436	
395	437	
395	438	
394	439	
394	440	
394	441	
392	442	
393	442	
392	443	
392	444	
392	445	
393	445	
393	446	
394	447	
394	448	
393	449	
392	450	
393	450	
393	451	
393	452	
392	453	
391	454	
391	455	
392	455	
392	456	
393	457	
393	458	
393	459	
393	460	
392	461	
392	462	
392	463	
392	464	
393	465	
392	466	
393	466	
393	467	
393	468	
393	469	
393	470	
393	471	
393	472	
392	473	
393	474	
393	475	
393	476	
391	477	
391	478	
394	479	
393	480	
393	481	
394	482	
393	483	
393	484	
393	485	
393	486	
393	487	
393	488	
393	489	
393	490	
393	491	
393	492	
394	493	
393	494	
393	495	
393	496	
393	497	
394	498	
394	499	
394	500	
395	501	
395	502	
395	503	
394	504	
395	505	
396	506	
395	507	
396	508	
396	509	
396	510	
396	511	
395	512	
396	513	
396	514	
395	515	
396	516	
395	517	
397	518	
397	519	
397	520	
398	521	
398	522	
398	523	
398	524	
397	525	
398	525	
398	526	
397	527	
397	528	
398	528	
397	529	
397	530	
397	531	
398	532	
398	533	
399	533	
397	534	
398	535	
397	536	
397	537	
397	538	
396	539	
395	540	
396	540	
395	541	
395	542	
395	543	
395	544	
394	545	
393	546	
393	547	
394	548	
394	549	
394	550	
393	551	
394	551	
393	552	
393	553	
393	554	
392	555	
393	555	
391	556	
392	556	
391	557	
392	558	
392	559	
391	560	
392	561	
392	562	
391	563	
390	564	
391	565	
391	566	
391	567	
391	568	
392	569	
392	570	
392	571	
391	572	
391	573	
393	574	
392	575	
392	576	
390	577	
391	578	
391	579	
391	580	
392	581	
391	582	
391	583	
391	584	
391	585	
390	586	
391	587	
389	588	
390	589	
389	590	
390	590	
389	591	
389	592	
390	593	
389	594	
390	595	
389	596	
389	597	
389	598	
388	599	
389	600	
388	601	
388	602	
387	603	
388	604	
387	605	
387	606	
387	607	
388	607	
387	608	
386	609	
385	610	
386	611	
388	611	
386	612	
385	613	
386	613	
387	613	
386	614	
385	615	
385	616	
385	617	
386	618	
386	619	
386	620	
386	621	
385	622	
386	623	
386	624	
387	625	
387	626	
386	627	
386	628	
385	629	
385	630	
384	631	
383	632	
384	632	
383	633	
384	634	
383	635	
383	636	
383	637	
383	638	
383	639	
384	640	
384	641	
385	642	
384	643	
384	644	
385	645	
385	646	
384	647	
385	648	
384	649	
385	650	
384	651	
384	652	
383	653	
385	653	
385	654	
384	655	
384	656	
384	657	
382	658	
384	659	
384	660	
384	661	
383	662	
384	663	
383	664	
384	664	
383	665	
384	666	
384	667	
385	668	
384	669	
384	670	
385	671	
384	672	
385	673	
385	674	
386	674	
386	675	
385	676	
385	677	
385	678	
385	679	
385	680	
383	681	
385	681	
384	682	
384	683	
383	684	
384	685	
384	686	
384	687	
384	688	
384	689	
385	690	
384	691	
385	691	
384	692	
384	693	
383	694	
384	695	
383	696	
384	697	
385	698	
384	699	
384	700	
384	701	
383	702	
384	703	
386	704	
386	705	
385	706	
385	707	
384	708	
384	709	
383	710	
385	710	
384	711	
385	712	
384	713	
385	713	
384	714	
383	715	
383	716	
385	716	
384	717	
384	718	
384	719	
386	720	
385	721	
386	721	
385	722	
386	722	
385	723	
386	724	
387	725	
387	726	
386	727	
387	727	
386	728	
386	729	
385	730	
385	731	
386	731	
387	732	
387	733	
387	734	
387	735	
386	736	
387	736	
387	737	
387	738	
386	739	
386	740	
387	741	
387	742	
386	743	
387	744	
387	745	
387	746	
386	747	
387	747	
387	748	
386	749	
386	750	
386	751	
386	752	
386	753	
387	754	
387	755	
387	756	
386	757	
386	758	
387	759	
388	759	
388	760	
387	761	
387	762	
388	763	
388	764	
389	765	
389	766	
388	767	
388	768	
387	769	
388	770	
388	771	
388	772	
388	773	
389	774	
388	775	
389	775	
389	776	
388	777	
388	778	
389	778	
388	779	
389	780	
389	781	
389	782	
390	783	
389	784	
389	785	
389	786	
389	787	
389	788	
390	789	
390	790	
390	791	
390	792	
391	793	
391	794	
391	795	
391	796	
391	797	
391	798	
391	799	
391	800	
391	801	
391	802	
391	803	
392	804	
392	805	
392	806	
394	807	
394	808	
395	809	
394	810	
394	811	
394	812	
395	813	
395	814	
393	815	
393	816	
394	816	
394	817	
394	818	
394	819	
393	820	
394	820	
394	821	
394	822	
395	822	
393	823	
395	824	
394	825	
394	826	
394	827	
394	828	
395	829	
395	830	
395	831	
394	832	
394	833	
394	834	
393	835	
394	836	
394	837	
394	838	
394	839	
393	840	
393	841	
393	842	
394	843	
395	843	
393	844	
394	845	
394	846	
393	847	
394	848	
395	849	
395	850	
396	851	
396	852	
395	853	
394	854	
395	854	
394	855	
393	856	
394	857	
395	858	
394	859	
394	860	
394	861	
393	862	
394	863	
395	863	
394	864	
395	864	
396	864	
395	865	
395	866	
395	867	
395	868	
395	869	
395	870	
395	871	
394	872	
394	873	
395	874	
395	875	
395	876	
395	877	
396	877	
395	878	
395	879	
396	880	
395	881	
395	882	
395	883	
394	884	
395	885	
395	886	
394	887	
395	888	
395	889	
396	890	
396	891	
395	892	
396	893	
396	894	
396	895	
396	896	
396	897	
396	898	
396	899	
396	900	
397	901	
397	902	
395	903	
395	904	
395	905	
396	906	
396	907	
396	908	
396	909	
397	910	
397	911	
396	912	
396	913	
396	914	
396	915	
396	916	
397	917	
397	918	
397	919	
396	920	
396	921	
396	922	
399	922	
396	923	
398	924	
399	925	
399	926	
397	944	
394	1012	
395	1012	
394	1022	
394	1023	
394	1024	
391	1045	
391	1046	
388	1061	
388	1062	
382	1130	
382	1131	
