472	72	
472	73	
405	320	
405	321	
405	322	
403	323	
403	324	
404	325	
403	326	
403	327	
403	328	
403	329	
403	330	
403	331	
403	332	
403	333	
403	334	
403	335	
403	336	
403	337	
403	338	
404	339	
403	340	
403	341	
404	342	
403	343	
403	344	
403	345	
403	346	
403	347	
403	348	
404	348	
404	349	
404	350	
403	351	
403	352	
403	353	
403	354	
403	355	
404	356	
405	356	
404	357	
404	358	
403	359	
403	360	
404	360	
405	361	
405	362	
403	363	
404	364	
405	365	
405	366	
404	367	
404	368	
405	369	
405	370	
405	371	
405	372	
405	373	
405	374	
405	375	
405	376	
406	376	
405	377	
407	378	
405	379	
405	380	
405	381	
406	381	
405	382	
406	382	
405	383	
405	384	
406	385	
405	386	
405	387	
405	388	
405	389	
406	390	
406	391	
405	392	
405	393	
405	394	
405	395	
405	396	
405	397	
405	398	
405	399	
405	400	
405	401	
405	402	
406	402	
406	403	
407	403	
407	404	
406	405	
405	406	
405	407	
405	408	
404	409	
404	410	
405	411	
405	412	
405	413	
405	414	
405	415	
405	416	
405	417	
405	418	
405	419	
405	420	
397	422	
397	423	
397	424	
397	425	
395	426	
397	427	
397	428	
397	429	
395	430	
396	430	
395	431	
395	432	
395	433	
394	434	
395	435	
395	436	
395	437	
394	438	
395	438	
394	439	
394	440	
394	441	
394	442	
394	443	
394	444	
394	445	
393	446	
393	447	
393	448	
393	449	
393	450	
394	451	
394	452	
393	453	
393	454	
393	455	
393	456	
393	457	
394	458	
393	459	
394	460	
394	461	
393	462	
393	463	
394	464	
394	465	
394	466	
393	467	
394	468	
394	469	
394	470	
394	471	
393	472	
393	473	
393	474	
394	475	
394	476	
394	477	
394	478	
394	479	
394	480	
393	481	
394	482	
394	483	
393	484	
393	485	
393	486	
394	487	
393	488	
393	489	
393	490	
394	491	
395	492	
393	493	
394	494	
394	495	
395	496	
395	497	
395	498	
395	499	
395	500	
395	501	
395	502	
396	503	
395	504	
395	505	
396	506	
395	507	
396	507	
395	508	
397	509	
397	510	
395	511	
396	511	
396	512	
396	513	
397	514	
396	515	
397	516	
397	517	
398	518	
397	519	
397	520	
398	521	
398	522	
398	523	
399	524	
398	525	
398	526	
399	527	
399	528	
399	529	
399	530	
399	531	
400	532	
399	533	
400	533	
399	534	
399	535	
400	536	
400	537	
397	538	
399	538	
396	539	
395	540	
396	541	
397	542	
395	543	
396	544	
395	545	
395	546	
396	546	
393	547	
396	548	
395	549	
395	550	
394	551	
395	552	
394	553	
393	554	
392	555	
393	556	
391	557	
392	558	
393	559	
392	560	
391	561	
392	561	
392	562	
392	563	
392	564	
391	565	
391	566	
391	567	
391	568	
392	569	
392	570	
391	571	
391	572	
391	573	
392	574	
392	575	
392	576	
393	577	
393	578	
392	579	
393	580	
392	581	
392	582	
391	583	
392	583	
392	584	
392	585	
391	586	
391	587	
391	588	
391	589	
390	590	
389	591	
391	592	
389	593	
390	594	
390	595	
389	596	
389	597	
391	597	
389	598	
390	598	
390	599	
390	600	
390	601	
390	602	
389	603	
390	604	
390	605	
389	606	
390	607	
388	608	
388	609	
387	610	
387	611	
387	612	
387	613	
388	614	
388	615	
387	616	
387	617	
387	618	
386	619	
388	620	
387	621	
385	622	
387	623	
386	624	
386	625	
385	626	
385	627	
385	628	
386	629	
385	630	
385	631	
387	632	
384	633	
385	634	
385	635	
386	635	
387	636	
386	637	
384	638	
387	639	
384	640	
384	641	
384	642	
384	643	
383	644	
385	645	
383	646	
385	647	
385	648	
385	649	
385	650	
385	651	
383	652	
385	653	
384	654	
383	655	
383	656	
383	657	
383	658	
383	659	
385	659	
385	660	
386	660	
383	661	
386	661	
385	662	
385	663	
386	664	
384	665	
385	666	
385	667	
385	668	
387	668	
386	669	
387	669	
386	670	
386	671	
385	672	
386	673	
386	674	
386	675	
386	676	
385	677	
386	678	
386	679	
386	680	
385	681	
385	682	
385	683	
384	684	
385	684	
385	685	
384	686	
385	687	
384	688	
385	688	
384	689	
385	689	
385	690	
385	691	
384	692	
383	693	
383	694	
383	695	
384	695	
383	696	
384	697	
383	698	
383	699	
384	700	
386	701	
384	702	
385	703	
385	704	
384	705	
384	706	
385	707	
385	708	
384	709	
385	709	
385	710	
385	711	
385	712	
386	713	
385	714	
385	715	
386	715	
386	716	
387	717	
387	718	
386	719	
385	720	
386	721	
386	722	
386	723	
386	724	
387	725	
386	726	
387	727	
387	728	
387	729	
387	730	
387	731	
386	732	
387	732	
387	733	
387	734	
388	734	
388	735	
388	736	
386	737	
386	738	
387	739	
388	740	
388	741	
387	742	
388	743	
388	744	
387	745	
389	746	
387	747	
388	748	
388	749	
388	750	
388	751	
388	752	
389	753	
390	754	
388	755	
388	756	
388	757	
388	758	
388	759	
388	760	
388	761	
389	761	
387	762	
388	763	
388	764	
389	765	
389	766	
389	767	
388	768	
389	768	
389	769	
389	770	
389	771	
387	772	
388	773	
390	774	
389	775	
390	776	
390	777	
390	778	
390	779	
391	780	
390	781	
390	782	
389	783	
389	784	
389	785	
389	786	
389	787	
389	788	
389	789	
389	790	
393	791	
393	792	
393	793	
392	794	
392	795	
392	796	
391	797	
391	798	
392	799	
392	800	
392	801	
394	802	
393	803	
393	804	
393	805	
394	806	
394	807	
393	808	
394	808	
394	809	
395	810	
395	811	
395	812	
394	813	
394	814	
395	814	
395	815	
394	816	
394	817	
394	818	
394	819	
394	820	
394	821	
393	822	
393	823	
394	824	
394	825	
395	826	
395	827	
395	828	
395	829	
395	830	
394	831	
395	831	
394	832	
394	833	
395	833	
394	834	
396	835	
396	836	
396	837	
395	838	
395	839	
396	839	
395	840	
395	841	
395	842	
395	843	
395	844	
395	845	
395	846	
395	847	
395	848	
394	849	
395	849	
394	850	
395	850	
394	851	
394	852	
395	853	
395	854	
395	855	
395	856	
395	857	
397	858	
397	859	
397	860	
396	861	
396	862	
395	863	
395	864	
396	865	
396	866	
395	867	
396	868	
396	869	
396	870	
395	871	
395	872	
396	873	
396	874	
397	875	
397	876	
397	877	
397	878	
397	879	
395	880	
397	880	
397	881	
397	882	
396	883	
395	884	
396	884	
395	885	
396	885	
395	886	
396	887	
396	888	
395	889	
396	889	
395	890	
396	891	
396	892	
397	893	
398	894	
397	895	
397	896	
397	897	
397	898	
396	899	
396	900	
395	901	
395	902	
396	903	
396	904	
396	905	
398	906	
398	907	
397	908	
398	909	
398	910	
398	911	
398	912	
397	913	
397	914	
398	915	
399	916	
398	917	
397	918	
397	919	
398	920	
398	921	
398	922	
399	923	
399	924	
399	925	
389	1067	
389	1068	
