470	41	
470	42	
405	322	
405	323	
405	324	
406	325	
405	326	
405	327	
405	328	
405	329	
405	330	
405	331	
405	332	
405	333	
405	334	
405	335	
405	336	
405	337	
404	338	
404	339	
405	340	
405	341	
405	342	
404	343	
404	344	
405	345	
405	346	
404	347	
405	347	
404	348	
405	349	
405	350	
404	351	
405	351	
405	352	
405	353	
405	354	
403	355	
404	356	
405	357	
405	358	
405	359	
405	360	
405	361	
405	362	
405	363	
405	364	
405	365	
405	366	
406	367	
407	368	
407	369	
407	370	
405	371	
405	372	
405	373	
405	374	
406	375	
406	376	
406	377	
406	378	
406	379	
406	380	
407	381	
407	382	
407	383	
407	384	
407	385	
406	386	
406	387	
406	388	
406	389	
407	390	
407	391	
407	392	
407	393	
407	394	
407	395	
406	396	
406	397	
407	398	
407	399	
407	400	
407	401	
407	402	
407	403	
407	404	
406	405	
406	406	
406	407	
405	408	
406	409	
406	410	
406	411	
406	412	
406	413	
406	414	
407	414	
406	415	
406	416	
406	417	
406	418	
406	419	
405	420	
405	421	
399	423	
399	424	
399	425	
397	426	
397	427	
397	428	
397	429	
397	430	
397	431	
397	432	
395	433	
395	434	
395	435	
395	436	
395	437	
395	438	
395	439	
396	440	
395	441	
395	442	
395	443	
395	444	
395	445	
395	446	
395	447	
394	448	
393	449	
394	449	
393	450	
393	451	
394	452	
393	453	
393	454	
395	455	
394	456	
394	457	
395	458	
394	459	
395	459	
394	460	
394	461	
394	462	
395	463	
394	464	
394	465	
395	466	
394	467	
394	468	
395	469	
395	470	
395	471	
396	472	
395	473	
394	474	
395	474	
395	475	
395	476	
395	477	
395	478	
395	479	
395	480	
395	481	
395	482	
394	483	
394	484	
394	485	
395	485	
395	486	
395	487	
395	488	
395	489	
394	490	
394	491	
396	491	
395	492	
395	493	
395	494	
396	494	
396	495	
396	496	
395	497	
396	497	
395	498	
396	499	
396	500	
395	501	
396	502	
396	503	
395	504	
396	505	
396	506	
396	507	
397	508	
399	509	
399	510	
398	511	
397	512	
397	513	
398	513	
398	514	
397	515	
397	516	
398	517	
397	518	
399	519	
398	520	
399	521	
398	522	
399	523	
399	524	
400	525	
399	526	
400	526	
400	527	
400	528	
400	529	
400	530	
400	531	
400	532	
400	533	
400	534	
399	535	
399	536	
398	537	
399	538	
399	539	
398	540	
398	541	
397	542	
396	543	
396	544	
395	545	
395	546	
395	547	
395	548	
395	549	
397	550	
396	551	
397	552	
395	553	
394	554	
393	555	
394	556	
394	557	
394	558	
394	559	
394	560	
394	561	
394	562	
395	563	
391	564	
392	564	
394	564	
392	565	
392	566	
393	567	
393	568	
393	569	
393	570	
394	571	
393	572	
394	572	
394	573	
393	574	
393	575	
393	576	
393	577	
393	578	
394	578	
394	579	
393	580	
393	581	
394	582	
393	583	
393	584	
394	584	
393	585	
393	586	
392	587	
392	588	
393	588	
391	589	
391	590	
392	591	
393	592	
392	593	
392	594	
392	595	
392	596	
391	597	
391	598	
389	599	
390	600	
390	601	
391	602	
391	603	
389	604	
390	605	
389	606	
390	607	
389	608	
389	609	
390	610	
389	611	
390	612	
389	613	
389	614	
388	615	
387	616	
387	617	
387	618	
388	619	
388	620	
388	621	
388	622	
388	623	
387	624	
388	625	
388	626	
387	627	
387	628	
387	629	
386	630	
387	630	
387	631	
387	632	
387	633	
387	634	
386	635	
386	636	
386	637	
387	638	
385	639	
385	640	
385	641	
386	642	
386	643	
385	644	
386	645	
386	646	
386	647	
386	648	
385	649	
385	650	
385	651	
385	652	
385	653	
386	654	
386	655	
386	656	
387	657	
386	658	
386	659	
386	660	
386	661	
385	662	
387	663	
385	664	
385	665	
387	666	
387	667	
387	668	
387	669	
387	670	
387	671	
388	672	
388	673	
387	674	
387	675	
386	676	
387	677	
386	678	
386	679	
386	680	
386	681	
386	682	
387	683	
386	684	
386	685	
385	686	
385	687	
385	688	
385	689	
385	690	
386	690	
385	691	
386	691	
385	692	
386	692	
385	693	
386	694	
386	695	
386	696	
387	697	
385	698	
387	698	
387	699	
387	700	
387	701	
386	702	
387	702	
387	703	
388	703	
388	704	
387	705	
386	706	
387	707	
385	708	
386	709	
386	710	
385	711	
386	712	
386	713	
387	714	
388	715	
386	716	
386	717	
386	718	
386	719	
386	720	
388	720	
388	721	
388	722	
387	723	
387	724	
388	724	
388	725	
388	726	
388	727	
387	728	
387	729	
388	730	
388	731	
387	732	
388	733	
388	734	
388	735	
388	736	
388	737	
389	738	
388	739	
388	740	
389	741	
388	742	
388	743	
388	744	
389	745	
388	746	
389	747	
389	748	
389	749	
389	750	
390	750	
389	751	
390	751	
389	752	
389	753	
388	754	
389	755	
390	756	
389	757	
389	758	
389	759	
390	760	
389	761	
390	762	
390	763	
391	764	
390	765	
391	765	
390	766	
391	767	
390	768	
390	769	
390	770	
389	771	
389	772	
390	773	
391	774	
391	775	
392	776	
392	777	
389	778	
391	778	
391	779	
391	780	
391	781	
392	782	
392	783	
392	784	
392	785	
393	786	
393	787	
392	788	
392	789	
392	790	
393	790	
392	791	
392	792	
393	793	
393	794	
393	795	
393	796	
393	797	
393	798	
393	799	
395	800	
394	801	
394	802	
395	803	
396	803	
395	804	
394	805	
393	806	
395	807	
395	808	
395	809	
396	810	
395	811	
396	812	
396	813	
396	814	
396	815	
396	816	
396	817	
396	818	
396	819	
397	820	
396	821	
396	822	
395	823	
395	824	
395	825	
396	826	
395	827	
395	828	
396	829	
396	830	
396	831	
396	832	
396	833	
397	833	
396	834	
397	835	
397	836	
395	837	
396	838	
396	839	
396	840	
396	841	
395	842	
396	842	
395	843	
395	844	
395	845	
396	846	
396	847	
396	848	
396	849	
396	850	
396	851	
395	852	
396	853	
396	854	
396	855	
396	856	
396	857	
398	858	
396	859	
396	860	
395	861	
396	861	
395	862	
396	863	
397	864	
396	865	
397	865	
397	866	
398	867	
397	868	
396	869	
395	870	
396	871	
397	872	
397	873	
396	874	
397	875	
397	876	
397	877	
397	878	
397	879	
397	880	
397	881	
398	882	
397	883	
396	884	
396	885	
396	886	
396	887	
396	888	
396	889	
396	890	
397	891	
396	892	
396	893	
397	894	
398	895	
398	896	
397	897	
398	897	
398	898	
398	899	
398	900	
397	901	
397	902	
397	903	
398	904	
398	905	
397	906	
398	906	
398	907	
398	908	
398	909	
398	910	
399	910	
399	911	
399	912	
399	913	
399	914	
400	915	
399	916	
398	917	
399	918	
399	919	
399	920	
398	921	
401	922	
397	923	
397	924	
400	925	
399	926	
394	1032	
