474	73	
474	74	
474	75	
474	76	
405	322	
405	323	
406	324	
407	324	
407	325	
407	326	
407	327	
406	328	
405	329	
405	330	
405	331	
405	332	
406	332	
405	333	
405	334	
405	335	
405	336	
406	337	
405	338	
405	339	
405	340	
405	341	
406	342	
406	343	
406	344	
406	345	
406	346	
405	347	
405	348	
405	349	
405	350	
405	351	
405	352	
405	353	
406	354	
406	355	
405	356	
406	357	
405	358	
406	358	
405	359	
406	360	
407	360	
407	361	
406	362	
406	363	
406	364	
407	365	
407	366	
406	367	
406	368	
406	369	
406	370	
407	371	
407	372	
407	373	
407	374	
407	375	
407	376	
407	377	
408	378	
408	379	
407	380	
407	381	
407	382	
407	383	
407	384	
407	385	
408	385	
407	386	
407	387	
407	388	
407	389	
408	390	
408	391	
407	392	
407	393	
408	394	
408	395	
408	396	
408	397	
408	398	
408	399	
408	400	
408	401	
408	402	
408	403	
408	404	
408	405	
408	406	
408	407	
407	408	
407	409	
407	410	
409	411	
408	412	
407	413	
408	414	
407	415	
407	416	
407	417	
407	418	
407	419	
407	420	
401	421	
401	422	
401	423	
397	424	
397	425	
397	426	
398	427	
398	428	
398	429	
397	430	
398	431	
396	432	
396	433	
397	434	
397	435	
397	436	
397	437	
396	438	
396	439	
396	440	
396	441	
395	442	
395	443	
395	444	
396	445	
395	446	
396	447	
395	448	
395	449	
395	450	
395	451	
395	452	
395	453	
395	454	
394	455	
395	456	
395	457	
395	458	
395	459	
395	460	
394	461	
395	462	
395	463	
395	464	
395	465	
395	466	
395	467	
397	468	
397	469	
397	470	
396	471	
396	472	
397	473	
397	474	
396	475	
396	476	
396	477	
395	478	
396	479	
395	480	
395	481	
396	482	
396	483	
395	484	
395	485	
396	486	
395	487	
396	487	
395	488	
396	489	
397	490	
395	491	
397	491	
396	492	
397	493	
397	494	
396	495	
396	496	
396	497	
396	498	
397	498	
397	499	
396	500	
397	501	
397	502	
397	503	
398	504	
397	505	
397	506	
398	506	
398	507	
398	508	
398	509	
398	510	
399	511	
398	512	
397	513	
397	514	
399	515	
397	516	
398	517	
399	517	
399	518	
400	518	
400	519	
400	520	
399	521	
401	521	
400	522	
400	523	
400	524	
400	525	
401	526	
399	527	
401	527	
400	528	
400	529	
400	530	
399	531	
401	532	
401	533	
401	534	
401	535	
401	536	
400	537	
400	538	
400	539	
399	540	
399	541	
399	542	
399	543	
399	544	
397	545	
397	546	
397	547	
395	548	
396	549	
397	550	
397	551	
396	552	
396	553	
396	554	
396	555	
396	556	
393	557	
394	558	
393	559	
395	560	
394	561	
393	562	
394	563	
394	564	
394	565	
394	566	
394	567	
394	568	
395	569	
394	570	
393	571	
393	572	
395	573	
396	574	
393	575	
393	576	
393	577	
394	578	
394	579	
393	580	
394	581	
393	582	
393	583	
393	584	
394	585	
394	586	
393	587	
394	588	
393	589	
393	590	
393	591	
393	592	
393	593	
394	594	
392	595	
392	596	
392	597	
392	598	
392	599	
391	600	
391	601	
391	602	
391	603	
391	604	
389	605	
389	606	
389	607	
390	608	
389	609	
390	610	
390	611	
390	612	
389	613	
390	614	
390	615	
390	616	
389	617	
389	618	
389	619	
389	620	
388	621	
387	622	
389	623	
389	624	
387	625	
387	626	
387	627	
387	628	
388	629	
388	630	
387	631	
387	632	
388	633	
387	634	
387	635	
388	636	
388	637	
388	638	
388	639	
387	640	
388	641	
387	642	
387	643	
387	644	
388	645	
389	646	
387	647	
387	648	
387	649	
387	650	
386	651	
385	652	
385	653	
385	654	
386	655	
386	656	
387	657	
387	658	
387	659	
387	660	
387	661	
388	662	
388	663	
388	664	
388	665	
388	666	
387	667	
388	667	
389	667	
387	668	
388	669	
387	670	
387	671	
388	672	
387	673	
388	673	
388	674	
388	675	
388	676	
389	677	
388	678	
387	679	
388	680	
388	681	
388	682	
388	683	
388	684	
387	685	
387	686	
388	687	
387	688	
387	689	
387	690	
388	691	
386	692	
386	693	
388	694	
386	695	
386	696	
386	697	
389	698	
388	699	
388	700	
388	701	
389	701	
389	702	
388	703	
388	704	
389	705	
388	706	
387	707	
388	708	
389	709	
389	710	
388	711	
389	711	
388	712	
387	713	
388	713	
389	714	
388	715	
388	716	
389	717	
389	718	
388	719	
389	720	
389	721	
389	722	
389	723	
389	724	
389	725	
389	726	
389	727	
389	728	
390	729	
390	730	
389	731	
390	731	
390	732	
390	733	
390	734	
390	735	
389	736	
390	737	
389	738	
389	739	
390	739	
390	740	
390	741	
390	742	
390	743	
390	744	
390	745	
389	746	
390	747	
390	748	
391	749	
391	750	
389	751	
390	751	
390	752	
390	753	
390	754	
389	755	
390	755	
389	756	
390	756	
391	756	
390	757	
390	758	
390	759	
390	760	
390	761	
390	762	
391	763	
391	764	
390	765	
391	765	
390	766	
390	767	
392	768	
392	769	
391	770	
391	771	
392	772	
392	773	
391	774	
392	774	
391	775	
391	776	
391	777	
392	778	
391	779	
392	779	
391	780	
393	781	
393	782	
393	783	
392	784	
392	785	
392	786	
393	786	
392	787	
393	788	
393	789	
394	790	
394	791	
394	792	
395	793	
395	794	
395	795	
395	796	
394	797	
394	798	
394	799	
394	800	
395	801	
395	802	
396	802	
395	803	
396	803	
395	804	
396	805	
396	806	
396	807	
396	808	
396	809	
396	810	
396	811	
396	812	
397	812	
396	813	
397	814	
395	815	
396	816	
396	817	
396	818	
396	819	
397	819	
396	820	
397	821	
397	822	
396	823	
397	823	
397	824	
397	825	
397	826	
397	827	
397	828	
397	829	
396	830	
396	831	
397	832	
398	833	
398	834	
397	835	
398	836	
398	837	
398	838	
398	839	
398	840	
398	841	
396	842	
396	843	
396	844	
396	845	
396	846	
396	847	
396	848	
396	849	
397	850	
397	851	
397	852	
397	853	
397	854	
397	855	
397	856	
397	857	
397	858	
396	859	
398	859	
397	860	
398	860	
397	861	
398	862	
397	863	
398	863	
398	864	
398	865	
397	866	
397	867	
399	867	
399	868	
399	869	
399	870	
398	871	
397	872	
398	873	
398	874	
398	875	
398	876	
398	877	
398	878	
398	879	
397	880	
397	881	
397	882	
398	882	
398	883	
399	883	
398	884	
398	885	
398	886	
397	887	
397	888	
398	889	
398	890	
398	891	
398	892	
398	893	
398	894	
399	895	
400	896	
399	897	
400	897	
400	898	
400	899	
399	900	
398	901	
398	902	
399	903	
400	904	
400	905	
400	906	
401	907	
401	908	
401	909	
400	910	
400	911	
399	912	
400	913	
400	914	
400	915	
400	916	
399	917	
399	918	
400	919	
400	920	
401	921	
401	922	
401	923	
401	924	
401	925	
399	947	
400	948	
400	949	
401	951	
401	952	
397	1016	
396	1026	
396	1027	
396	1028	
392	1050	
394	1052	
386	1087	
386	1088	
387	1088	
388	1089	
386	1134	
386	1135	
386	1146	
386	1147	
