195	511	
195	512	
195	513	
193	514	
193	515	
193	516	
193	517	
193	518	
193	519	
192	520	
192	521	
192	522	
193	523	
190	524	
190	525	
193	525	
193	526	
190	527	
190	528	
192	529	
191	530	
191	531	
190	532	
190	533	
190	534	
190	535	
191	536	
190	537	
190	538	
190	539	
190	540	
191	540	
190	541	
190	542	
190	543	
191	544	
190	545	
189	546	
190	547	
190	548	
189	549	
189	550	
187	551	
188	552	
187	553	
188	553	
187	554	
187	555	
187	556	
187	557	
185	558	
185	559	
187	560	
187	561	
187	562	
187	563	
187	564	
187	565	
187	566	
187	567	
187	568	
186	569	
186	570	
185	571	
184	572	
185	572	
183	573	
183	574	
183	575	
183	576	
185	577	
185	578	
185	579	
185	580	
186	580	
186	581	
185	582	
184	583	
183	584	
183	585	
187	586	
187	587	
187	588	
186	589	
186	590	
185	591	
189	592	
187	593	
187	594	
189	595	
186	596	
189	597	
189	598	
189	599	
186	600	
187	601	
188	602	
187	603	
183	606	
183	607	
183	608	
181	609	
181	610	
183	615	
183	616	
183	617	
183	618	
181	619	
181	620	
181	621	
181	622	
183	623	
183	624	
183	625	
183	626	
181	627	
181	628	
181	629	
180	630	
180	631	
179	632	
182	633	
183	634	
183	635	
182	636	
183	636	
182	637	
182	638	
183	638	
183	639	
183	640	
183	641	
183	642	
183	643	
184	644	
183	645	
182	646	
182	647	
181	648	
185	649	
182	651	
183	652	
183	653	
184	653	
183	654	
183	655	
184	656	
185	657	
185	658	
185	659	
183	660	
184	661	
184	662	
185	663	
184	664	
184	665	
184	666	
185	667	
184	668	
185	668	
185	669	
186	670	
185	671	
185	672	
187	673	
187	674	
187	675	
188	676	
187	677	
186	678	
186	679	
186	680	
187	681	
189	682	
189	683	
189	684	
189	685	
188	686	
188	687	
188	688	
189	689	
190	690	
190	691	
188	692	
191	693	
191	694	
191	695	
191	696	
192	697	
191	698	
191	699	
191	700	
191	701	
192	701	
191	702	
191	703	
190	704	
193	705	
193	706	
191	707	
192	707	
191	708	
192	709	
192	710	
192	711	
191	712	
193	713	
193	714	
