478	95	
409	325	
409	326	
409	327	
408	328	
407	329	
407	330	
408	331	
407	332	
407	333	
408	334	
409	335	
408	336	
408	337	
407	338	
408	339	
408	340	
407	341	
408	342	
408	343	
408	344	
409	345	
408	346	
407	347	
408	347	
407	348	
408	349	
408	350	
408	351	
408	352	
408	353	
407	354	
408	355	
408	356	
408	357	
408	358	
408	359	
408	360	
408	361	
408	362	
409	363	
409	364	
408	365	
408	366	
408	367	
409	368	
409	369	
409	370	
409	371	
409	372	
409	373	
410	374	
409	375	
409	376	
409	377	
409	378	
409	379	
409	380	
409	381	
410	382	
409	383	
409	384	
410	385	
410	386	
410	387	
409	388	
409	389	
409	390	
410	391	
410	392	
410	393	
410	394	
410	395	
410	396	
410	397	
410	398	
410	399	
410	400	
410	401	
410	402	
410	403	
410	404	
410	405	
411	406	
411	407	
411	408	
411	409	
411	410	
410	411	
411	411	
411	412	
410	413	
411	413	
410	414	
410	415	
410	416	
410	417	
411	418	
411	419	
401	421	
401	422	
401	423	
402	424	
401	425	
401	426	
399	427	
399	428	
400	429	
400	430	
399	431	
400	431	
400	432	
399	433	
399	434	
399	435	
398	436	
398	437	
399	438	
398	439	
398	440	
398	441	
398	442	
398	443	
398	444	
399	444	
398	445	
398	446	
398	447	
398	448	
397	449	
397	450	
397	451	
397	452	
397	453	
398	454	
398	455	
398	456	
398	457	
398	458	
398	459	
398	460	
397	461	
397	462	
397	463	
397	464	
398	465	
397	466	
398	467	
399	468	
397	469	
398	470	
398	471	
399	471	
397	472	
397	473	
398	474	
397	475	
398	475	
397	476	
397	477	
398	478	
397	479	
398	480	
398	481	
398	482	
397	483	
397	484	
398	485	
398	486	
399	487	
398	488	
399	489	
398	490	
399	490	
399	491	
399	492	
399	493	
399	494	
400	495	
399	496	
399	497	
400	498	
399	499	
399	500	
399	501	
400	502	
400	503	
400	504	
400	505	
400	506	
400	507	
400	508	
400	509	
400	510	
400	511	
401	512	
401	513	
401	514	
401	515	
401	516	
402	517	
401	518	
401	519	
402	519	
401	520	
402	520	
402	521	
402	522	
402	523	
402	524	
403	525	
403	526	
403	527	
403	528	
403	529	
404	530	
403	531	
403	532	
405	532	
403	533	
404	534	
403	535	
403	536	
403	537	
403	538	
403	539	
403	540	
403	541	
403	542	
403	543	
399	544	
399	545	
399	546	
400	547	
399	548	
399	549	
399	550	
399	551	
397	552	
398	552	
399	552	
397	553	
398	554	
399	555	
399	556	
400	556	
399	557	
398	558	
399	558	
398	559	
398	560	
397	561	
396	562	
397	563	
396	564	
396	565	
395	566	
395	567	
397	568	
395	569	
395	570	
396	571	
395	572	
397	573	
395	574	
396	574	
397	575	
396	576	
396	577	
397	578	
396	579	
395	580	
395	581	
395	582	
395	583	
396	584	
395	585	
396	586	
395	587	
395	588	
395	589	
394	590	
395	591	
396	591	
395	592	
396	592	
393	593	
395	593	
393	594	
394	595	
395	596	
395	597	
394	598	
393	599	
394	600	
395	601	
393	602	
395	602	
393	603	
393	604	
394	605	
394	606	
393	607	
393	608	
391	609	
392	610	
393	610	
393	611	
391	612	
392	613	
392	614	
393	615	
391	616	
391	617	
392	618	
391	619	
391	620	
391	621	
391	622	
391	623	
390	624	
391	625	
391	626	
391	627	
390	628	
389	629	
390	630	
389	631	
389	632	
390	633	
389	634	
390	635	
390	636	
390	637	
389	638	
390	639	
390	640	
389	641	
389	642	
391	643	
390	644	
389	645	
389	646	
391	647	
389	648	
390	648	
390	649	
391	649	
390	650	
390	651	
390	652	
390	653	
390	654	
391	655	
390	656	
390	657	
390	658	
390	659	
389	660	
389	661	
390	662	
390	663	
391	663	
390	664	
391	665	
391	666	
391	667	
390	668	
389	669	
391	669	
393	670	
392	671	
392	672	
392	673	
391	674	
391	675	
392	676	
391	677	
392	678	
391	679	
391	680	
391	681	
391	682	
391	683	
391	684	
390	685	
389	686	
391	687	
392	688	
390	689	
391	690	
391	691	
390	692	
390	693	
391	694	
391	695	
391	696	
390	697	
391	698	
390	699	
389	700	
390	700	
391	700	
390	701	
390	702	
389	703	
390	704	
390	705	
391	705	
390	706	
390	707	
391	708	
391	709	
390	710	
391	711	
391	712	
391	713	
390	714	
391	715	
391	716	
391	717	
391	718	
391	719	
392	720	
392	721	
392	722	
391	723	
391	724	
391	725	
392	726	
391	727	
392	728	
391	729	
393	730	
392	731	
393	732	
392	733	
393	734	
392	735	
393	735	
392	736	
392	737	
392	738	
392	739	
392	740	
391	741	
392	741	
392	742	
393	743	
392	744	
391	745	
391	746	
392	747	
392	748	
393	749	
393	750	
392	751	
392	752	
393	752	
394	753	
394	754	
392	755	
394	755	
394	756	
394	757	
394	758	
393	759	
394	760	
394	761	
394	762	
394	763	
394	764	
394	765	
393	766	
394	766	
393	767	
393	768	
393	769	
394	770	
394	771	
394	772	
394	773	
394	774	
394	775	
394	776	
395	776	
395	777	
395	778	
395	779	
395	780	
395	781	
395	782	
395	783	
395	784	
395	785	
395	786	
397	787	
397	788	
396	789	
396	790	
395	791	
395	792	
395	793	
395	794	
397	795	
397	796	
397	797	
398	798	
398	799	
399	800	
398	801	
398	802	
399	802	
398	803	
398	804	
398	805	
398	806	
398	807	
399	808	
399	809	
400	809	
399	810	
400	811	
400	812	
399	813	
398	814	
399	814	
398	815	
399	816	
399	817	
398	818	
398	819	
397	820	
398	821	
401	822	
401	823	
400	824	
400	825	
400	826	
400	827	
399	828	
400	829	
399	830	
400	831	
400	832	
400	833	
400	834	
400	835	
400	836	
400	837	
400	838	
400	839	
400	840	
400	841	
398	842	
401	843	
400	844	
401	844	
400	845	
401	846	
400	847	
401	847	
400	848	
401	848	
400	849	
400	850	
401	851	
400	852	
400	853	
400	854	
399	855	
399	856	
400	857	
400	858	
400	859	
400	860	
401	861	
400	862	
401	863	
401	864	
400	865	
400	866	
400	867	
401	867	
401	868	
401	869	
402	870	
400	871	
401	871	
401	872	
400	873	
400	874	
401	875	
401	876	
400	877	
401	877	
402	878	
400	879	
401	880	
400	881	
401	881	
400	882	
400	883	
400	884	
401	885	
401	886	
401	887	
400	888	
401	888	
400	889	
400	890	
400	891	
400	892	
400	893	
400	894	
401	895	
401	896	
400	897	
400	898	
401	899	
401	900	
401	901	
402	901	
402	902	
401	903	
402	903	
401	904	
402	904	
401	905	
401	906	
402	906	
402	907	
402	908	
402	909	
403	910	
402	911	
403	912	
403	913	
403	914	
403	915	
403	916	
402	917	
402	918	
402	919	
403	920	
402	921	
402	922	
402	923	
402	924	
404	925	
404	926	
403	933	
403	934	
403	935	
403	936	
402	947	
402	948	
401	949	
401	950	
399	1016	
397	1039	
397	1040	
388	1105	
388	1117	
