478	77	
478	85	
162	198	
409	326	
409	327	
409	328	
409	329	
409	330	
409	331	
409	332	
409	333	
409	334	
409	335	
409	336	
409	337	
408	338	
409	339	
409	340	
409	341	
409	342	
409	343	
409	344	
409	345	
409	346	
409	347	
409	348	
409	349	
408	350	
408	351	
409	352	
409	353	
409	354	
409	355	
409	356	
409	357	
409	358	
409	359	
409	360	
409	361	
409	362	
408	363	
409	364	
409	365	
409	366	
409	367	
409	368	
409	369	
411	370	
411	371	
409	372	
409	373	
409	374	
409	375	
409	376	
409	377	
410	378	
411	379	
411	380	
411	381	
411	382	
410	383	
410	384	
410	385	
411	386	
411	387	
411	388	
412	388	
411	389	
411	390	
411	391	
411	392	
411	393	
411	394	
412	395	
411	396	
411	397	
411	398	
411	399	
411	400	
411	401	
411	402	
411	403	
411	404	
411	405	
412	406	
412	407	
412	408	
412	409	
412	410	
411	411	
411	412	
411	413	
411	414	
411	415	
411	416	
411	417	
411	418	
411	419	
403	420	
403	421	
404	422	
403	423	
403	424	
403	425	
403	426	
401	427	
401	428	
401	429	
401	430	
401	431	
401	432	
401	433	
400	434	
400	435	
400	436	
400	437	
399	438	
399	439	
400	440	
400	441	
400	442	
399	443	
399	444	
400	445	
400	446	
399	447	
398	448	
399	448	
398	449	
399	450	
399	451	
399	452	
398	453	
398	454	
398	455	
397	456	
398	456	
397	457	
399	457	
397	458	
399	459	
399	460	
399	461	
398	462	
399	463	
399	464	
400	465	
399	466	
399	467	
399	468	
399	469	
399	470	
399	471	
399	472	
399	473	
399	474	
399	475	
399	476	
399	477	
399	478	
399	479	
399	480	
399	481	
399	482	
398	483	
401	484	
400	485	
400	486	
400	487	
398	488	
399	489	
399	490	
400	491	
400	492	
399	493	
399	494	
400	495	
399	496	
399	497	
400	498	
400	499	
400	500	
400	501	
401	501	
400	502	
400	503	
401	503	
401	504	
400	505	
401	506	
401	507	
401	508	
402	509	
401	510	
402	511	
403	512	
401	513	
401	514	
402	514	
401	515	
402	516	
402	517	
403	518	
403	519	
403	520	
403	521	
404	522	
403	523	
403	524	
404	525	
404	526	
404	527	
404	528	
404	529	
404	530	
404	531	
404	532	
405	533	
405	534	
404	535	
405	536	
405	537	
405	538	
405	539	
405	540	
405	541	
405	542	
405	543	
401	544	
402	545	
399	546	
401	547	
401	548	
401	549	
400	550	
400	551	
400	552	
400	553	
399	554	
400	554	
400	555	
400	556	
400	557	
399	558	
399	559	
399	560	
399	561	
397	562	
397	563	
398	564	
398	565	
398	566	
398	567	
398	568	
397	569	
398	570	
397	571	
397	572	
397	573	
397	574	
397	575	
397	576	
398	577	
397	578	
397	579	
397	580	
396	581	
395	582	
397	583	
397	584	
396	585	
396	586	
397	586	
397	587	
396	588	
396	589	
397	590	
396	591	
396	592	
396	593	
396	594	
396	595	
395	596	
396	596	
396	597	
395	598	
396	598	
395	599	
394	600	
395	601	
393	602	
394	603	
394	604	
395	604	
395	605	
396	606	
395	607	
394	608	
395	609	
395	610	
395	611	
393	612	
393	613	
393	614	
393	615	
393	616	
393	617	
393	618	
393	619	
394	620	
392	621	
392	622	
393	623	
392	624	
393	625	
392	626	
392	627	
393	628	
392	629	
391	630	
393	631	
393	632	
392	633	
392	634	
392	635	
391	636	
392	637	
391	638	
391	639	
391	640	
392	641	
392	642	
392	643	
392	644	
393	645	
393	646	
393	647	
391	648	
391	649	
391	650	
392	651	
391	652	
391	653	
391	654	
391	655	
392	656	
391	657	
391	658	
392	659	
391	660	
392	661	
391	662	
391	663	
392	663	
391	664	
392	665	
393	666	
393	667	
391	668	
392	669	
392	670	
391	671	
393	672	
391	673	
392	674	
394	674	
393	675	
394	675	
393	676	
393	677	
393	678	
393	679	
392	680	
392	681	
391	682	
393	683	
393	684	
393	685	
393	686	
392	687	
392	688	
392	689	
392	690	
392	691	
391	692	
392	692	
392	693	
392	694	
392	695	
391	696	
391	697	
391	698	
392	699	
392	700	
391	701	
392	702	
392	703	
391	704	
392	705	
392	706	
392	707	
393	708	
392	709	
392	710	
393	711	
392	712	
393	713	
392	714	
393	715	
393	716	
393	717	
394	718	
393	719	
393	720	
393	721	
393	722	
393	723	
393	724	
393	725	
395	726	
395	727	
394	728	
394	729	
393	730	
393	731	
394	732	
394	733	
393	734	
393	735	
395	735	
395	736	
394	737	
394	738	
393	739	
394	739	
394	740	
394	741	
394	742	
394	743	
394	744	
394	745	
394	746	
394	747	
395	748	
395	749	
395	750	
396	751	
394	752	
394	753	
395	754	
394	755	
394	756	
393	757	
395	758	
394	759	
395	760	
394	761	
394	762	
394	763	
394	764	
395	764	
394	765	
394	766	
395	767	
395	768	
395	769	
395	770	
395	771	
396	772	
396	773	
396	774	
397	775	
398	776	
398	777	
398	778	
397	779	
396	780	
396	781	
395	782	
396	782	
396	783	
396	784	
397	785	
398	786	
398	787	
396	788	
396	789	
397	790	
396	791	
398	792	
398	793	
399	793	
398	794	
399	794	
398	795	
398	796	
399	797	
399	798	
399	799	
398	800	
398	801	
398	802	
401	803	
401	804	
399	805	
399	806	
399	807	
399	808	
399	809	
400	809	
399	810	
400	810	
400	811	
400	812	
401	813	
401	814	
401	815	
400	816	
401	816	
401	817	
402	817	
401	818	
400	819	
400	820	
400	821	
400	822	
400	823	
400	824	
400	825	
400	826	
400	827	
400	828	
400	829	
400	830	
402	831	
400	832	
400	833	
401	833	
400	834	
401	835	
401	836	
400	837	
400	838	
400	839	
401	839	
401	840	
401	841	
401	842	
401	843	
401	844	
401	845	
401	846	
401	847	
401	848	
400	849	
400	850	
400	851	
401	851	
401	852	
401	853	
401	854	
401	855	
400	856	
400	857	
400	858	
400	859	
400	860	
402	860	
401	861	
402	862	
401	863	
401	864	
401	865	
401	866	
403	867	
402	868	
401	869	
401	870	
401	871	
400	872	
400	873	
402	874	
402	875	
402	876	
402	877	
402	878	
401	879	
401	880	
401	881	
401	882	
402	883	
402	884	
401	885	
401	886	
401	887	
401	888	
401	889	
401	890	
401	891	
401	892	
401	893	
401	894	
402	895	
402	896	
402	897	
402	898	
403	899	
403	900	
403	901	
403	902	
404	903	
402	904	
402	905	
402	906	
402	907	
402	908	
403	909	
403	910	
404	911	
405	912	
405	913	
402	914	
402	915	
404	916	
404	917	
404	918	
404	919	
404	920	
403	921	
403	922	
404	923	
403	924	
403	925	
405	933	
405	934	
405	935	
405	936	
406	937	
406	938	
403	945	
403	946	
403	947	
404	948	
403	949	
403	950	
403	951	
404	953	
404	954	
397	1044	
396	1048	
397	1050	
388	1104	
390	1137	
392	1147	
