411	327	
411	328	
411	329	
410	330	
411	331	
411	332	
410	333	
410	334	
409	335	
409	336	
410	337	
410	338	
410	339	
410	340	
410	341	
410	342	
410	343	
410	344	
410	345	
409	346	
409	347	
409	348	
410	349	
409	350	
410	350	
409	351	
409	352	
410	353	
409	354	
409	355	
409	356	
410	357	
411	358	
411	359	
411	360	
411	361	
411	362	
409	363	
409	364	
410	364	
410	365	
410	366	
410	367	
411	367	
411	368	
411	369	
411	370	
411	371	
411	372	
411	373	
411	374	
410	375	
410	376	
410	377	
411	378	
411	379	
411	380	
411	381	
411	382	
411	383	
411	384	
411	385	
411	386	
412	387	
412	388	
413	388	
412	389	
412	390	
412	391	
412	392	
411	393	
412	393	
411	394	
412	395	
412	396	
412	397	
412	398	
412	399	
412	400	
413	401	
413	402	
412	403	
413	404	
413	405	
413	406	
413	407	
413	408	
413	409	
413	410	
412	411	
412	412	
413	413	
412	414	
413	414	
413	415	
413	416	
413	417	
413	418	
413	419	
403	421	
403	422	
403	423	
403	424	
403	425	
403	426	
403	427	
402	428	
402	429	
402	430	
403	431	
403	432	
402	433	
402	434	
402	435	
401	436	
401	437	
401	438	
401	439	
401	440	
401	441	
400	442	
399	443	
399	444	
400	445	
399	446	
399	447	
400	448	
400	449	
400	450	
399	451	
400	451	
400	452	
401	453	
401	454	
399	455	
400	455	
400	456	
400	457	
400	458	
399	459	
400	460	
400	461	
399	462	
399	463	
400	464	
399	465	
400	466	
401	466	
401	467	
401	468	
400	469	
400	470	
400	471	
399	472	
400	472	
400	473	
399	474	
401	475	
400	476	
401	477	
401	478	
400	479	
399	480	
400	480	
400	481	
400	482	
401	482	
400	483	
399	484	
400	485	
401	485	
399	486	
400	486	
402	486	
400	487	
400	488	
400	489	
401	489	
400	490	
401	491	
400	492	
400	493	
399	494	
401	495	
400	496	
401	497	
401	498	
401	499	
401	500	
402	500	
402	501	
401	502	
401	503	
401	504	
402	505	
402	506	
403	507	
403	508	
402	509	
403	510	
401	511	
402	512	
402	513	
402	514	
402	515	
403	516	
403	517	
403	518	
404	518	
403	519	
404	520	
404	521	
405	522	
405	523	
404	524	
405	525	
405	526	
405	527	
406	528	
405	529	
405	530	
405	531	
406	532	
405	533	
406	534	
406	535	
406	536	
407	536	
405	537	
406	538	
405	539	
406	540	
405	541	
405	542	
406	542	
404	543	
403	544	
403	545	
402	546	
401	547	
401	548	
401	549	
400	550	
399	551	
400	552	
400	553	
401	553	
400	554	
401	555	
400	556	
401	557	
401	558	
401	559	
399	560	
399	561	
399	562	
399	563	
399	564	
399	565	
399	566	
399	567	
399	568	
397	569	
397	570	
397	571	
398	572	
397	573	
397	574	
398	575	
398	576	
397	577	
398	578	
398	579	
398	580	
398	581	
398	582	
398	583	
397	584	
397	585	
398	586	
397	587	
397	588	
398	588	
397	589	
397	590	
397	591	
397	592	
398	592	
398	593	
397	594	
397	595	
396	596	
396	597	
396	598	
397	599	
395	600	
395	601	
395	602	
395	603	
395	604	
396	605	
395	606	
396	606	
395	607	
396	608	
395	609	
394	610	
395	611	
395	612	
393	613	
393	614	
394	615	
394	616	
394	617	
393	618	
394	619	
394	620	
393	621	
394	621	
394	622	
394	623	
395	623	
394	624	
394	625	
393	626	
393	627	
393	628	
393	629	
393	630	
393	631	
392	632	
392	633	
391	634	
392	634	
393	634	
391	635	
392	636	
392	637	
391	638	
393	639	
392	640	
392	641	
392	642	
393	643	
392	644	
392	645	
391	646	
392	647	
391	648	
392	649	
392	650	
392	651	
393	652	
392	653	
393	654	
392	655	
393	656	
392	657	
393	658	
393	659	
394	660	
395	661	
391	662	
393	663	
393	664	
392	665	
394	666	
393	667	
394	668	
394	669	
395	670	
396	671	
395	672	
394	673	
394	674	
394	675	
395	675	
394	676	
394	677	
394	678	
394	679	
394	680	
395	681	
395	682	
394	683	
394	684	
394	685	
393	686	
395	687	
394	688	
394	689	
391	690	
393	691	
393	692	
393	693	
393	694	
393	695	
393	696	
393	697	
392	698	
394	698	
394	699	
394	700	
394	701	
393	702	
394	702	
393	703	
393	704	
393	705	
392	706	
391	707	
391	708	
391	709	
392	710	
392	711	
392	712	
393	713	
393	714	
394	714	
394	715	
394	716	
394	717	
394	718	
395	718	
393	719	
395	719	
394	720	
394	721	
394	722	
393	723	
393	724	
394	725	
394	726	
394	727	
393	728	
395	728	
393	729	
393	730	
394	731	
394	732	
394	733	
394	734	
395	735	
394	736	
395	737	
394	738	
395	739	
395	740	
394	741	
394	742	
395	743	
396	744	
395	745	
395	746	
396	747	
395	748	
395	749	
395	750	
395	751	
396	752	
397	753	
397	754	
396	755	
396	756	
397	757	
396	758	
396	759	
396	760	
396	761	
396	762	
396	763	
396	764	
396	765	
396	766	
395	767	
397	768	
396	769	
395	770	
395	771	
396	772	
396	773	
397	773	
396	774	
397	775	
397	776	
396	777	
397	777	
396	778	
397	779	
398	779	
397	780	
397	781	
398	782	
397	783	
399	784	
399	785	
397	786	
398	787	
398	788	
399	789	
399	790	
398	791	
398	792	
398	793	
398	794	
398	795	
398	796	
400	797	
400	798	
399	799	
399	800	
399	801	
399	802	
399	803	
401	803	
401	804	
401	805	
400	806	
401	806	
401	807	
401	808	
401	809	
401	810	
401	811	
401	812	
402	812	
401	813	
401	814	
401	815	
400	816	
400	817	
400	818	
400	819	
400	820	
400	821	
403	822	
400	823	
400	824	
402	825	
402	826	
401	827	
401	828	
402	828	
401	829	
401	830	
401	831	
401	832	
401	833	
402	834	
402	835	
402	836	
402	837	
402	838	
402	839	
401	840	
401	841	
401	842	
402	843	
402	844	
402	845	
401	846	
401	847	
403	847	
402	848	
402	849	
402	850	
402	851	
403	852	
403	853	
401	854	
402	855	
402	856	
403	856	
403	857	
402	858	
402	859	
403	860	
403	861	
402	862	
402	863	
402	864	
402	865	
402	866	
402	867	
402	868	
403	869	
403	870	
404	871	
402	872	
403	873	
401	874	
401	875	
402	876	
402	877	
402	878	
402	879	
402	880	
402	881	
402	882	
402	883	
402	884	
402	885	
403	886	
403	887	
403	888	
403	889	
403	890	
403	891	
404	892	
402	893	
403	894	
403	895	
403	896	
403	897	
403	898	
403	899	
404	900	
404	901	
404	902	
405	902	
405	903	
405	904	
404	905	
404	906	
403	907	
403	908	
403	909	
404	910	
403	911	
403	912	
403	913	
405	914	
403	915	
403	916	
404	917	
404	918	
405	919	
405	920	
405	921	
405	922	
405	923	
406	924	
403	925	
403	926	
407	936	
407	937	
406	938	
403	946	
403	947	
403	948	
405	949	
405	950	
406	950	
404	951	
403	952	
403	953	
400	1031	
400	1032	
400	1033	
400	1034	
400	1038	
399	1041	
399	1042	
398	1044	
392	1131	
390	1133	
