411	327	
411	328	
411	329	
411	330	
411	331	
411	332	
411	333	
410	334	
411	334	
410	335	
410	336	
411	337	
411	338	
410	339	
409	340	
409	341	
410	342	
410	343	
411	344	
410	345	
410	346	
410	347	
411	348	
411	349	
410	350	
410	351	
411	351	
411	352	
411	353	
411	354	
411	355	
411	356	
411	357	
411	358	
412	359	
412	360	
411	361	
410	362	
410	363	
410	364	
410	365	
410	366	
412	367	
411	368	
411	369	
411	370	
411	371	
411	372	
411	373	
411	374	
411	375	
411	376	
412	377	
412	378	
412	379	
412	380	
412	381	
412	382	
413	383	
412	384	
413	385	
412	386	
413	386	
412	387	
412	388	
411	389	
411	390	
413	391	
413	392	
413	393	
413	394	
413	395	
414	396	
414	397	
413	398	
413	399	
413	400	
415	401	
415	402	
414	403	
414	404	
413	405	
413	406	
413	407	
413	408	
413	409	
413	410	
413	411	
413	412	
414	413	
414	414	
413	415	
414	416	
413	417	
413	418	
413	419	
413	420	
413	421	
405	422	
403	423	
403	424	
403	425	
404	426	
403	427	
403	428	
403	429	
403	430	
403	431	
401	432	
401	433	
401	434	
401	435	
402	436	
402	437	
403	438	
402	439	
400	440	
400	441	
401	442	
400	443	
400	444	
400	445	
400	446	
401	447	
401	448	
401	449	
401	450	
401	451	
402	452	
401	453	
401	454	
400	455	
400	456	
400	457	
401	458	
401	459	
401	460	
400	461	
400	462	
400	463	
401	464	
401	465	
401	466	
400	467	
400	468	
401	468	
400	469	
402	470	
402	471	
401	472	
401	473	
399	474	
399	475	
399	476	
399	477	
400	477	
400	478	
400	479	
399	480	
400	480	
401	481	
401	482	
401	483	
400	484	
401	485	
401	486	
401	487	
401	488	
402	489	
402	490	
403	490	
402	491	
402	492	
402	493	
401	494	
401	495	
402	496	
401	497	
403	498	
402	499	
401	500	
402	500	
401	501	
402	502	
402	503	
403	504	
402	505	
403	506	
403	507	
403	508	
403	509	
402	510	
404	510	
403	511	
402	512	
403	513	
404	514	
403	515	
404	515	
404	516	
404	517	
405	518	
405	519	
405	520	
406	521	
405	522	
406	523	
405	524	
406	524	
406	525	
407	526	
406	527	
407	528	
407	529	
406	530	
406	531	
407	532	
407	533	
407	534	
407	535	
407	536	
406	537	
407	538	
406	539	
406	540	
407	541	
407	542	
405	543	
405	544	
405	545	
405	546	
401	547	
401	548	
401	549	
401	550	
401	551	
402	552	
401	553	
401	554	
401	555	
402	556	
401	557	
400	558	
399	559	
400	560	
399	561	
400	561	
401	562	
400	563	
399	564	
400	565	
400	566	
399	567	
400	568	
399	569	
400	570	
399	571	
399	572	
398	573	
399	574	
398	575	
398	576	
399	577	
397	578	
398	579	
398	580	
398	581	
397	582	
397	583	
398	584	
398	585	
400	586	
398	587	
398	588	
398	589	
398	590	
399	591	
398	592	
399	593	
399	594	
398	595	
397	596	
397	597	
396	598	
395	599	
397	600	
396	601	
395	602	
395	603	
396	603	
395	604	
396	604	
395	605	
395	606	
396	607	
394	608	
396	609	
396	610	
396	611	
395	612	
396	613	
395	614	
396	615	
396	616	
396	617	
395	618	
396	619	
394	620	
395	621	
395	622	
394	623	
394	624	
395	624	
394	625	
394	626	
395	626	
394	627	
393	628	
393	629	
394	629	
394	630	
394	631	
394	632	
394	633	
394	634	
393	635	
393	636	
394	637	
394	638	
393	639	
394	640	
393	641	
393	642	
393	643	
393	644	
394	645	
394	646	
393	647	
393	648	
393	649	
395	649	
393	650	
394	650	
394	651	
393	652	
393	653	
394	653	
394	654	
394	655	
393	656	
393	657	
393	658	
393	659	
394	660	
394	661	
393	662	
394	663	
394	664	
393	665	
394	666	
393	667	
394	668	
394	669	
393	670	
396	671	
395	672	
395	673	
396	674	
397	675	
397	676	
395	677	
396	678	
396	679	
396	680	
395	681	
393	682	
395	683	
395	684	
396	684	
395	685	
395	686	
395	687	
396	688	
397	689	
393	690	
393	691	
395	692	
395	693	
395	694	
395	695	
395	696	
395	697	
396	698	
394	699	
395	700	
394	701	
394	702	
394	703	
394	704	
394	705	
395	706	
395	707	
395	708	
394	709	
395	709	
395	710	
395	711	
395	712	
395	713	
396	714	
396	715	
397	716	
396	717	
396	718	
396	719	
396	720	
396	721	
394	722	
396	723	
395	724	
395	725	
395	726	
395	727	
395	728	
396	729	
395	730	
396	731	
396	732	
396	733	
397	734	
396	735	
396	736	
396	737	
396	738	
396	739	
395	740	
395	741	
396	742	
396	743	
397	743	
396	744	
397	745	
395	746	
397	746	
397	747	
397	748	
396	749	
397	749	
396	750	
396	751	
397	752	
396	753	
395	754	
395	755	
396	755	
396	756	
396	757	
395	758	
396	759	
396	760	
396	761	
397	762	
397	763	
397	764	
397	765	
397	766	
398	767	
397	768	
398	769	
397	770	
397	771	
397	772	
398	773	
398	774	
398	775	
398	776	
398	777	
398	778	
398	779	
399	780	
398	781	
399	782	
399	783	
399	784	
399	785	
398	786	
398	787	
398	788	
398	789	
400	790	
400	791	
400	792	
400	793	
399	794	
399	795	
401	796	
401	797	
400	798	
400	799	
400	800	
402	800	
401	801	
401	802	
401	803	
402	804	
401	805	
401	806	
402	807	
402	808	
401	809	
401	810	
401	811	
401	812	
402	812	
401	813	
402	814	
402	815	
401	816	
402	816	
402	817	
402	818	
401	819	
402	819	
401	820	
402	821	
402	822	
402	823	
402	824	
402	825	
401	826	
402	827	
402	828	
402	829	
403	830	
404	831	
402	832	
403	832	
404	832	
402	833	
403	833	
403	834	
403	835	
402	836	
403	836	
402	837	
403	838	
403	839	
402	840	
402	841	
402	842	
402	843	
403	844	
402	845	
402	846	
402	847	
401	848	
403	848	
403	849	
402	850	
403	851	
403	852	
402	853	
403	854	
402	855	
402	856	
402	857	
402	858	
403	859	
402	860	
402	861	
403	861	
403	862	
403	863	
403	864	
403	865	
402	866	
402	867	
403	868	
403	869	
402	870	
402	871	
402	872	
402	873	
402	874	
403	875	
403	876	
402	877	
402	878	
402	879	
402	880	
404	881	
404	882	
403	883	
403	884	
403	885	
403	886	
404	887	
405	888	
404	889	
405	889	
405	890	
405	891	
402	892	
403	893	
403	894	
403	895	
404	896	
403	897	
404	898	
404	899	
403	900	
403	901	
403	902	
404	902	
404	903	
405	903	
404	904	
405	905	
405	906	
405	907	
405	908	
405	909	
405	910	
405	911	
404	912	
407	913	
406	914	
406	915	
406	916	
407	917	
404	918	
407	919	
405	920	
407	921	
407	922	
407	923	
407	924	
407	925	
407	926	
407	927	
407	944	
407	946	
407	947	
407	948	
404	949	
405	949	
404	950	
405	951	
405	952	
405	953	
406	954	
407	955	
400	1036	
400	1037	
398	1042	
398	1045	
398	1046	
398	1047	
398	1048	
390	1105	
390	1111	
390	1112	
390	1113	
390	1114	
390	1115	
