480	67	
413	329	
413	330	
413	331	
411	332	
411	333	
411	334	
411	335	
411	336	
411	337	
411	338	
411	339	
411	340	
411	341	
411	342	
411	343	
411	344	
411	345	
411	346	
411	347	
411	348	
411	349	
411	350	
412	350	
411	351	
411	352	
411	353	
411	354	
411	355	
411	356	
411	357	
411	358	
411	359	
411	360	
411	361	
411	362	
411	363	
411	364	
411	365	
411	366	
411	367	
411	368	
411	369	
411	370	
412	370	
412	371	
412	372	
412	373	
412	374	
411	375	
412	375	
412	376	
411	377	
412	377	
412	378	
412	379	
413	380	
413	381	
413	382	
412	383	
412	384	
413	385	
413	386	
413	387	
413	388	
413	389	
413	390	
413	391	
413	392	
413	393	
413	394	
413	395	
413	396	
413	397	
414	397	
413	398	
413	399	
413	400	
413	401	
413	402	
413	403	
414	404	
414	405	
414	406	
414	407	
414	408	
414	409	
414	410	
414	411	
414	412	
414	413	
415	413	
414	414	
415	415	
414	416	
414	417	
413	418	
413	419	
405	424	
405	425	
404	426	
403	427	
403	428	
403	429	
404	430	
402	431	
402	432	
402	433	
403	434	
403	435	
402	436	
402	437	
402	438	
402	439	
402	440	
401	441	
402	442	
401	443	
401	444	
401	445	
401	446	
401	447	
401	448	
401	449	
401	450	
401	451	
401	452	
401	453	
401	454	
401	455	
401	456	
401	457	
401	458	
401	459	
401	460	
401	461	
401	462	
401	463	
401	464	
401	465	
401	466	
401	467	
401	468	
401	469	
401	470	
401	471	
402	472	
401	473	
401	474	
401	475	
402	475	
403	476	
401	477	
401	478	
403	479	
403	480	
402	481	
402	482	
401	483	
401	484	
401	485	
401	486	
401	487	
402	488	
401	489	
401	490	
401	491	
402	492	
402	493	
401	494	
401	495	
401	496	
401	497	
402	498	
402	499	
403	500	
403	501	
403	502	
403	503	
403	504	
403	505	
404	506	
403	507	
404	508	
405	509	
404	510	
404	511	
405	512	
403	513	
406	513	
406	514	
405	515	
405	516	
405	517	
405	518	
405	519	
405	520	
406	521	
405	522	
406	523	
406	524	
407	525	
407	526	
407	527	
407	528	
408	529	
408	530	
408	531	
408	532	
408	533	
407	534	
408	535	
407	536	
407	537	
407	538	
407	539	
406	540	
406	541	
406	542	
406	543	
406	544	
406	545	
405	546	
404	547	
403	548	
403	549	
403	550	
402	551	
403	551	
403	552	
403	553	
402	554	
402	555	
401	556	
401	557	
402	558	
403	559	
402	560	
403	560	
401	561	
401	562	
401	563	
401	564	
400	565	
401	565	
399	566	
401	567	
399	568	
400	569	
398	570	
399	571	
399	572	
399	573	
399	574	
400	575	
399	576	
399	577	
399	578	
398	579	
397	580	
399	581	
399	582	
400	583	
400	584	
397	585	
399	586	
399	587	
399	588	
399	589	
396	590	
396	591	
398	592	
397	593	
397	594	
398	595	
397	596	
397	597	
397	598	
397	599	
397	600	
396	601	
397	602	
396	603	
395	604	
395	605	
395	606	
395	607	
395	608	
394	609	
395	610	
396	611	
395	612	
395	613	
395	614	
395	615	
395	616	
396	617	
395	618	
394	619	
395	619	
395	620	
395	621	
395	622	
395	623	
394	624	
395	625	
395	626	
394	627	
394	628	
393	629	
393	630	
395	631	
394	632	
395	633	
394	634	
395	635	
393	636	
394	637	
393	638	
394	639	
393	640	
394	640	
395	641	
395	642	
393	643	
393	644	
394	644	
394	645	
393	646	
394	646	
394	647	
394	648	
395	649	
395	650	
395	651	
393	652	
394	653	
394	654	
394	655	
394	656	
393	657	
393	658	
395	659	
394	660	
394	661	
395	662	
394	663	
395	664	
396	665	
395	666	
395	667	
394	668	
394	669	
395	670	
396	671	
396	672	
396	673	
397	674	
397	675	
397	676	
396	677	
396	678	
396	679	
396	680	
397	681	
396	682	
395	683	
396	684	
396	685	
396	686	
396	687	
395	688	
396	689	
396	690	
397	691	
397	692	
396	693	
396	694	
396	695	
395	696	
396	697	
396	698	
395	699	
395	700	
395	701	
397	702	
396	703	
396	704	
396	705	
396	706	
395	707	
395	708	
395	709	
396	710	
397	711	
395	712	
395	713	
396	714	
395	715	
396	716	
395	717	
395	718	
396	719	
396	720	
396	721	
396	722	
397	723	
397	724	
397	725	
397	726	
397	727	
395	728	
397	728	
396	729	
396	730	
397	730	
397	731	
398	731	
397	732	
396	733	
395	734	
395	735	
396	735	
396	736	
396	737	
396	738	
397	739	
396	740	
396	741	
397	742	
396	743	
395	744	
395	745	
397	746	
396	747	
397	748	
396	749	
396	750	
395	751	
396	752	
397	753	
397	754	
398	755	
397	756	
397	757	
397	758	
398	759	
398	760	
398	761	
398	762	
398	763	
398	764	
398	765	
398	766	
398	767	
398	768	
397	769	
398	769	
398	770	
398	771	
398	772	
399	773	
398	774	
399	775	
399	776	
398	777	
400	778	
399	779	
399	780	
400	781	
400	782	
400	783	
400	784	
400	785	
400	786	
401	787	
401	788	
400	789	
401	789	
401	790	
400	791	
400	792	
401	792	
400	793	
400	794	
402	795	
402	796	
401	797	
401	798	
402	799	
403	800	
403	801	
403	802	
403	803	
403	804	
403	805	
402	806	
402	807	
404	808	
404	809	
404	810	
404	811	
402	812	
402	813	
402	814	
401	815	
401	816	
401	817	
401	818	
401	819	
402	820	
403	821	
403	822	
402	823	
402	824	
402	825	
402	826	
402	827	
402	828	
403	829	
403	830	
403	831	
404	832	
403	833	
404	833	
404	834	
405	835	
405	836	
404	837	
402	838	
403	838	
403	839	
403	840	
403	841	
402	842	
402	843	
402	844	
403	845	
403	846	
402	847	
403	848	
404	849	
404	850	
403	851	
403	852	
403	853	
403	854	
403	855	
403	856	
404	857	
403	858	
404	858	
403	859	
402	860	
402	861	
405	862	
405	863	
405	864	
405	865	
405	866	
403	867	
402	868	
405	868	
403	869	
405	870	
405	871	
405	872	
404	873	
404	874	
404	875	
404	876	
404	877	
404	878	
404	879	
403	880	
404	880	
403	881	
403	882	
403	883	
405	884	
405	885	
405	886	
405	887	
404	888	
405	888	
404	889	
405	890	
405	891	
405	892	
405	893	
405	894	
405	895	
405	896	
405	897	
404	898	
404	899	
404	900	
404	901	
404	902	
406	903	
405	904	
405	905	
405	906	
404	907	
407	908	
407	909	
407	910	
406	911	
407	911	
406	912	
406	913	
406	914	
406	915	
405	916	
405	917	
406	918	
406	919	
406	920	
406	921	
406	922	
406	923	
406	924	
406	925	
406	926	
405	944	
407	945	
407	946	
407	947	
405	948	
407	949	
407	950	
407	951	
405	953	
406	954	
407	955	
407	956	
402	1033	
401	1034	
401	1035	
401	1036	
391	1119	
