484	86	
415	329	
415	330	
413	331	
414	332	
415	333	
414	334	
414	335	
414	336	
414	337	
413	338	
413	339	
413	340	
414	341	
414	342	
413	343	
413	344	
413	345	
413	346	
413	347	
413	348	
413	349	
413	350	
413	351	
414	352	
413	353	
413	354	
414	355	
414	356	
413	357	
414	358	
413	359	
413	360	
413	361	
413	362	
413	363	
413	364	
413	365	
413	366	
413	367	
413	368	
413	369	
413	370	
413	371	
414	372	
414	373	
415	373	
415	374	
413	375	
414	375	
413	376	
413	377	
413	378	
413	379	
413	380	
413	381	
415	382	
415	383	
414	384	
414	385	
414	386	
414	387	
414	388	
415	389	
415	390	
415	391	
415	392	
415	393	
415	394	
415	395	
415	396	
415	397	
415	398	
415	399	
416	400	
415	401	
416	402	
416	403	
417	404	
415	405	
415	406	
416	407	
416	408	
416	409	
416	410	
416	411	
416	412	
416	413	
416	414	
416	415	
415	416	
416	417	
417	418	
417	419	
407	421	
407	422	
407	423	
407	424	
405	425	
406	426	
405	427	
406	427	
405	428	
405	429	
405	430	
405	431	
405	432	
405	433	
406	434	
405	435	
405	436	
405	437	
403	438	
403	439	
403	440	
403	441	
404	441	
405	441	
404	442	
404	443	
403	444	
404	445	
403	446	
404	446	
403	447	
403	448	
403	449	
403	450	
403	451	
403	452	
403	453	
403	454	
403	455	
404	456	
404	457	
404	458	
403	459	
402	460	
402	461	
403	461	
402	462	
402	463	
402	464	
403	465	
404	466	
403	467	
403	468	
404	469	
403	470	
404	470	
403	471	
403	472	
403	473	
403	474	
403	475	
404	476	
403	477	
403	478	
403	479	
404	480	
404	481	
403	482	
403	483	
404	483	
403	484	
404	484	
405	485	
404	486	
403	487	
404	488	
403	489	
403	490	
403	491	
404	492	
403	493	
404	493	
403	494	
403	495	
405	496	
405	497	
404	498	
406	498	
405	499	
405	500	
405	501	
405	502	
405	503	
406	504	
406	505	
405	506	
405	507	
405	508	
405	509	
406	510	
406	511	
405	512	
406	513	
407	514	
407	515	
406	516	
407	517	
407	518	
407	519	
407	520	
408	521	
408	522	
408	523	
407	524	
408	525	
409	525	
407	526	
409	527	
409	528	
409	529	
409	530	
410	531	
409	532	
409	533	
409	534	
410	534	
410	535	
410	536	
410	537	
409	538	
409	539	
410	539	
410	540	
410	541	
409	542	
409	543	
409	544	
408	545	
408	546	
407	547	
407	548	
405	549	
405	550	
405	551	
405	552	
405	553	
406	554	
405	555	
403	556	
404	557	
403	558	
403	559	
404	560	
403	561	
403	562	
404	563	
404	564	
403	565	
402	566	
402	567	
401	568	
401	569	
401	570	
401	571	
401	572	
403	573	
402	574	
402	575	
402	576	
401	577	
401	578	
401	579	
401	580	
400	581	
401	581	
399	582	
399	583	
401	584	
400	585	
400	586	
399	587	
401	588	
400	589	
399	590	
401	591	
400	592	
400	593	
400	594	
400	595	
400	596	
400	597	
400	598	
399	599	
399	600	
399	601	
399	602	
399	603	
399	604	
398	605	
399	605	
397	606	
399	607	
398	608	
398	609	
397	610	
397	611	
398	611	
397	612	
398	613	
399	614	
397	615	
399	615	
397	616	
397	617	
397	618	
397	619	
398	620	
398	621	
397	622	
397	623	
397	624	
398	625	
397	626	
397	627	
396	628	
397	628	
396	629	
397	630	
397	631	
397	632	
396	633	
397	634	
397	635	
397	636	
395	637	
396	638	
396	639	
395	640	
396	641	
397	642	
397	643	
395	644	
396	645	
397	646	
396	647	
396	648	
397	648	
398	648	
396	649	
396	650	
396	651	
396	652	
397	653	
396	654	
396	655	
397	656	
397	657	
397	658	
396	659	
397	660	
397	661	
396	662	
397	663	
397	664	
398	665	
397	666	
397	667	
398	668	
397	669	
397	670	
397	671	
397	672	
398	673	
399	674	
399	675	
399	676	
399	677	
398	678	
400	679	
399	680	
400	681	
399	682	
399	683	
399	684	
399	685	
400	685	
400	686	
399	687	
399	688	
400	689	
399	690	
399	691	
400	692	
400	693	
400	694	
401	695	
397	696	
398	697	
398	698	
399	698	
398	699	
398	700	
398	701	
399	702	
399	703	
398	704	
400	705	
398	706	
399	707	
399	708	
399	709	
398	710	
398	711	
398	712	
398	713	
399	714	
399	715	
399	716	
398	717	
399	718	
397	719	
400	720	
400	721	
398	722	
400	723	
399	724	
398	725	
398	726	
399	727	
400	728	
398	729	
400	730	
399	731	
398	732	
399	732	
398	733	
399	734	
399	735	
399	736	
399	737	
399	738	
400	738	
398	739	
398	740	
399	740	
398	741	
398	742	
398	743	
399	743	
399	744	
398	745	
399	746	
400	746	
399	747	
399	748	
401	748	
399	749	
401	750	
401	751	
401	752	
399	753	
399	754	
399	755	
400	756	
401	757	
401	758	
400	759	
401	760	
400	761	
401	761	
401	762	
401	763	
400	764	
400	765	
400	766	
401	767	
400	768	
400	769	
400	770	
400	771	
400	772	
401	773	
400	774	
400	775	
401	776	
401	777	
401	778	
401	779	
400	780	
401	781	
401	782	
402	782	
402	783	
402	784	
403	785	
402	786	
402	787	
403	788	
403	789	
403	790	
403	791	
403	792	
403	793	
403	794	
403	795	
403	796	
403	797	
405	798	
405	799	
405	800	
405	801	
404	802	
404	803	
404	804	
403	805	
404	805	
404	806	
404	807	
404	808	
404	809	
404	810	
406	811	
406	812	
405	813	
405	814	
406	815	
404	816	
405	816	
405	817	
404	818	
405	819	
405	820	
404	821	
404	822	
405	823	
405	824	
405	825	
406	826	
405	827	
405	828	
406	829	
406	830	
406	831	
406	832	
406	833	
405	834	
406	835	
407	835	
406	836	
406	837	
407	837	
405	838	
405	839	
405	840	
405	841	
406	842	
405	843	
405	844	
406	845	
405	846	
405	847	
405	848	
407	849	
407	850	
407	851	
406	852	
405	853	
405	854	
405	855	
405	856	
406	857	
406	858	
406	859	
406	860	
405	861	
406	862	
406	863	
405	864	
405	865	
405	866	
406	866	
406	867	
406	868	
406	869	
407	869	
405	870	
407	870	
405	871	
406	872	
406	873	
406	874	
407	875	
406	876	
406	877	
406	878	
406	879	
406	880	
406	881	
407	882	
407	883	
408	884	
407	885	
407	886	
406	887	
406	888	
406	889	
406	890	
407	891	
407	892	
406	893	
406	894	
406	895	
406	896	
406	897	
406	898	
406	899	
406	900	
406	901	
406	902	
406	903	
407	904	
407	905	
408	906	
408	907	
407	908	
407	909	
407	910	
407	911	
407	912	
407	913	
408	914	
409	915	
409	916	
409	917	
408	918	
408	919	
409	920	
409	921	
409	922	
409	923	
409	924	
409	925	
409	926	
409	947	
409	948	
409	949	
410	950	
410	951	
407	952	
408	953	
407	954	
407	955	
404	1029	
405	1030	
393	1099	
394	1100	
394	1101	
396	1103	
394	1105	
