415	331	
415	332	
415	333	
415	334	
415	335	
415	336	
416	337	
415	338	
415	339	
415	340	
415	341	
415	342	
415	343	
414	344	
414	345	
415	345	
414	346	
415	347	
414	348	
414	349	
415	350	
414	351	
414	352	
415	353	
414	354	
414	355	
414	356	
414	357	
414	358	
414	359	
414	360	
414	361	
414	362	
414	363	
414	364	
414	365	
414	366	
414	367	
414	368	
414	369	
415	369	
414	370	
414	371	
414	372	
415	373	
415	374	
415	375	
415	376	
414	377	
414	378	
415	379	
415	380	
415	381	
415	382	
415	383	
415	384	
415	385	
415	386	
415	387	
416	387	
416	388	
416	389	
416	390	
416	391	
416	392	
416	393	
415	394	
415	395	
415	396	
416	397	
416	398	
416	399	
416	400	
417	401	
417	402	
418	403	
418	404	
417	405	
417	406	
416	407	
416	408	
417	409	
417	410	
417	411	
417	412	
417	413	
417	414	
417	415	
417	416	
417	417	
417	418	
411	419	
411	420	
409	422	
409	423	
409	424	
408	425	
407	426	
407	427	
407	428	
407	429	
406	430	
407	431	
406	432	
406	433	
406	434	
406	435	
405	436	
405	437	
405	438	
405	439	
405	440	
405	441	
405	442	
404	443	
404	444	
405	445	
405	446	
405	447	
405	448	
405	449	
405	450	
405	451	
403	452	
404	452	
405	453	
405	454	
403	455	
404	456	
404	457	
404	458	
404	459	
405	460	
403	461	
403	462	
403	463	
403	464	
404	464	
404	465	
404	466	
403	467	
403	468	
404	469	
404	470	
403	471	
403	472	
403	473	
404	473	
404	474	
404	475	
404	476	
404	477	
405	477	
405	478	
405	479	
406	480	
406	481	
406	482	
406	483	
405	484	
406	485	
405	486	
405	487	
405	488	
405	489	
405	490	
405	491	
405	492	
405	493	
405	494	
406	495	
406	496	
405	497	
406	497	
406	498	
405	499	
405	500	
405	501	
405	502	
406	503	
405	504	
406	505	
407	505	
406	506	
406	507	
408	508	
407	509	
407	510	
408	511	
408	512	
407	513	
408	513	
407	514	
407	515	
408	516	
408	517	
410	518	
409	519	
409	520	
409	521	
409	522	
409	523	
409	524	
410	524	
409	525	
409	526	
410	527	
409	528	
411	529	
410	530	
411	531	
409	532	
409	533	
410	534	
411	535	
410	536	
411	536	
411	537	
411	538	
410	539	
410	540	
410	541	
410	542	
410	543	
410	544	
409	545	
409	546	
408	547	
408	548	
407	549	
405	550	
406	551	
406	552	
406	553	
405	554	
405	555	
405	556	
404	557	
405	557	
405	558	
405	559	
405	560	
405	561	
403	562	
403	563	
403	564	
403	565	
404	565	
403	566	
404	567	
404	568	
404	569	
404	570	
404	571	
404	572	
403	573	
403	574	
403	575	
403	576	
402	577	
401	578	
402	578	
401	579	
402	580	
401	581	
401	582	
401	583	
401	584	
402	584	
402	585	
403	585	
403	586	
402	587	
402	588	
402	589	
401	590	
401	591	
399	592	
399	593	
402	594	
403	595	
401	596	
402	597	
399	598	
400	599	
399	600	
399	601	
399	602	
399	603	
400	604	
401	605	
399	606	
401	607	
402	608	
400	609	
400	610	
400	611	
399	612	
399	613	
400	614	
400	615	
400	616	
400	617	
400	618	
399	619	
399	620	
398	621	
397	622	
398	622	
398	623	
397	624	
398	625	
397	626	
398	627	
399	628	
398	629	
398	630	
399	631	
398	632	
398	633	
397	634	
398	634	
398	635	
397	636	
398	637	
397	638	
397	639	
398	639	
398	640	
397	641	
395	642	
396	643	
397	644	
397	645	
397	646	
397	647	
397	648	
397	649	
397	650	
398	651	
398	652	
397	653	
398	654	
396	655	
395	656	
397	657	
397	658	
397	659	
398	660	
397	661	
398	662	
398	663	
399	664	
398	665	
397	666	
398	667	
397	668	
398	669	
401	670	
400	671	
399	672	
400	672	
400	673	
401	674	
400	675	
401	676	
400	677	
400	678	
400	679	
400	680	
401	681	
401	682	
400	683	
401	683	
401	684	
400	685	
401	685	
401	686	
399	687	
401	688	
401	689	
402	689	
401	690	
401	691	
401	692	
401	693	
401	694	
401	695	
400	696	
400	697	
399	698	
399	699	
399	700	
400	701	
401	702	
401	703	
401	704	
401	705	
401	706	
401	707	
400	708	
401	708	
400	709	
400	710	
400	711	
399	712	
400	712	
400	713	
399	714	
401	715	
401	716	
401	717	
400	718	
400	719	
401	720	
400	721	
400	722	
400	723	
400	724	
400	725	
400	726	
400	727	
400	728	
400	729	
399	730	
400	731	
401	732	
400	733	
400	734	
401	735	
401	736	
400	737	
401	737	
401	738	
400	739	
401	739	
400	740	
401	740	
399	741	
400	741	
401	741	
399	742	
400	742	
400	743	
400	744	
400	745	
399	746	
399	747	
400	747	
400	748	
401	749	
401	750	
401	751	
401	752	
400	753	
401	753	
401	754	
400	755	
400	756	
401	757	
400	758	
401	758	
401	759	
401	760	
402	761	
400	762	
402	763	
402	764	
401	765	
401	766	
402	767	
403	768	
402	769	
403	769	
402	770	
401	771	
402	772	
402	773	
401	774	
402	774	
402	775	
402	776	
401	777	
402	777	
402	778	
402	779	
401	780	
401	781	
404	782	
402	783	
402	784	
404	785	
404	786	
404	787	
404	788	
404	789	
404	790	
404	791	
405	792	
405	793	
405	794	
406	795	
405	796	
405	797	
405	798	
405	799	
405	800	
405	801	
406	802	
406	803	
406	804	
406	805	
406	806	
406	807	
406	808	
406	809	
406	810	
405	811	
406	812	
406	813	
406	814	
406	815	
405	816	
405	817	
405	818	
405	819	
406	819	
406	820	
406	821	
406	822	
406	823	
406	824	
406	825	
406	826	
407	827	
406	828	
407	829	
407	830	
407	831	
407	832	
406	833	
407	834	
406	835	
406	836	
406	837	
406	838	
406	839	
406	840	
406	841	
405	842	
406	843	
407	843	
406	844	
406	845	
406	846	
406	847	
407	847	
407	848	
407	849	
408	850	
408	851	
408	852	
408	853	
407	854	
406	855	
406	856	
406	857	
406	858	
406	859	
406	860	
406	861	
408	862	
409	862	
408	863	
408	864	
407	865	
407	866	
407	867	
407	868	
407	869	
407	870	
407	871	
407	872	
407	873	
407	874	
407	875	
408	876	
407	877	
408	878	
407	879	
407	880	
407	881	
407	882	
409	883	
408	884	
408	885	
408	886	
407	887	
407	888	
407	889	
408	890	
409	891	
408	892	
408	893	
408	894	
408	895	
408	896	
408	897	
408	898	
409	899	
408	900	
408	901	
408	902	
409	903	
409	904	
408	905	
408	906	
409	907	
409	908	
410	909	
410	910	
410	911	
410	912	
410	913	
410	914	
408	915	
409	916	
409	917	
410	917	
410	918	
410	919	
410	920	
409	921	
409	922	
410	923	
410	924	
410	925	
409	926	
409	927	
409	928	
409	935	
409	936	
411	937	
411	938	
411	939	
409	946	
409	947	
410	948	
410	949	
410	950	
409	951	
408	952	
411	953	
411	954	
411	955	
407	977	
407	978	
407	979	
407	980	
405	1028	
404	1037	
405	1038	
405	1039	
406	1040	
397	1088	
394	1096	
394	1097	
394	1098	
394	1099	
394	1100	
394	1101	
394	1102	
396	1103	
396	1104	
394	1109	
394	1110	
394	1111	
395	1125	
