486	93	
417	333	
417	334	
417	335	
417	336	
416	337	
417	337	
417	338	
417	339	
417	340	
417	341	
417	342	
416	343	
416	344	
416	345	
416	346	
415	347	
415	348	
416	349	
415	350	
415	351	
415	352	
416	353	
416	354	
416	355	
416	356	
416	357	
416	358	
416	359	
416	360	
415	361	
415	362	
415	363	
415	364	
415	365	
415	366	
415	367	
416	367	
415	368	
415	369	
415	370	
416	371	
416	372	
416	373	
416	374	
415	375	
416	376	
416	377	
416	378	
416	379	
416	380	
416	381	
416	382	
416	383	
416	384	
416	385	
416	386	
416	387	
416	388	
416	389	
417	390	
417	391	
418	392	
418	393	
417	394	
417	395	
417	396	
417	397	
417	398	
417	399	
417	400	
417	401	
418	402	
419	403	
419	404	
419	405	
418	406	
417	407	
418	408	
418	409	
417	410	
417	411	
417	412	
417	413	
417	414	
419	415	
419	416	
419	417	
419	418	
409	419	
409	420	
411	421	
411	422	
409	423	
409	424	
409	425	
409	426	
409	427	
408	428	
407	429	
407	430	
407	431	
406	432	
407	433	
407	434	
407	435	
407	436	
406	437	
405	438	
405	439	
405	440	
405	441	
405	442	
406	443	
406	444	
407	445	
407	446	
406	447	
405	448	
406	449	
405	450	
405	451	
405	452	
405	453	
406	454	
406	455	
405	456	
405	457	
406	457	
406	458	
406	459	
406	460	
405	461	
406	461	
405	462	
405	463	
405	464	
405	465	
405	466	
405	467	
406	468	
406	469	
405	470	
405	471	
405	472	
405	473	
405	474	
405	475	
407	476	
405	477	
406	477	
405	478	
406	479	
405	480	
405	481	
406	482	
406	483	
406	484	
405	485	
406	486	
406	487	
406	488	
406	489	
406	490	
407	491	
407	492	
407	493	
407	494	
407	495	
407	496	
407	497	
406	498	
408	498	
407	499	
407	500	
407	501	
407	502	
408	503	
407	504	
407	505	
408	506	
408	507	
408	508	
407	509	
409	509	
408	510	
407	511	
409	512	
410	513	
410	514	
409	515	
409	516	
409	517	
410	518	
409	519	
409	520	
409	521	
409	522	
409	523	
410	523	
410	524	
411	525	
411	526	
412	527	
412	528	
411	529	
413	530	
413	531	
412	532	
412	533	
413	534	
411	535	
411	536	
412	536	
412	537	
411	538	
412	538	
412	539	
411	540	
411	541	
411	542	
411	543	
412	544	
411	545	
410	546	
410	547	
409	548	
409	549	
407	550	
407	551	
407	552	
407	553	
407	554	
407	555	
408	556	
406	557	
406	558	
407	559	
407	560	
405	561	
406	561	
406	562	
406	563	
406	564	
406	565	
406	566	
405	567	
406	567	
406	568	
405	569	
406	569	
405	570	
405	571	
406	571	
405	572	
404	573	
406	573	
405	574	
403	575	
404	575	
404	576	
405	577	
405	578	
403	579	
404	580	
403	581	
404	582	
403	583	
403	584	
403	585	
402	586	
404	587	
403	588	
403	589	
402	590	
402	591	
401	592	
402	593	
402	594	
402	595	
401	596	
403	596	
403	597	
402	598	
401	599	
401	600	
402	600	
401	601	
401	602	
401	603	
402	604	
401	605	
401	606	
401	607	
400	608	
400	609	
400	610	
400	611	
400	612	
401	612	
400	613	
400	614	
401	614	
401	615	
400	616	
400	617	
399	618	
400	619	
399	620	
400	621	
399	622	
401	623	
399	624	
400	625	
400	626	
400	627	
399	628	
400	628	
399	629	
400	630	
400	631	
400	632	
399	633	
399	634	
399	635	
400	636	
400	637	
400	638	
400	639	
399	640	
399	641	
399	642	
399	643	
400	644	
399	645	
400	646	
398	647	
399	647	
398	648	
399	649	
399	650	
397	651	
398	652	
397	653	
398	654	
398	655	
399	656	
399	657	
399	658	
400	659	
399	660	
400	661	
400	662	
400	663	
400	664	
400	665	
399	666	
399	667	
401	668	
400	669	
401	669	
400	670	
401	670	
400	671	
401	672	
401	673	
401	674	
402	675	
401	676	
402	677	
402	678	
402	679	
402	680	
402	681	
403	682	
402	683	
402	684	
403	685	
403	686	
403	687	
403	688	
403	689	
402	690	
403	691	
402	692	
401	693	
402	694	
402	695	
403	696	
402	697	
403	697	
402	698	
402	699	
402	700	
401	701	
401	702	
401	703	
401	704	
401	705	
402	705	
401	706	
402	706	
402	707	
402	708	
402	709	
402	710	
402	711	
401	712	
402	713	
402	714	
403	715	
403	716	
402	717	
402	718	
402	719	
402	720	
402	721	
402	722	
402	723	
403	724	
402	725	
402	726	
403	726	
402	727	
403	727	
401	728	
401	729	
402	730	
401	731	
401	732	
401	733	
402	733	
401	734	
401	735	
402	736	
403	737	
403	738	
403	739	
402	740	
403	740	
404	740	
402	741	
401	742	
401	743	
402	743	
403	743	
402	744	
401	745	
402	745	
402	746	
403	746	
402	747	
402	748	
401	749	
402	750	
401	751	
401	752	
402	752	
402	753	
401	754	
401	755	
401	756	
402	756	
401	757	
401	758	
402	759	
402	760	
402	761	
401	762	
402	762	
401	763	
402	764	
402	765	
403	766	
403	767	
402	768	
403	769	
403	770	
403	771	
404	771	
404	772	
404	773	
405	774	
404	775	
404	776	
404	777	
404	778	
404	779	
404	780	
405	781	
405	782	
405	783	
404	784	
405	784	
404	785	
404	786	
404	787	
405	788	
405	789	
406	790	
406	791	
406	792	
406	793	
406	794	
406	795	
405	796	
406	796	
407	797	
407	798	
407	799	
407	800	
407	801	
408	802	
407	803	
407	804	
408	805	
408	806	
407	807	
408	807	
408	808	
407	809	
407	810	
408	811	
408	812	
407	813	
407	814	
408	815	
406	816	
405	817	
406	818	
408	819	
408	820	
407	821	
407	822	
408	823	
407	824	
409	825	
408	826	
408	827	
408	828	
408	829	
409	829	
408	830	
407	831	
408	832	
408	833	
407	834	
408	834	
407	835	
408	835	
408	836	
407	837	
407	838	
408	839	
408	840	
409	841	
409	842	
408	843	
409	843	
409	844	
409	845	
409	846	
407	847	
408	848	
408	849	
408	850	
409	851	
409	852	
408	853	
409	854	
409	855	
409	856	
408	857	
410	858	
409	859	
408	860	
407	861	
407	862	
408	862	
408	863	
408	864	
408	865	
408	866	
408	867	
407	868	
407	869	
409	870	
409	871	
409	872	
408	873	
408	874	
407	875	
408	876	
409	877	
409	878	
409	879	
408	880	
409	881	
410	881	
409	882	
409	883	
409	884	
410	885	
409	886	
409	887	
408	888	
408	889	
407	890	
408	891	
408	892	
408	893	
409	894	
409	895	
409	896	
411	897	
411	898	
411	899	
409	900	
409	901	
409	902	
409	903	
411	904	
409	905	
410	906	
409	907	
410	908	
410	909	
411	910	
410	911	
410	912	
410	913	
410	914	
410	915	
410	916	
412	917	
412	918	
413	919	
413	920	
412	921	
412	922	
413	923	
413	924	
410	925	
410	926	
412	927	
412	928	
411	935	
411	936	
413	937	
413	938	
411	947	
410	948	
410	949	
413	950	
411	951	
411	952	
410	953	
409	954	
409	955	
411	956	
407	1038	
398	1079	
398	1080	
398	1081	
397	1088	
398	1089	
398	1090	
396	1093	
396	1094	
396	1095	
398	1097	
398	1098	
396	1099	
396	1100	
394	1103	
395	1104	
398	1107	
398	1108	
396	1109	
396	1110	
