419	338	
419	339	
420	340	
421	341	
421	342	
420	343	
420	344	
419	345	
419	346	
419	347	
419	348	
419	349	
419	350	
419	351	
418	352	
418	353	
418	354	
418	355	
418	356	
418	357	
418	358	
418	359	
419	360	
418	361	
418	362	
419	363	
418	364	
418	365	
418	366	
418	367	
417	368	
417	369	
417	370	
418	371	
418	372	
418	373	
418	374	
418	375	
418	376	
419	377	
418	378	
418	379	
418	380	
418	381	
419	382	
418	383	
419	383	
418	384	
419	385	
418	386	
418	387	
419	388	
419	389	
419	390	
420	390	
419	391	
419	392	
419	393	
420	394	
419	395	
419	396	
419	397	
420	397	
420	398	
420	399	
420	400	
421	401	
421	402	
421	403	
421	404	
421	405	
421	406	
420	407	
421	408	
421	409	
421	410	
421	411	
421	412	
421	413	
421	414	
421	415	
421	416	
421	417	
421	418	
421	419	
415	420	
413	421	
413	422	
413	423	
413	424	
413	425	
413	426	
409	427	
411	428	
412	429	
412	430	
411	431	
411	432	
410	433	
409	434	
409	435	
411	436	
411	437	
410	438	
409	439	
409	440	
409	441	
409	442	
409	443	
409	444	
409	445	
409	446	
409	447	
409	448	
409	449	
408	450	
408	451	
408	452	
409	452	
408	453	
408	454	
409	455	
409	456	
409	457	
408	458	
408	459	
407	460	
407	461	
407	462	
407	463	
408	463	
409	464	
410	465	
409	466	
410	467	
409	468	
408	469	
409	469	
407	470	
408	470	
408	471	
407	472	
408	473	
409	474	
408	475	
409	475	
409	476	
409	477	
408	478	
409	479	
408	480	
409	481	
408	482	
409	483	
409	484	
409	485	
409	486	
409	487	
409	488	
409	489	
409	490	
409	491	
410	492	
410	493	
409	494	
411	494	
409	495	
410	496	
410	497	
409	498	
409	499	
409	500	
409	501	
409	502	
410	503	
411	504	
411	505	
411	506	
411	507	
412	508	
411	509	
412	510	
412	511	
412	512	
412	513	
411	514	
411	515	
412	516	
413	517	
412	518	
413	519	
413	520	
413	521	
414	522	
413	523	
413	524	
414	525	
414	526	
414	527	
414	528	
416	529	
416	530	
415	531	
416	532	
415	533	
416	533	
415	534	
415	535	
415	536	
416	537	
416	538	
415	539	
415	540	
416	541	
415	542	
415	543	
415	544	
415	545	
413	546	
413	547	
415	548	
414	549	
414	550	
413	551	
413	552	
413	553	
409	554	
413	554	
411	555	
411	556	
411	557	
411	558	
410	559	
409	560	
410	561	
409	562	
408	563	
409	563	
407	564	
409	564	
408	565	
409	566	
407	567	
409	568	
407	569	
407	570	
407	571	
408	572	
407	573	
408	573	
407	574	
406	575	
407	575	
408	575	
408	576	
408	577	
408	578	
407	579	
407	580	
407	581	
407	582	
405	583	
404	584	
406	585	
405	586	
405	587	
405	588	
405	589	
405	590	
405	591	
405	592	
405	593	
405	594	
405	595	
406	596	
406	597	
406	598	
404	599	
405	600	
405	601	
406	602	
405	603	
406	604	
403	605	
405	605	
404	606	
403	607	
403	608	
404	608	
406	609	
404	610	
403	611	
403	612	
403	613	
403	614	
406	615	
405	616	
405	617	
403	618	
403	619	
403	620	
403	621	
403	622	
404	623	
405	624	
405	625	
405	626	
405	627	
405	628	
405	629	
405	630	
406	631	
405	632	
405	633	
404	634	
406	635	
404	636	
405	637	
404	638	
404	639	
403	640	
403	641	
403	642	
402	643	
403	644	
402	645	
403	646	
402	647	
403	648	
402	649	
403	650	
402	651	
403	652	
403	653	
402	654	
403	655	
403	656	
403	657	
403	658	
403	659	
403	660	
403	661	
402	662	
402	663	
403	664	
402	665	
402	666	
403	667	
402	668	
403	668	
402	669	
401	670	
403	671	
403	672	
403	673	
402	674	
402	675	
405	676	
405	677	
405	678	
405	679	
405	680	
405	681	
405	682	
405	683	
406	684	
405	685	
407	685	
407	686	
406	687	
406	688	
406	689	
406	690	
407	691	
406	692	
406	693	
406	694	
406	695	
406	696	
406	697	
406	698	
406	699	
405	700	
406	701	
407	702	
406	703	
407	704	
405	705	
406	706	
405	707	
406	708	
406	709	
406	710	
405	711	
405	712	
405	713	
405	714	
407	714	
406	715	
406	716	
407	717	
407	718	
405	719	
407	720	
403	721	
405	721	
404	722	
406	723	
406	724	
404	725	
405	725	
404	726	
404	727	
405	728	
404	729	
405	729	
405	730	
405	731	
405	732	
406	733	
406	734	
405	735	
405	736	
405	737	
406	738	
405	739	
406	740	
406	741	
406	742	
407	743	
406	744	
406	745	
405	746	
405	747	
405	748	
406	749	
405	750	
405	751	
407	752	
406	753	
406	754	
405	755	
406	756	
405	757	
405	758	
405	759	
406	759	
406	760	
406	761	
406	762	
406	763	
406	764	
407	765	
405	766	
407	766	
406	767	
406	768	
406	769	
407	770	
407	771	
408	772	
407	773	
407	774	
407	775	
407	776	
407	777	
407	778	
408	779	
408	780	
407	781	
408	782	
408	783	
408	784	
408	785	
407	786	
407	787	
408	788	
407	789	
408	790	
407	791	
409	792	
410	793	
410	794	
410	795	
410	796	
410	797	
410	798	
410	799	
409	800	
410	801	
410	802	
410	803	
409	804	
410	805	
410	806	
410	807	
410	808	
410	809	
410	810	
409	811	
409	812	
409	813	
410	813	
410	814	
411	815	
410	816	
410	817	
409	818	
410	819	
410	820	
409	821	
411	822	
411	823	
411	824	
411	825	
410	826	
410	827	
410	828	
410	829	
411	830	
411	831	
411	832	
411	833	
410	834	
410	835	
411	836	
410	837	
410	838	
411	839	
411	840	
410	841	
410	842	
411	843	
410	844	
411	844	
410	845	
411	845	
411	846	
410	847	
410	848	
410	849	
411	850	
411	851	
412	851	
410	852	
411	852	
410	853	
410	854	
410	855	
409	856	
409	857	
410	858	
411	859	
411	860	
411	861	
412	862	
410	863	
410	864	
410	865	
410	866	
412	867	
412	868	
410	869	
410	870	
411	871	
412	872	
412	873	
411	874	
412	875	
412	876	
412	877	
412	878	
412	879	
412	880	
412	881	
412	882	
412	883	
413	884	
413	885	
411	886	
412	887	
412	888	
412	889	
412	890	
413	890	
412	891	
412	892	
412	893	
412	894	
413	895	
413	896	
412	897	
412	898	
412	899	
412	900	
412	901	
412	902	
413	903	
414	904	
412	905	
413	906	
413	907	
413	908	
414	909	
414	910	
414	911	
414	912	
414	913	
413	914	
413	915	
414	916	
414	917	
414	918	
414	919	
414	920	
414	921	
414	922	
414	923	
415	924	
415	925	
415	926	
415	927	
415	928	
415	929	
413	945	
413	946	
413	947	
413	948	
413	949	
413	950	
414	951	
413	952	
413	953	
414	954	
414	955	
415	956	
415	967	
415	968	
408	1038	
408	1039	
408	1040	
409	1041	
409	1042	
402	1068	
400	1088	
400	1093	
399	1094	
398	1095	
398	1096	
398	1099	
398	1100	
400	1101	
399	1102	
398	1103	
