421	341	
421	342	
423	343	
423	344	
423	345	
422	346	
421	347	
421	348	
421	349	
421	350	
421	351	
421	352	
421	353	
421	354	
421	355	
421	356	
421	357	
421	358	
421	359	
422	359	
421	360	
421	361	
421	362	
421	363	
421	364	
421	365	
422	366	
421	367	
421	368	
421	369	
421	370	
422	371	
421	372	
421	373	
422	374	
421	375	
422	375	
421	376	
421	377	
421	378	
421	379	
421	380	
421	381	
421	382	
421	383	
421	384	
421	385	
421	386	
421	387	
421	388	
421	389	
421	390	
421	391	
421	392	
421	393	
421	394	
421	395	
421	396	
421	397	
421	398	
423	399	
423	400	
423	401	
422	402	
422	403	
422	404	
423	405	
423	406	
422	407	
422	408	
423	409	
423	410	
423	411	
423	412	
422	413	
423	413	
424	414	
424	415	
423	416	
423	417	
423	418	
423	419	
423	420	
417	422	
415	423	
415	424	
415	425	
415	426	
415	427	
415	428	
413	429	
413	430	
413	431	
413	432	
412	433	
413	434	
411	435	
411	436	
411	437	
411	438	
411	439	
412	440	
411	441	
411	442	
411	443	
412	444	
411	445	
411	446	
411	447	
411	448	
410	449	
411	449	
411	450	
411	451	
411	452	
411	453	
411	454	
411	455	
411	456	
411	457	
411	458	
411	459	
411	460	
411	461	
411	462	
411	463	
411	464	
411	465	
411	466	
411	467	
411	468	
411	469	
410	470	
412	470	
411	471	
411	472	
412	473	
411	474	
412	474	
411	475	
411	476	
411	477	
411	478	
412	479	
412	480	
412	481	
411	482	
412	483	
412	484	
412	485	
412	486	
411	487	
411	488	
411	489	
412	490	
412	491	
413	492	
413	493	
412	494	
412	495	
412	496	
412	497	
412	498	
412	499	
412	500	
413	501	
413	502	
413	503	
413	504	
412	505	
413	506	
413	507	
414	508	
413	509	
414	510	
414	511	
415	511	
415	512	
415	513	
415	514	
415	515	
415	516	
416	516	
416	517	
416	518	
415	519	
416	520	
416	521	
415	522	
417	523	
416	524	
417	525	
418	526	
417	527	
417	528	
418	529	
418	530	
418	531	
417	532	
418	532	
417	533	
418	534	
417	535	
417	536	
417	537	
417	538	
417	539	
418	540	
417	541	
417	542	
417	543	
417	544	
417	545	
417	546	
417	547	
415	548	
416	549	
416	550	
417	551	
417	552	
416	553	
417	554	
416	555	
415	556	
411	557	
411	558	
411	559	
412	560	
412	561	
413	562	
412	563	
411	564	
411	565	
411	566	
411	567	
412	568	
411	569	
411	570	
411	571	
412	572	
411	573	
409	574	
410	575	
411	575	
409	576	
409	577	
410	578	
410	579	
410	580	
409	581	
411	581	
410	582	
410	583	
410	584	
409	585	
409	586	
410	587	
409	588	
409	589	
410	590	
409	591	
409	592	
409	593	
409	594	
409	595	
408	596	
409	597	
407	598	
407	599	
405	600	
407	601	
408	602	
407	603	
407	604	
407	605	
408	606	
408	607	
408	608	
407	609	
408	610	
408	611	
409	611	
407	612	
408	612	
408	613	
407	614	
407	615	
406	616	
407	617	
407	618	
408	619	
408	620	
409	621	
408	622	
409	623	
408	624	
408	625	
407	626	
407	627	
408	628	
407	629	
408	629	
407	630	
407	631	
406	632	
407	633	
406	634	
406	635	
407	636	
407	637	
405	638	
407	639	
405	640	
405	641	
405	642	
405	643	
406	644	
406	645	
406	646	
407	646	
406	647	
406	648	
405	649	
406	650	
406	651	
405	652	
406	653	
406	654	
406	655	
405	656	
405	657	
406	658	
404	659	
405	659	
406	660	
406	661	
405	662	
405	663	
406	664	
406	665	
407	666	
407	667	
407	668	
405	669	
406	669	
406	670	
406	671	
406	672	
406	673	
405	674	
406	675	
405	676	
407	677	
406	678	
407	679	
407	680	
407	681	
408	682	
408	683	
409	684	
408	685	
408	686	
408	687	
408	688	
407	689	
407	690	
408	691	
409	691	
408	692	
409	693	
409	694	
410	695	
410	696	
409	697	
409	698	
409	699	
408	700	
409	700	
409	701	
408	702	
408	703	
407	704	
408	705	
407	706	
408	706	
407	707	
409	707	
409	708	
409	709	
407	710	
409	711	
409	712	
409	713	
408	714	
409	715	
409	716	
408	717	
409	718	
409	719	
408	720	
407	721	
407	722	
407	723	
408	724	
408	725	
408	726	
407	727	
408	727	
408	728	
407	729	
407	730	
408	730	
408	731	
408	732	
409	733	
408	734	
408	735	
408	736	
408	737	
408	738	
408	739	
408	740	
408	741	
408	742	
408	743	
409	744	
408	745	
408	746	
409	746	
408	747	
408	748	
408	749	
407	750	
408	750	
408	751	
408	752	
408	753	
407	754	
408	755	
408	756	
409	757	
409	758	
409	759	
409	760	
410	761	
410	762	
410	763	
410	764	
410	765	
411	766	
411	767	
410	768	
409	769	
410	770	
410	771	
409	772	
410	773	
410	774	
410	775	
410	776	
410	777	
410	778	
410	779	
411	780	
411	781	
411	782	
411	783	
411	784	
412	785	
411	786	
412	787	
412	788	
411	789	
411	790	
412	791	
412	792	
412	793	
412	794	
413	794	
412	795	
413	796	
414	797	
413	798	
413	799	
413	800	
412	801	
411	802	
411	803	
412	804	
412	805	
412	806	
414	807	
412	808	
412	809	
412	810	
413	810	
412	811	
411	812	
413	812	
412	813	
413	813	
413	814	
412	815	
413	816	
413	817	
414	818	
413	819	
413	820	
413	821	
413	822	
413	823	
412	824	
412	825	
413	826	
413	827	
414	828	
414	829	
414	830	
414	831	
413	832	
413	833	
414	834	
413	835	
412	836	
412	837	
413	838	
413	839	
412	840	
412	841	
413	841	
413	842	
414	843	
414	844	
413	845	
413	846	
413	847	
413	848	
413	849	
413	850	
413	851	
413	852	
414	852	
413	853	
414	854	
413	855	
414	856	
414	857	
414	858	
414	859	
414	860	
414	861	
415	862	
414	863	
414	864	
414	865	
413	866	
413	867	
414	868	
414	869	
416	870	
415	871	
415	872	
415	873	
414	874	
415	875	
414	876	
413	877	
414	877	
413	878	
414	879	
414	880	
414	881	
414	882	
415	883	
415	884	
414	885	
414	886	
414	887	
414	888	
414	889	
414	890	
414	891	
414	892	
414	893	
415	894	
415	895	
415	896	
415	897	
416	898	
415	899	
415	900	
415	901	
415	902	
414	903	
414	904	
415	904	
415	905	
415	906	
416	907	
416	908	
416	909	
417	910	
416	911	
416	912	
416	913	
415	914	
416	914	
416	915	
416	916	
417	917	
418	918	
417	919	
416	920	
417	920	
417	921	
417	922	
416	923	
417	924	
417	925	
417	926	
416	927	
417	949	
417	950	
417	951	
417	952	
417	953	
416	954	
417	963	
417	964	
418	965	
418	966	
411	1032	
410	1038	
411	1050	
410	1051	
403	1095	
403	1096	
404	1124	
404	1125	
