494	77	
494	78	
427	349	
427	350	
426	351	
426	352	
426	353	
425	354	
425	355	
425	356	
427	357	
425	358	
425	359	
425	360	
425	361	
425	362	
425	363	
425	364	
425	365	
426	366	
425	367	
425	368	
425	369	
426	370	
426	371	
425	372	
425	373	
425	374	
425	375	
425	376	
425	377	
426	378	
426	379	
425	380	
424	381	
424	382	
424	383	
425	384	
425	385	
425	386	
425	387	
425	388	
425	389	
425	390	
426	391	
425	392	
425	393	
425	394	
425	395	
425	396	
425	397	
425	398	
425	399	
425	400	
426	401	
426	402	
425	403	
425	404	
425	405	
426	406	
426	407	
426	408	
426	409	
426	410	
425	411	
426	411	
425	412	
427	413	
427	414	
427	415	
427	416	
427	417	
427	418	
427	419	
427	420	
419	422	
419	423	
420	424	
419	425	
419	426	
417	427	
417	428	
417	429	
418	430	
418	431	
418	432	
417	433	
417	434	
417	435	
417	436	
418	436	
416	437	
417	437	
417	438	
416	439	
416	440	
418	441	
417	442	
417	443	
417	444	
417	445	
416	446	
415	447	
415	448	
416	449	
416	450	
416	451	
416	452	
416	453	
416	454	
415	455	
415	456	
415	457	
415	458	
415	459	
415	460	
415	461	
415	462	
416	463	
416	464	
416	465	
416	466	
415	467	
415	468	
415	469	
416	470	
415	471	
415	472	
415	473	
416	473	
416	474	
415	475	
415	476	
415	477	
415	478	
416	479	
415	480	
417	481	
417	482	
417	483	
417	484	
416	485	
415	486	
416	487	
416	488	
415	489	
416	489	
417	489	
417	490	
416	491	
416	492	
416	493	
415	494	
417	495	
416	496	
417	496	
416	497	
418	497	
416	498	
417	498	
417	499	
416	500	
417	501	
417	502	
417	503	
417	504	
418	505	
417	506	
417	507	
417	508	
417	509	
418	510	
418	511	
417	512	
419	513	
418	514	
418	515	
419	516	
419	517	
420	518	
420	519	
421	520	
421	521	
420	522	
420	523	
421	524	
419	525	
420	526	
422	527	
421	528	
422	529	
421	530	
422	531	
421	532	
422	533	
421	534	
422	535	
421	536	
422	537	
422	538	
421	539	
421	540	
422	541	
422	542	
422	543	
422	544	
421	545	
421	546	
421	547	
421	548	
422	549	
421	550	
421	551	
421	552	
420	553	
421	553	
420	554	
419	555	
420	556	
420	557	
420	558	
421	559	
421	560	
418	561	
418	562	
417	563	
417	564	
416	565	
415	566	
416	567	
413	568	
414	569	
415	570	
415	571	
415	572	
415	573	
415	574	
415	575	
415	576	
415	577	
414	578	
414	579	
414	580	
414	581	
413	582	
414	582	
414	583	
413	584	
414	585	
413	586	
413	587	
414	587	
413	588	
413	589	
414	590	
413	591	
414	591	
413	592	
413	593	
413	594	
413	595	
413	596	
413	597	
410	598	
411	599	
412	600	
411	601	
412	602	
411	603	
412	604	
410	605	
412	606	
411	607	
412	607	
411	608	
411	609	
412	610	
411	611	
413	611	
413	612	
413	613	
413	614	
413	615	
413	616	
413	617	
412	618	
413	618	
411	619	
412	619	
413	620	
412	621	
413	622	
412	623	
413	624	
413	625	
413	626	
413	627	
413	628	
412	629	
412	630	
411	631	
411	632	
411	633	
411	634	
411	635	
412	636	
411	637	
411	638	
411	639	
411	640	
409	641	
410	641	
409	642	
409	643	
409	644	
409	645	
409	646	
409	647	
410	648	
410	649	
410	650	
410	651	
410	652	
410	653	
409	654	
409	655	
409	656	
410	657	
411	657	
410	658	
410	659	
410	660	
409	661	
412	662	
412	663	
411	664	
410	665	
411	666	
411	667	
410	668	
411	669	
410	670	
410	671	
411	671	
410	672	
410	673	
411	673	
410	674	
410	675	
411	675	
411	676	
411	677	
410	678	
411	679	
412	680	
412	681	
413	682	
411	683	
412	684	
412	685	
413	685	
412	686	
412	687	
412	688	
411	689	
413	690	
413	691	
414	692	
413	693	
413	694	
414	695	
415	696	
414	697	
415	698	
415	699	
414	700	
414	701	
414	702	
414	703	
413	704	
414	704	
414	705	
414	706	
414	707	
413	708	
413	709	
414	709	
413	710	
414	710	
413	711	
414	712	
414	713	
413	714	
413	715	
414	716	
414	717	
413	718	
413	719	
415	720	
415	721	
414	722	
414	723	
413	724	
413	725	
413	726	
414	726	
413	727	
413	728	
413	729	
412	730	
413	731	
413	732	
413	733	
413	734	
413	735	
412	736	
413	737	
413	738	
412	739	
412	740	
411	741	
412	741	
413	742	
413	743	
413	744	
412	745	
412	746	
413	747	
413	748	
413	749	
413	750	
413	751	
413	752	
413	753	
414	754	
414	755	
413	756	
413	757	
414	758	
414	759	
414	760	
413	761	
414	762	
414	763	
414	764	
415	764	
414	765	
414	766	
415	767	
415	768	
415	769	
413	770	
415	771	
414	772	
414	773	
415	773	
414	774	
414	775	
415	776	
415	777	
415	778	
415	779	
415	780	
415	781	
415	782	
416	783	
416	784	
417	785	
417	786	
416	787	
416	788	
416	789	
415	790	
417	790	
416	791	
416	792	
417	792	
417	793	
417	794	
416	795	
417	796	
417	797	
418	798	
417	799	
418	799	
418	800	
416	801	
417	802	
417	803	
416	804	
416	805	
416	806	
416	807	
417	808	
417	809	
416	810	
416	811	
416	812	
416	813	
416	814	
417	815	
417	816	
417	817	
417	818	
417	819	
418	820	
418	821	
418	822	
418	823	
418	824	
418	825	
418	826	
417	827	
417	828	
417	829	
418	830	
418	831	
418	832	
418	833	
418	834	
417	835	
418	836	
418	837	
417	838	
418	838	
418	839	
417	840	
417	841	
417	842	
418	843	
419	844	
419	845	
419	846	
419	847	
418	848	
419	848	
419	849	
418	850	
418	851	
417	852	
417	853	
418	854	
419	855	
419	856	
418	857	
417	858	
417	859	
417	860	
418	860	
417	861	
417	862	
417	863	
417	864	
418	865	
419	866	
418	867	
418	868	
418	869	
419	870	
417	871	
417	872	
418	873	
418	874	
418	875	
419	876	
419	877	
419	878	
419	879	
418	880	
418	881	
418	882	
418	883	
419	884	
419	885	
419	886	
419	887	
419	888	
418	889	
419	889	
418	890	
418	891	
419	892	
419	893	
419	894	
419	895	
419	896	
420	897	
421	898	
421	899	
421	900	
420	901	
419	902	
419	903	
420	904	
420	905	
421	906	
421	907	
422	907	
422	908	
421	909	
421	910	
420	911	
420	912	
420	913	
420	914	
420	915	
421	916	
422	917	
422	918	
420	919	
420	920	
422	921	
423	921	
423	922	
423	923	
423	924	
421	925	
421	926	
421	927	
421	951	
415	1036	
412	1060	
406	1091	
406	1092	
406	1093	
406	1103	
406	1110	
408	1117	
