266	62	
266	63	
266	64	
195	507	
195	508	
197	509	
197	510	
197	511	
197	512	
197	513	
197	514	
197	515	
197	516	
194	517	
195	518	
195	519	
196	519	
195	520	
195	521	
195	522	
195	523	
195	524	
195	525	
195	526	
195	527	
195	528	
195	529	
195	530	
195	531	
194	532	
195	532	
193	533	
193	534	
195	534	
194	535	
192	536	
193	536	
194	537	
195	538	
194	539	
192	540	
192	541	
192	542	
192	543	
192	544	
192	545	
191	546	
192	547	
192	548	
192	549	
191	550	
192	551	
192	552	
192	553	
191	554	
189	555	
189	556	
189	557	
189	558	
191	558	
191	559	
191	560	
191	561	
191	562	
187	563	
189	564	
189	565	
189	566	
188	567	
188	568	
186	569	
186	570	
188	571	
188	572	
187	573	
188	573	
188	574	
188	575	
188	576	
188	577	
186	578	
186	579	
186	580	
189	581	
189	582	
186	583	
187	584	
188	585	
188	586	
189	587	
189	588	
189	589	
187	590	
189	591	
191	592	
191	593	
188	594	
191	595	
191	596	
191	597	
191	598	
185	606	
183	609	
184	610	
185	611	
185	612	
185	613	
183	615	
182	616	
185	619	
185	620	
185	621	
182	622	
185	622	
182	623	
183	624	
185	625	
185	626	
185	627	
182	628	
182	629	
182	630	
182	631	
182	632	
185	633	
185	634	
181	635	
181	636	
185	637	
185	638	
185	639	
184	640	
185	641	
184	642	
184	643	
184	644	
184	645	
184	646	
185	647	
185	648	
185	649	
184	650	
183	651	
183	652	
184	653	
187	655	
187	656	
187	657	
187	658	
186	659	
185	660	
185	661	
188	662	
186	663	
186	664	
187	665	
187	666	
187	667	
187	668	
188	669	
188	670	
188	671	
188	672	
188	673	
188	674	
188	675	
188	676	
187	677	
191	678	
191	679	
191	680	
191	681	
188	682	
188	683	
188	684	
191	685	
191	686	
191	687	
190	688	
193	688	
193	689	
193	690	
193	691	
192	692	
193	692	
193	693	
192	694	
192	695	
192	696	
192	697	
195	698	
195	699	
194	700	
194	701	
194	702	
194	703	
194	704	
194	705	
194	706	
193	707	
194	708	
194	709	
197	710	
197	711	
197	712	
196	713	
199	718	
199	719	
188	1040	
188	1041	
190	1043	
184	1080	
184	1081	
184	1082	
184	1083	
184	1084	
