498	71	
498	72	
498	73	
498	74	
429	353	
429	354	
429	355	
429	356	
429	357	
429	358	
428	359	
428	360	
429	361	
429	362	
429	363	
428	364	
428	365	
428	366	
428	367	
428	368	
428	369	
428	370	
428	371	
428	372	
428	373	
428	374	
427	375	
427	376	
428	377	
427	378	
427	379	
427	380	
427	381	
427	382	
427	383	
427	384	
427	385	
427	386	
427	387	
427	388	
428	389	
428	390	
428	391	
429	392	
429	393	
429	394	
428	395	
429	395	
428	396	
427	397	
427	398	
427	399	
428	400	
428	401	
428	402	
429	403	
429	404	
429	405	
428	406	
429	406	
428	407	
428	408	
429	409	
429	410	
429	411	
429	412	
429	413	
429	414	
429	415	
429	416	
429	417	
429	418	
430	419	
429	420	
429	421	
429	422	
423	423	
423	424	
421	425	
421	426	
421	427	
421	428	
421	429	
421	430	
421	431	
420	432	
421	433	
420	434	
419	435	
419	436	
419	437	
419	438	
419	439	
419	440	
419	441	
419	442	
419	443	
418	444	
418	445	
417	446	
419	446	
419	447	
419	448	
420	449	
419	450	
418	451	
418	452	
418	453	
419	454	
418	455	
418	456	
417	457	
417	458	
417	459	
417	460	
418	461	
418	462	
417	463	
418	463	
420	463	
419	464	
417	465	
419	466	
418	467	
418	468	
417	469	
417	470	
418	471	
418	472	
418	473	
418	474	
418	475	
418	476	
418	477	
418	478	
418	479	
417	480	
418	481	
417	482	
418	483	
419	484	
418	485	
418	486	
418	487	
418	488	
418	489	
418	490	
418	491	
417	492	
419	493	
420	494	
418	495	
419	495	
419	496	
419	497	
419	498	
419	499	
419	500	
419	501	
420	502	
420	503	
420	504	
421	505	
421	506	
421	507	
421	508	
420	509	
419	510	
421	511	
421	512	
421	513	
421	514	
422	514	
421	515	
421	516	
421	517	
421	518	
421	519	
422	520	
423	521	
424	522	
423	523	
424	524	
424	525	
424	526	
424	527	
423	528	
424	528	
424	529	
424	530	
425	531	
425	532	
424	533	
425	534	
424	535	
424	536	
425	537	
424	538	
425	538	
423	539	
424	539	
423	540	
423	541	
423	542	
423	543	
423	544	
423	545	
423	546	
423	547	
423	548	
423	549	
423	550	
424	551	
424	552	
423	553	
424	554	
424	555	
424	556	
424	557	
423	558	
423	559	
423	560	
422	561	
421	562	
421	563	
421	564	
421	565	
419	566	
421	567	
421	568	
420	569	
417	570	
417	571	
418	572	
418	573	
417	574	
417	575	
417	576	
418	577	
417	578	
418	579	
417	580	
417	581	
417	582	
417	583	
415	584	
415	585	
415	586	
415	587	
417	588	
415	589	
416	590	
416	591	
415	592	
415	593	
415	594	
416	595	
415	596	
415	597	
417	598	
417	599	
417	600	
417	601	
416	602	
417	603	
416	604	
415	605	
415	606	
416	607	
415	608	
415	609	
416	610	
415	611	
416	612	
416	613	
416	614	
416	615	
417	615	
416	616	
416	617	
415	618	
416	619	
417	620	
417	621	
417	622	
416	623	
417	624	
415	625	
415	626	
417	627	
417	628	
415	629	
415	630	
415	631	
416	632	
417	633	
419	634	
416	635	
415	636	
416	637	
413	638	
414	639	
415	639	
415	640	
415	641	
416	642	
413	643	
413	644	
415	645	
416	646	
414	647	
413	648	
414	649	
413	650	
413	651	
413	652	
414	653	
413	654	
414	655	
415	656	
414	657	
413	658	
414	659	
414	660	
413	661	
414	662	
413	663	
414	664	
414	665	
414	666	
413	667	
414	668	
413	669	
413	670	
415	670	
413	671	
414	671	
414	672	
414	673	
414	674	
414	675	
414	676	
413	677	
413	678	
414	679	
414	680	
414	681	
415	682	
415	683	
414	684	
415	685	
416	686	
416	687	
416	688	
416	689	
416	690	
415	691	
416	692	
415	693	
416	693	
415	694	
416	695	
415	696	
415	697	
416	698	
415	699	
415	700	
415	701	
415	702	
416	703	
417	704	
416	705	
415	706	
415	707	
417	708	
417	709	
417	710	
417	711	
416	712	
416	713	
415	714	
415	715	
416	716	
417	717	
417	718	
417	719	
416	720	
417	721	
417	722	
415	723	
416	724	
416	725	
417	726	
415	727	
417	728	
415	729	
415	730	
418	730	
416	731	
415	732	
416	733	
416	734	
415	735	
416	736	
416	737	
416	738	
417	739	
416	740	
416	741	
416	742	
417	743	
416	744	
416	745	
416	746	
415	747	
417	748	
416	749	
416	750	
415	751	
416	752	
415	753	
417	754	
418	755	
417	756	
416	757	
417	757	
416	758	
416	759	
416	760	
416	761	
416	762	
415	763	
417	764	
417	765	
418	766	
417	767	
417	768	
419	769	
419	770	
419	771	
418	772	
418	773	
418	774	
418	775	
418	776	
419	777	
417	778	
418	779	
418	780	
418	781	
419	782	
418	783	
418	784	
419	784	
419	785	
419	786	
418	787	
417	788	
418	788	
417	789	
418	790	
418	791	
417	792	
418	792	
417	793	
418	794	
421	795	
420	796	
419	797	
419	798	
419	799	
419	800	
420	801	
420	802	
419	803	
420	804	
420	805	
420	806	
419	807	
420	807	
420	808	
420	809	
420	810	
420	811	
421	811	
420	812	
420	813	
419	814	
420	815	
420	816	
420	817	
420	818	
419	819	
420	820	
420	821	
420	822	
420	823	
421	824	
420	825	
421	826	
420	827	
419	828	
419	829	
421	830	
421	831	
420	832	
420	833	
421	834	
421	835	
420	836	
420	837	
420	838	
420	839	
421	839	
420	840	
420	841	
421	842	
422	842	
419	843	
422	843	
421	844	
421	845	
419	846	
420	847	
420	848	
421	849	
420	850	
420	851	
420	852	
419	853	
419	854	
420	855	
421	856	
420	857	
421	858	
421	859	
421	860	
421	861	
421	862	
420	863	
420	864	
421	864	
421	865	
421	866	
420	867	
421	868	
421	869	
421	870	
420	871	
420	872	
422	873	
422	874	
421	875	
421	876	
421	877	
422	878	
421	879	
422	879	
422	880	
422	881	
422	882	
422	883	
423	884	
423	885	
423	886	
422	887	
421	888	
421	889	
421	890	
421	891	
422	892	
422	893	
423	894	
423	895	
423	896	
423	897	
422	898	
422	899	
422	900	
422	901	
423	902	
423	903	
424	904	
424	905	
424	906	
425	907	
425	908	
425	909	
423	910	
423	911	
423	912	
425	913	
425	914	
425	915	
425	916	
426	917	
423	918	
424	918	
425	918	
423	919	
424	919	
424	920	
424	921	
424	922	
425	923	
426	924	
426	925	
426	926	
426	927	
425	928	
425	929	
423	961	
424	962	
425	963	
425	964	
424	965	
423	966	
423	967	
414	1066	
414	1067	
410	1112	
408	1113	
408	1114	
412	1117	
408	1120	
408	1121	
408	1127	
408	1128	
408	1129	
