502	85	
502	86	
502	87	
433	361	
433	362	
433	363	
432	364	
431	365	
431	366	
432	367	
432	368	
432	369	
432	370	
432	371	
433	372	
433	373	
432	374	
432	375	
432	376	
431	377	
432	377	
432	378	
432	379	
432	380	
432	381	
432	382	
432	383	
432	384	
432	385	
432	386	
432	387	
431	388	
431	389	
431	390	
431	391	
432	392	
431	393	
431	394	
432	394	
431	395	
431	396	
431	397	
431	398	
431	399	
432	400	
432	401	
432	402	
432	403	
432	404	
432	405	
432	406	
432	407	
432	408	
432	409	
432	410	
432	411	
432	412	
432	413	
432	414	
432	415	
433	416	
433	417	
433	418	
433	419	
433	420	
433	421	
433	422	
433	423	
427	424	
427	425	
427	426	
427	427	
425	428	
425	429	
425	430	
425	431	
424	432	
425	433	
425	434	
424	435	
424	436	
422	437	
422	438	
422	439	
423	440	
423	441	
424	442	
423	443	
424	443	
422	444	
422	445	
423	446	
423	447	
423	448	
423	449	
423	450	
422	451	
422	452	
422	453	
421	454	
422	454	
421	455	
421	456	
421	457	
423	458	
422	459	
421	460	
422	460	
423	461	
421	462	
421	463	
421	464	
422	465	
422	466	
421	467	
421	468	
422	469	
422	470	
421	471	
422	472	
421	473	
421	474	
422	475	
421	476	
422	477	
423	478	
422	479	
422	480	
422	481	
423	482	
423	483	
422	484	
422	485	
424	486	
423	487	
422	488	
423	488	
423	489	
423	490	
423	491	
422	492	
423	492	
423	493	
423	494	
424	495	
423	496	
424	497	
423	498	
423	499	
424	500	
423	501	
423	502	
424	503	
424	504	
424	505	
423	506	
423	507	
424	508	
424	509	
423	510	
425	511	
425	512	
426	513	
426	514	
426	515	
426	516	
425	517	
426	517	
425	518	
427	518	
425	519	
426	519	
427	519	
426	520	
426	521	
427	522	
428	523	
428	524	
428	525	
427	526	
428	527	
428	528	
429	529	
429	530	
429	531	
430	532	
429	533	
429	534	
430	535	
429	536	
430	537	
429	538	
430	539	
428	540	
427	541	
428	541	
428	542	
428	543	
428	544	
427	545	
428	546	
427	547	
427	548	
428	549	
427	550	
427	551	
427	552	
427	553	
427	554	
428	555	
428	556	
428	557	
426	558	
426	559	
426	560	
427	560	
427	561	
426	562	
426	563	
426	564	
426	565	
425	566	
426	566	
425	567	
425	568	
426	568	
425	569	
426	570	
424	571	
425	572	
424	573	
424	575	
423	576	
423	577	
423	578	
423	579	
422	580	
423	581	
423	582	
422	583	
422	584	
421	585	
421	586	
421	587	
421	588	
421	589	
421	590	
421	591	
421	592	
421	593	
422	594	
421	595	
422	596	
421	597	
421	598	
421	599	
421	600	
421	601	
421	602	
421	603	
421	604	
421	605	
421	606	
422	606	
422	607	
419	608	
419	609	
420	610	
419	611	
419	612	
420	613	
422	614	
421	615	
421	616	
421	617	
421	618	
421	619	
420	620	
420	621	
421	622	
421	623	
421	624	
422	625	
421	626	
422	626	
421	627	
423	628	
423	629	
423	630	
422	631	
422	632	
421	633	
422	634	
422	635	
423	636	
422	637	
423	637	
422	638	
422	639	
421	640	
422	640	
423	640	
423	641	
423	642	
423	643	
423	644	
423	645	
422	646	
421	647	
421	648	
421	649	
421	650	
420	651	
419	652	
419	653	
419	654	
419	655	
419	656	
417	657	
419	658	
418	659	
418	660	
419	661	
418	662	
418	663	
417	664	
417	665	
417	666	
418	667	
417	668	
418	668	
418	669	
418	670	
418	671	
418	672	
417	673	
418	674	
418	675	
417	676	
417	677	
417	678	
418	679	
418	680	
418	681	
419	681	
417	682	
418	683	
418	684	
417	685	
418	686	
419	687	
419	688	
419	689	
418	690	
420	690	
419	691	
419	692	
420	693	
419	694	
419	695	
420	696	
421	697	
421	698	
419	699	
420	700	
421	701	
420	702	
421	703	
421	704	
422	705	
422	706	
421	707	
420	708	
421	709	
420	710	
422	710	
421	711	
421	712	
421	713	
421	714	
421	715	
421	716	
421	717	
421	718	
421	719	
420	720	
419	721	
420	722	
421	723	
420	724	
421	725	
421	726	
422	727	
421	728	
422	729	
421	730	
422	731	
423	732	
420	733	
419	734	
419	735	
420	736	
421	736	
420	737	
419	738	
421	739	
421	740	
421	741	
419	742	
419	743	
420	744	
420	745	
422	746	
420	747	
421	748	
419	749	
419	750	
420	751	
420	752	
421	753	
421	754	
421	755	
422	756	
421	757	
422	757	
421	758	
421	759	
422	760	
422	761	
421	762	
421	763	
421	764	
421	765	
422	765	
421	766	
422	767	
421	768	
421	769	
422	770	
421	771	
421	772	
422	773	
421	774	
422	774	
422	775	
421	776	
422	776	
421	777	
421	778	
422	778	
421	779	
422	779	
422	780	
422	781	
422	782	
422	783	
421	784	
422	785	
422	786	
423	787	
423	788	
423	789	
423	790	
423	791	
423	792	
423	793	
423	794	
424	795	
424	796	
424	797	
424	798	
423	799	
424	800	
423	801	
424	801	
423	802	
423	803	
423	804	
423	805	
424	806	
424	807	
423	808	
424	808	
423	809	
424	810	
423	811	
424	811	
423	812	
424	813	
424	814	
424	815	
424	816	
424	817	
424	818	
425	819	
425	820	
425	821	
424	822	
425	822	
426	823	
424	824	
424	825	
424	826	
424	827	
424	828	
424	829	
424	830	
424	831	
425	832	
424	833	
424	834	
424	835	
424	836	
424	837	
424	838	
424	839	
424	840	
424	841	
424	842	
424	843	
424	844	
424	845	
424	846	
424	847	
424	848	
424	849	
424	850	
424	851	
424	852	
424	853	
424	854	
424	855	
425	856	
425	857	
425	858	
425	859	
425	860	
425	861	
425	862	
425	863	
425	864	
425	865	
425	866	
426	867	
426	868	
425	869	
425	870	
425	871	
426	871	
425	872	
425	873	
424	874	
424	875	
425	876	
425	877	
425	878	
425	879	
425	880	
425	881	
425	882	
425	883	
425	884	
425	885	
425	886	
427	887	
427	888	
425	889	
425	890	
425	891	
425	892	
426	893	
426	894	
426	895	
426	896	
427	896	
427	897	
427	898	
426	899	
426	900	
426	901	
427	902	
427	903	
427	904	
427	905	
427	906	
427	907	
428	908	
427	909	
427	910	
427	911	
428	912	
427	913	
427	914	
428	915	
428	916	
428	917	
429	917	
429	918	
430	919	
428	920	
428	921	
428	922	
428	923	
428	924	
428	925	
428	926	
429	927	
429	928	
429	929	
420	1044	
420	1045	
420	1046	
420	1047	
420	1048	
421	1049	
421	1050	
416	1079	
416	1080	
412	1121	
412	1127	
412	1128	
413	1129	
