504	90	
504	91	
504	92	
435	366	
434	367	
435	368	
435	369	
435	370	
435	371	
434	372	
434	373	
433	374	
433	375	
433	376	
434	377	
435	378	
433	379	
433	380	
433	381	
433	382	
433	383	
433	384	
433	385	
433	386	
433	387	
433	388	
433	389	
433	390	
433	391	
433	392	
433	393	
433	394	
433	395	
433	396	
433	397	
433	398	
433	399	
433	400	
433	401	
433	402	
433	403	
434	404	
433	405	
433	406	
433	407	
433	408	
433	409	
433	410	
433	411	
433	412	
433	413	
433	414	
433	415	
433	416	
434	417	
434	418	
434	419	
434	420	
434	421	
434	422	
434	423	
429	424	
429	425	
429	426	
427	427	
427	428	
425	429	
425	430	
426	431	
426	432	
425	433	
425	434	
425	435	
425	436	
425	437	
425	438	
425	439	
425	440	
425	441	
425	442	
425	443	
424	444	
424	445	
423	446	
424	446	
423	447	
423	448	
423	449	
423	450	
424	451	
425	452	
424	453	
424	454	
424	455	
423	456	
423	457	
423	458	
423	459	
423	460	
424	461	
424	462	
423	463	
424	463	
424	464	
424	465	
424	466	
424	467	
423	468	
423	469	
425	469	
425	470	
424	471	
424	472	
424	473	
423	474	
424	474	
424	475	
424	476	
425	477	
425	478	
424	479	
424	480	
424	481	
424	482	
424	483	
423	484	
424	485	
424	486	
424	487	
424	488	
424	489	
424	490	
424	491	
424	492	
425	492	
425	493	
424	494	
424	495	
423	496	
424	496	
424	497	
425	498	
425	499	
425	500	
425	501	
425	502	
426	502	
426	503	
426	504	
426	505	
426	506	
425	507	
425	508	
427	509	
426	510	
426	511	
426	512	
426	513	
427	513	
427	514	
428	515	
428	516	
428	517	
427	518	
427	519	
428	520	
428	521	
429	522	
429	523	
429	524	
429	525	
430	526	
430	527	
430	528	
430	529	
430	530	
431	531	
431	532	
431	533	
431	534	
432	534	
431	535	
431	536	
430	537	
430	538	
430	539	
429	540	
430	541	
429	542	
429	543	
429	544	
429	545	
429	546	
429	547	
428	548	
429	549	
430	549	
427	550	
428	551	
429	552	
429	553	
429	554	
429	555	
429	556	
429	557	
428	558	
428	559	
429	560	
428	561	
428	562	
428	563	
427	564	
427	565	
428	565	
427	566	
427	567	
426	568	
427	568	
427	569	
426	570	
427	571	
427	572	
427	573	
425	574	
426	575	
426	576	
425	577	
424	578	
425	579	
425	580	
425	581	
425	582	
423	583	
423	584	
423	585	
423	586	
424	586	
423	587	
423	588	
423	589	
423	590	
423	591	
422	592	
423	593	
423	594	
423	595	
423	596	
423	597	
425	598	
423	599	
423	600	
423	601	
424	602	
424	603	
424	604	
424	605	
422	606	
423	607	
423	608	
422	609	
423	610	
424	611	
424	612	
423	613	
421	614	
422	615	
424	616	
425	617	
423	618	
423	619	
424	620	
424	621	
424	622	
424	623	
424	624	
423	625	
423	626	
423	627	
424	628	
423	629	
423	630	
423	631	
424	632	
423	633	
424	634	
423	635	
424	636	
423	637	
423	638	
424	639	
423	640	
423	641	
424	642	
424	643	
423	644	
423	645	
423	646	
423	647	
423	648	
423	649	
425	650	
421	651	
423	652	
423	653	
423	654	
419	655	
419	656	
419	657	
420	658	
419	659	
420	659	
419	660	
421	660	
420	661	
421	662	
421	663	
420	664	
420	665	
419	666	
420	667	
419	668	
420	669	
421	670	
421	671	
421	672	
421	673	
421	674	
421	675	
419	676	
421	677	
421	678	
419	679	
422	680	
420	681	
421	682	
421	683	
421	684	
422	685	
421	686	
421	687	
421	688	
422	689	
422	690	
421	691	
422	692	
422	693	
421	694	
422	694	
423	695	
422	696	
421	697	
421	698	
423	698	
422	699	
422	700	
423	701	
423	702	
422	703	
423	704	
421	705	
422	705	
423	705	
423	706	
422	707	
423	708	
423	709	
423	710	
421	711	
422	712	
421	713	
422	714	
422	715	
422	716	
421	717	
423	718	
423	719	
423	720	
423	721	
423	722	
421	723	
421	724	
421	725	
422	726	
421	727	
423	728	
421	729	
422	730	
423	730	
422	731	
422	732	
422	733	
422	734	
422	735	
421	736	
421	737	
423	738	
422	739	
422	740	
423	741	
422	742	
422	743	
421	744	
423	745	
423	746	
423	747	
423	748	
422	749	
423	749	
422	750	
422	751	
423	751	
423	752	
423	753	
424	754	
423	755	
422	756	
422	757	
423	758	
423	759	
422	760	
424	761	
422	762	
424	762	
424	763	
424	764	
422	765	
422	766	
424	767	
423	768	
423	769	
424	770	
423	771	
424	772	
424	773	
424	774	
424	775	
424	776	
423	777	
423	778	
423	779	
423	780	
423	781	
424	782	
423	783	
423	784	
424	785	
425	786	
425	787	
425	788	
425	789	
425	790	
426	791	
427	792	
426	793	
426	794	
425	795	
425	796	
425	797	
425	798	
426	799	
426	800	
425	801	
425	802	
425	803	
426	804	
426	805	
426	806	
426	807	
425	808	
426	808	
426	809	
424	810	
424	811	
425	812	
426	813	
426	814	
425	815	
426	815	
425	816	
425	817	
425	818	
426	819	
426	820	
426	821	
426	822	
426	823	
425	824	
426	824	
426	825	
426	826	
426	827	
426	828	
426	829	
426	830	
426	831	
426	832	
426	833	
426	834	
426	835	
425	836	
425	837	
426	837	
425	838	
426	839	
426	840	
426	841	
426	842	
426	843	
426	844	
426	845	
425	846	
425	847	
425	848	
427	849	
427	850	
425	851	
425	852	
427	852	
426	853	
426	854	
426	855	
426	856	
426	857	
426	858	
426	859	
426	860	
426	861	
427	861	
426	862	
426	863	
426	864	
426	865	
426	866	
425	867	
425	868	
425	869	
425	870	
428	871	
427	872	
427	873	
426	874	
426	875	
426	876	
427	876	
427	877	
427	878	
428	879	
427	880	
427	881	
427	882	
428	883	
428	884	
428	885	
428	886	
428	887	
429	888	
427	889	
427	890	
428	891	
430	892	
427	893	
427	894	
428	895	
428	896	
428	897	
428	898	
428	899	
427	900	
429	901	
429	902	
428	903	
430	904	
429	905	
429	906	
429	907	
429	908	
429	909	
429	910	
431	911	
430	912	
430	913	
429	914	
430	915	
430	916	
429	917	
429	918	
429	919	
430	920	
431	920	
431	921	
431	922	
431	923	
430	924	
430	925	
430	926	
430	927	
422	1043	
422	1044	
423	1045	
423	1046	
423	1047	
423	1048	
422	1049	
422	1050	
420	1058	
418	1073	
418	1074	
419	1075	
420	1076	
418	1077	
418	1078	
414	1123	
414	1124	
