506	75	
439	371	
439	372	
439	373	
439	374	
439	375	
439	376	
439	377	
439	378	
437	379	
437	380	
437	381	
436	382	
435	383	
436	384	
437	385	
437	386	
437	387	
437	388	
436	389	
437	389	
436	390	
436	391	
436	392	
436	393	
436	394	
436	395	
436	396	
436	397	
437	397	
436	398	
437	398	
436	399	
437	400	
437	401	
437	402	
436	403	
435	404	
437	405	
436	406	
437	406	
436	407	
437	408	
437	409	
438	410	
438	411	
438	412	
437	413	
437	414	
437	415	
437	416	
437	417	
438	418	
437	419	
437	420	
438	421	
437	422	
437	423	
437	424	
437	425	
433	426	
433	427	
433	428	
431	429	
431	430	
431	431	
430	432	
430	433	
429	434	
429	435	
429	436	
428	437	
427	438	
427	439	
430	440	
429	441	
429	442	
428	443	
428	444	
429	445	
429	446	
428	447	
428	448	
427	449	
427	450	
427	451	
427	452	
427	453	
427	454	
427	455	
427	456	
427	457	
427	458	
426	459	
428	460	
427	461	
427	462	
427	463	
427	464	
427	465	
428	466	
427	467	
426	468	
426	469	
426	470	
426	471	
426	472	
426	473	
427	474	
427	475	
427	476	
427	477	
428	478	
428	479	
427	480	
428	481	
428	482	
427	483	
427	484	
427	485	
428	486	
427	487	
427	488	
428	488	
428	489	
428	490	
427	491	
427	492	
428	493	
427	494	
428	494	
427	495	
428	496	
427	497	
428	497	
428	498	
427	499	
428	500	
429	501	
430	502	
430	503	
430	504	
430	505	
429	506	
429	507	
430	508	
430	509	
429	510	
430	511	
430	512	
430	513	
429	514	
431	515	
432	516	
431	517	
433	517	
433	518	
433	519	
433	520	
432	521	
432	522	
433	523	
434	524	
433	525	
433	526	
433	527	
433	528	
435	529	
434	530	
434	531	
435	532	
435	533	
433	534	
434	535	
433	536	
434	537	
433	538	
434	538	
433	539	
433	540	
433	541	
432	542	
431	543	
433	544	
432	545	
432	546	
432	547	
431	548	
431	549	
432	550	
431	551	
433	552	
431	553	
431	554	
432	555	
432	556	
431	557	
432	557	
433	558	
432	559	
431	560	
433	561	
432	562	
431	563	
432	563	
431	564	
432	565	
431	566	
432	567	
431	568	
431	569	
431	570	
430	571	
430	572	
431	573	
432	574	
431	575	
430	576	
430	577	
429	578	
429	579	
429	580	
429	581	
430	582	
428	583	
429	583	
429	584	
429	585	
430	585	
429	586	
428	587	
429	587	
427	588	
428	589	
427	590	
427	591	
427	592	
428	592	
427	593	
428	593	
427	594	
426	595	
427	596	
428	597	
428	598	
428	599	
427	600	
427	601	
428	602	
427	603	
428	603	
427	604	
428	605	
428	606	
429	607	
427	608	
427	609	
427	610	
427	611	
428	612	
427	613	
428	614	
426	615	
427	616	
427	617	
425	618	
427	619	
426	620	
426	621	
426	622	
426	623	
426	624	
427	625	
427	626	
427	627	
427	628	
427	629	
428	630	
426	631	
428	631	
427	632	
429	632	
428	633	
426	634	
427	635	
427	636	
427	637	
428	638	
427	639	
427	640	
427	641	
428	642	
427	643	
428	644	
428	645	
428	646	
428	647	
428	648	
428	649	
427	650	
427	651	
427	652	
427	653	
428	653	
427	654	
426	655	
425	656	
426	657	
427	658	
427	659	
425	660	
424	661	
425	661	
423	662	
425	662	
423	663	
424	664	
424	665	
423	666	
423	667	
424	668	
423	669	
424	669	
424	670	
425	670	
425	671	
423	672	
424	673	
424	674	
424	675	
424	676	
424	677	
425	678	
423	679	
423	680	
424	681	
425	682	
425	683	
425	684	
425	685	
425	686	
425	687	
425	688	
425	689	
426	690	
426	691	
426	692	
425	693	
426	694	
426	695	
427	696	
427	697	
428	698	
427	699	
427	700	
426	701	
427	701	
428	701	
425	702	
425	703	
425	704	
426	705	
426	706	
425	707	
425	708	
426	709	
426	710	
426	711	
425	712	
426	713	
426	714	
426	715	
426	716	
425	717	
426	718	
426	719	
425	720	
425	721	
426	722	
426	723	
427	723	
427	724	
426	725	
427	726	
427	727	
427	728	
428	728	
426	729	
425	730	
427	731	
426	732	
427	733	
425	734	
427	734	
426	735	
427	736	
427	737	
426	738	
427	738	
426	739	
427	740	
425	741	
426	742	
427	743	
426	744	
427	744	
427	745	
426	746	
426	747	
426	748	
426	749	
426	750	
426	751	
425	752	
425	753	
426	754	
427	755	
427	756	
426	757	
426	758	
425	759	
427	760	
427	761	
427	762	
427	763	
426	764	
426	765	
427	766	
427	767	
427	768	
427	769	
427	770	
427	771	
428	772	
427	773	
426	774	
428	775	
428	776	
427	777	
428	777	
429	778	
428	779	
427	780	
427	781	
428	781	
428	782	
429	782	
429	783	
429	784	
428	785	
428	786	
428	787	
428	788	
427	789	
427	790	
428	791	
428	792	
428	793	
428	794	
428	795	
427	796	
428	797	
428	798	
428	799	
428	800	
428	801	
428	802	
427	803	
428	803	
428	804	
428	805	
428	806	
428	807	
429	808	
428	809	
428	810	
428	811	
427	812	
428	813	
428	814	
429	815	
429	816	
429	817	
429	818	
429	819	
429	820	
428	821	
429	822	
429	823	
429	824	
429	825	
429	826	
429	827	
430	828	
429	829	
428	830	
429	830	
429	831	
429	832	
430	833	
429	834	
430	835	
430	836	
430	837	
430	838	
429	839	
431	840	
431	841	
430	842	
431	842	
430	843	
430	844	
429	845	
429	846	
430	847	
429	848	
430	848	
430	849	
429	850	
429	851	
430	851	
430	852	
430	853	
430	854	
430	855	
431	856	
431	857	
430	858	
430	859	
430	860	
430	861	
430	862	
430	863	
430	864	
430	865	
430	866	
430	867	
430	868	
430	869	
431	870	
431	871	
430	872	
431	873	
431	874	
431	875	
431	876	
431	877	
430	878	
429	879	
430	880	
430	881	
430	882	
430	883	
430	884	
430	885	
431	886	
431	887	
431	888	
432	889	
432	890	
431	891	
431	892	
431	893	
432	894	
431	895	
431	896	
431	897	
432	898	
432	899	
432	900	
433	901	
433	902	
433	903	
433	904	
433	905	
433	906	
432	907	
432	908	
433	909	
433	910	
433	911	
433	912	
433	913	
433	914	
433	915	
434	916	
434	917	
433	918	
435	919	
435	920	
435	921	
434	922	
434	923	
434	924	
435	925	
435	926	
435	927	
435	928	
422	1064	
422	1065	
422	1069	
423	1070	
423	1077	
423	1078	
420	1081	
421	1081	
420	1082	
420	1085	
421	1086	
420	1103	
420	1108	
420	1109	
420	1115	
419	1135	
