512	72	
512	73	
512	80	
512	81	
445	387	
445	388	
443	389	
443	390	
443	391	
443	392	
443	393	
443	394	
443	395	
443	396	
443	397	
443	398	
444	399	
444	400	
442	401	
442	402	
443	402	
443	403	
443	404	
443	405	
444	406	
442	407	
443	408	
442	409	
442	410	
441	411	
441	412	
442	413	
443	414	
443	415	
443	416	
443	417	
443	418	
443	419	
442	420	
443	421	
443	422	
444	423	
443	424	
444	425	
444	426	
444	427	
445	428	
443	429	
443	430	
437	431	
437	432	
437	433	
435	434	
435	435	
435	436	
435	437	
435	438	
435	439	
435	440	
435	441	
435	442	
434	443	
434	444	
435	445	
435	446	
434	447	
434	448	
434	449	
434	450	
433	451	
434	451	
433	452	
433	453	
433	454	
433	455	
433	456	
433	457	
433	458	
433	459	
434	460	
433	461	
433	462	
434	463	
433	464	
433	465	
433	466	
433	467	
433	468	
433	469	
433	470	
433	471	
433	472	
434	473	
433	474	
433	475	
434	476	
433	477	
433	478	
433	479	
434	480	
433	481	
433	482	
433	483	
433	484	
433	485	
433	486	
433	487	
433	488	
433	489	
433	490	
433	491	
434	492	
435	493	
435	494	
434	495	
434	496	
434	497	
435	497	
433	498	
434	499	
435	500	
435	501	
436	502	
436	503	
435	504	
435	505	
435	506	
436	507	
437	507	
436	508	
437	509	
436	510	
437	510	
436	511	
436	512	
437	513	
437	514	
437	515	
438	515	
437	516	
438	517	
438	518	
438	519	
438	520	
439	520	
439	521	
439	522	
439	523	
439	524	
439	525	
441	526	
441	527	
442	528	
442	529	
442	530	
442	531	
441	532	
442	532	
441	533	
441	534	
441	535	
441	536	
441	537	
441	538	
441	539	
441	540	
440	541	
439	542	
441	543	
441	544	
439	545	
440	545	
439	546	
439	547	
439	548	
439	549	
439	550	
439	551	
438	552	
438	553	
438	554	
439	555	
436	556	
437	557	
437	558	
438	558	
438	559	
437	560	
437	561	
437	562	
437	563	
438	564	
437	565	
437	566	
437	567	
437	568	
437	569	
437	570	
438	571	
438	572	
435	573	
436	574	
436	575	
437	576	
437	577	
436	578	
437	579	
436	580	
436	581	
436	582	
435	583	
435	584	
436	585	
436	586	
435	587	
436	588	
435	589	
436	590	
435	591	
435	592	
436	593	
435	594	
436	595	
434	596	
435	596	
433	597	
433	598	
434	599	
433	600	
433	601	
434	602	
434	603	
433	604	
433	605	
434	606	
434	607	
433	608	
433	609	
433	610	
434	611	
433	612	
433	613	
434	613	
433	614	
433	615	
434	616	
433	617	
433	618	
433	619	
432	620	
433	621	
433	622	
432	623	
432	624	
433	624	
434	625	
432	626	
435	626	
432	627	
433	627	
433	628	
433	629	
433	630	
433	631	
433	632	
434	633	
434	634	
436	634	
435	635	
431	636	
433	636	
435	637	
433	638	
434	638	
434	639	
433	640	
433	641	
433	642	
433	643	
432	644	
434	645	
433	646	
434	647	
434	648	
434	649	
435	650	
435	651	
435	652	
435	653	
433	654	
434	655	
434	656	
435	657	
436	658	
435	659	
435	660	
435	661	
436	662	
437	663	
433	664	
433	665	
431	666	
433	667	
433	668	
434	669	
431	670	
432	671	
433	672	
434	673	
434	674	
434	675	
433	676	
433	677	
433	678	
433	679	
431	680	
431	681	
431	682	
433	683	
433	684	
433	685	
433	686	
434	687	
435	688	
435	689	
433	690	
433	691	
433	692	
434	693	
433	694	
433	695	
432	696	
433	697	
433	698	
433	699	
433	700	
433	701	
434	702	
433	703	
434	703	
433	704	
434	704	
433	705	
434	705	
433	706	
433	707	
434	707	
434	708	
434	709	
433	710	
433	711	
433	712	
433	713	
433	714	
433	715	
434	716	
435	716	
435	717	
435	718	
435	719	
434	720	
435	720	
434	721	
434	722	
435	723	
435	724	
433	725	
433	726	
434	727	
434	728	
433	729	
434	729	
433	730	
434	731	
434	732	
434	733	
434	734	
435	734	
435	735	
435	736	
434	737	
434	738	
434	739	
433	740	
434	740	
433	741	
435	741	
434	742	
434	743	
435	744	
434	745	
435	746	
435	747	
433	748	
433	749	
434	750	
435	751	
433	752	
434	753	
434	754	
434	755	
434	756	
434	757	
434	758	
433	759	
434	760	
434	761	
434	762	
434	763	
434	764	
433	765	
434	766	
434	767	
434	768	
433	769	
434	770	
433	771	
434	771	
433	772	
434	773	
434	774	
435	775	
434	776	
435	777	
435	778	
435	779	
434	780	
433	781	
434	782	
433	783	
434	783	
434	784	
434	785	
434	786	
434	787	
435	787	
435	788	
435	789	
434	790	
434	791	
434	792	
434	793	
434	794	
434	795	
434	796	
434	797	
433	798	
434	798	
434	799	
434	800	
434	801	
435	802	
435	803	
435	804	
435	805	
436	806	
435	807	
435	808	
436	809	
437	810	
433	811	
434	812	
436	813	
436	814	
435	815	
435	816	
435	817	
435	818	
436	819	
436	820	
436	821	
436	822	
436	823	
436	824	
436	825	
436	826	
436	827	
435	828	
436	829	
436	830	
437	831	
436	832	
436	833	
436	834	
436	835	
436	836	
437	836	
436	837	
436	838	
436	839	
435	840	
435	841	
436	842	
435	843	
436	843	
436	844	
437	844	
437	845	
437	846	
436	847	
437	848	
436	849	
437	850	
437	851	
436	852	
436	853	
437	854	
437	855	
436	856	
436	857	
437	858	
436	859	
437	859	
436	860	
437	861	
437	862	
438	863	
435	864	
435	865	
435	866	
435	867	
435	868	
436	869	
435	870	
435	871	
435	872	
438	873	
438	874	
437	875	
437	876	
438	877	
436	878	
436	879	
436	880	
437	881	
437	882	
437	883	
437	884	
438	884	
437	885	
437	886	
438	887	
437	888	
437	889	
438	890	
439	891	
439	892	
439	893	
438	894	
438	895	
438	896	
439	897	
439	898	
440	899	
441	900	
439	901	
439	902	
440	903	
439	904	
439	905	
439	906	
440	907	
440	908	
439	909	
439	910	
439	911	
440	912	
439	913	
439	914	
440	915	
440	916	
440	917	
440	918	
440	919	
441	920	
442	921	
442	922	
441	923	
441	924	
441	925	
441	926	
431	1054	
430	1055	
430	1056	
432	1058	
