516	80	
516	81	
516	82	
516	83	
518	85	
447	395	
447	396	
447	397	
448	398	
448	399	
448	400	
448	401	
448	402	
447	403	
447	404	
447	405	
447	406	
447	407	
447	408	
447	409	
447	410	
447	411	
447	412	
447	413	
447	414	
447	415	
446	416	
446	417	
446	418	
447	418	
447	419	
447	420	
447	421	
447	422	
448	423	
448	424	
447	425	
448	425	
448	426	
448	427	
448	428	
448	429	
448	430	
448	431	
448	432	
447	433	
447	434	
440	435	
439	436	
439	437	
440	438	
441	439	
440	440	
440	441	
440	442	
439	443	
439	444	
438	445	
439	446	
438	447	
438	448	
439	449	
438	450	
438	451	
438	452	
438	453	
439	454	
438	455	
439	455	
438	456	
438	457	
438	458	
438	459	
438	460	
437	461	
437	462	
437	463	
437	464	
438	465	
437	466	
438	466	
437	467	
437	468	
438	469	
437	470	
438	470	
438	471	
438	472	
437	473	
437	474	
437	475	
437	476	
437	477	
437	478	
438	478	
437	479	
438	479	
437	480	
437	481	
438	482	
438	483	
437	484	
438	485	
438	486	
438	487	
438	488	
437	489	
438	490	
437	491	
437	492	
438	493	
438	494	
439	495	
439	496	
440	497	
440	498	
440	499	
440	500	
439	501	
439	502	
439	503	
440	504	
440	505	
440	506	
440	507	
440	508	
440	509	
442	510	
442	511	
441	512	
441	513	
441	514	
441	515	
442	516	
443	517	
444	518	
443	519	
443	520	
443	521	
443	522	
445	523	
445	524	
445	525	
445	526	
446	527	
446	528	
446	529	
446	530	
446	531	
446	532	
446	533	
446	534	
446	535	
446	536	
446	537	
446	538	
446	539	
446	540	
446	541	
446	542	
445	543	
445	544	
445	545	
444	546	
443	547	
443	548	
443	549	
442	550	
442	551	
443	552	
441	553	
442	554	
441	555	
441	556	
441	557	
440	558	
441	559	
441	560	
441	561	
441	562	
441	563	
441	564	
441	565	
441	566	
441	567	
442	568	
441	569	
441	570	
441	571	
440	572	
441	573	
440	574	
440	575	
440	576	
440	577	
441	578	
442	579	
440	580	
439	581	
440	582	
440	583	
441	584	
440	585	
440	586	
440	587	
440	588	
441	589	
440	590	
439	591	
440	592	
440	593	
438	594	
438	595	
438	596	
437	597	
439	597	
438	598	
437	599	
437	600	
438	601	
437	602	
437	603	
438	604	
438	605	
437	606	
437	607	
437	608	
438	609	
436	610	
438	610	
438	611	
437	612	
437	613	
438	614	
438	615	
438	616	
438	617	
437	618	
438	619	
437	620	
437	621	
438	621	
437	622	
438	623	
437	624	
437	625	
437	626	
438	627	
437	628	
438	629	
437	630	
437	631	
438	632	
438	633	
438	634	
437	635	
438	635	
437	636	
437	637	
437	638	
437	639	
438	640	
438	641	
437	642	
439	643	
438	644	
438	645	
437	646	
437	647	
438	648	
438	649	
437	650	
438	650	
438	651	
439	652	
439	653	
439	654	
439	655	
439	656	
440	657	
439	658	
440	659	
440	660	
440	661	
440	662	
440	663	
440	664	
441	665	
440	666	
440	667	
440	668	
442	669	
442	670	
442	671	
442	672	
442	673	
439	674	
439	675	
439	676	
441	677	
441	678	
440	679	
441	680	
441	681	
441	682	
441	683	
441	684	
439	685	
441	686	
439	687	
441	688	
440	689	
439	690	
439	691	
441	692	
439	693	
439	694	
439	695	
440	696	
439	697	
440	697	
440	698	
440	699	
440	700	
441	701	
440	702	
440	703	
440	704	
441	705	
441	706	
437	707	
439	708	
440	709	
440	710	
439	711	
439	712	
439	713	
439	714	
438	715	
438	716	
438	717	
439	718	
439	719	
439	720	
438	721	
438	722	
438	723	
440	724	
439	725	
439	726	
438	727	
439	728	
437	729	
437	730	
440	730	
438	731	
439	732	
439	733	
439	734	
439	735	
439	736	
439	737	
438	738	
438	739	
438	740	
438	741	
438	742	
437	743	
438	743	
438	744	
439	744	
437	745	
439	745	
439	746	
439	747	
438	748	
438	749	
438	750	
438	751	
437	752	
437	753	
439	753	
438	754	
438	755	
437	756	
439	756	
439	757	
439	758	
439	759	
439	760	
439	761	
439	762	
439	763	
439	764	
439	765	
439	766	
439	767	
439	768	
438	769	
439	770	
439	771	
439	772	
439	773	
440	774	
439	775	
439	776	
440	776	
439	777	
439	778	
439	779	
439	780	
439	781	
440	782	
439	783	
439	784	
439	785	
440	785	
439	786	
439	787	
440	788	
440	789	
439	790	
440	790	
440	791	
440	792	
440	793	
439	794	
439	795	
439	796	
440	797	
440	798	
440	799	
440	800	
440	801	
440	802	
439	803	
439	804	
439	805	
438	806	
440	807	
440	808	
439	809	
439	810	
439	811	
439	812	
439	813	
439	814	
440	815	
440	816	
440	817	
440	818	
439	819	
439	820	
440	821	
440	822	
440	823	
439	824	
440	824	
440	825	
440	826	
440	827	
440	828	
440	829	
440	830	
440	831	
440	832	
441	833	
441	834	
441	835	
441	836	
442	837	
441	838	
440	839	
441	840	
441	841	
441	842	
441	843	
441	844	
441	845	
439	846	
440	847	
440	848	
440	849	
441	849	
440	850	
441	850	
441	851	
441	852	
441	853	
441	854	
441	855	
440	856	
440	857	
440	858	
441	859	
441	860	
441	861	
441	862	
441	863	
442	864	
442	865	
441	866	
442	866	
442	867	
442	868	
442	869	
441	870	
441	871	
441	872	
441	873	
441	874	
441	875	
442	876	
441	877	
441	878	
442	879	
442	880	
441	881	
441	882	
442	883	
443	884	
442	885	
442	886	
443	887	
442	888	
442	889	
441	890	
441	891	
442	891	
442	892	
443	893	
443	894	
443	895	
443	896	
443	897	
443	898	
443	899	
444	900	
443	901	
444	902	
444	903	
444	904	
444	905	
444	906	
444	907	
444	908	
444	909	
444	910	
444	911	
444	912	
445	913	
446	914	
443	915	
444	916	
444	917	
445	918	
444	919	
444	920	
444	921	
445	922	
445	923	
446	924	
434	1057	
435	1057	
435	1058	
434	1064	
