512	25	
514	46	
516	60	
516	61	
516	62	
516	73	
516	77	
518	84	
518	85	
518	86	
467	393	
467	394	
465	395	
451	397	
451	398	
451	399	
449	400	
450	400	
449	401	
450	402	
451	403	
451	404	
449	405	
449	406	
449	407	
449	408	
449	409	
449	410	
449	411	
448	412	
449	412	
448	413	
448	414	
448	415	
449	416	
449	417	
449	418	
449	419	
449	420	
449	421	
450	422	
449	423	
449	424	
449	425	
449	426	
449	427	
449	428	
449	429	
450	429	
449	430	
449	431	
449	432	
449	433	
447	434	
443	436	
443	437	
443	438	
441	439	
441	440	
441	441	
441	442	
441	443	
441	444	
441	445	
440	446	
440	447	
440	448	
440	449	
440	450	
440	451	
440	452	
440	453	
440	454	
440	455	
440	456	
440	457	
440	458	
440	459	
440	460	
440	461	
440	462	
439	463	
439	464	
440	465	
440	466	
440	467	
440	468	
440	469	
440	470	
441	471	
440	472	
439	473	
439	474	
440	475	
440	476	
441	477	
440	478	
441	479	
439	480	
440	480	
439	481	
440	482	
440	483	
439	484	
440	484	
440	485	
439	486	
440	487	
440	488	
439	489	
440	489	
440	490	
440	491	
441	491	
441	492	
440	493	
440	494	
440	495	
441	496	
441	497	
443	498	
443	499	
443	500	
443	501	
442	502	
443	502	
442	503	
442	504	
442	505	
442	506	
441	507	
442	507	
442	508	
442	509	
443	509	
443	510	
444	511	
444	512	
444	513	
444	514	
444	515	
444	516	
444	517	
444	518	
445	519	
445	520	
445	521	
446	522	
446	523	
447	524	
447	525	
448	526	
448	527	
448	528	
448	529	
449	529	
448	530	
448	531	
448	532	
448	533	
448	534	
448	535	
448	536	
447	537	
448	537	
448	538	
448	539	
447	540	
447	541	
447	542	
446	543	
446	544	
446	545	
445	546	
446	546	
446	547	
446	548	
445	549	
444	550	
443	551	
443	552	
444	553	
443	554	
444	555	
443	556	
445	557	
445	558	
441	559	
442	560	
443	561	
443	562	
443	563	
442	564	
442	565	
441	566	
441	567	
443	568	
441	569	
442	570	
442	571	
442	572	
442	573	
442	574	
442	575	
441	576	
442	576	
441	577	
441	578	
441	579	
442	579	
442	580	
441	581	
443	582	
443	583	
442	584	
443	584	
443	585	
441	586	
443	586	
443	587	
443	588	
442	589	
442	590	
441	591	
441	592	
440	593	
441	594	
440	595	
440	596	
439	597	
440	597	
440	598	
440	599	
439	600	
439	601	
440	602	
440	603	
439	604	
439	605	
440	606	
440	607	
439	608	
440	608	
439	609	
438	610	
438	611	
437	612	
440	613	
437	614	
439	615	
439	616	
438	617	
438	618	
438	619	
438	620	
439	621	
439	622	
439	623	
438	624	
438	625	
438	626	
439	627	
438	628	
439	629	
439	630	
437	631	
438	632	
437	633	
439	634	
439	635	
438	636	
439	636	
439	637	
439	638	
439	639	
439	640	
440	641	
439	642	
440	643	
440	644	
440	645	
439	646	
440	646	
441	646	
440	647	
439	648	
439	649	
439	650	
440	651	
438	652	
439	653	
439	654	
440	654	
440	655	
440	656	
441	656	
442	657	
442	658	
441	659	
441	660	
441	661	
442	662	
442	663	
442	664	
443	665	
443	666	
443	667	
443	668	
443	669	
443	670	
443	671	
444	672	
442	673	
444	673	
444	674	
443	675	
443	676	
443	677	
443	678	
443	679	
443	680	
443	681	
442	682	
443	683	
442	684	
442	685	
443	685	
441	686	
441	687	
442	688	
442	689	
441	690	
442	690	
442	691	
442	692	
442	693	
443	694	
443	695	
442	696	
441	697	
442	698	
442	699	
441	700	
442	700	
442	701	
442	702	
442	703	
442	704	
442	705	
441	706	
442	707	
442	708	
441	709	
441	710	
442	711	
441	712	
441	713	
441	714	
441	715	
442	716	
441	717	
441	718	
441	719	
441	720	
439	721	
440	722	
440	723	
441	724	
441	725	
440	726	
441	726	
440	727	
439	728	
439	729	
439	730	
439	731	
439	732	
441	732	
439	733	
441	734	
440	735	
439	736	
440	736	
440	737	
440	738	
440	739	
440	740	
440	741	
439	742	
440	742	
440	743	
441	744	
440	745	
440	746	
441	746	
440	747	
441	747	
440	748	
440	749	
440	750	
439	751	
440	752	
440	753	
440	754	
439	755	
439	756	
440	757	
439	758	
439	759	
440	760	
441	761	
440	762	
440	763	
440	764	
440	765	
441	765	
440	766	
441	767	
440	768	
441	768	
440	769	
440	770	
439	771	
439	772	
440	773	
441	774	
441	775	
441	776	
441	777	
441	778	
440	779	
441	779	
441	780	
441	781	
441	782	
440	783	
442	784	
442	785	
442	786	
441	787	
441	788	
442	788	
442	789	
442	790	
441	791	
441	792	
440	793	
441	794	
441	795	
442	796	
442	797	
442	798	
440	799	
440	800	
441	801	
442	802	
442	803	
441	804	
442	804	
441	805	
442	805	
441	806	
443	807	
441	808	
442	809	
442	810	
442	811	
442	812	
443	813	
443	814	
443	815	
442	816	
442	817	
442	818	
443	818	
442	819	
442	820	
442	821	
442	822	
442	823	
443	824	
442	825	
442	826	
441	827	
441	828	
442	828	
443	828	
442	829	
442	830	
442	831	
443	832	
442	833	
442	834	
442	835	
442	836	
442	837	
442	838	
443	839	
442	840	
442	841	
442	842	
442	843	
442	844	
443	844	
442	845	
443	846	
441	847	
442	848	
442	849	
442	850	
442	851	
443	852	
443	853	
443	854	
443	855	
443	856	
442	857	
442	858	
442	859	
442	860	
445	861	
445	862	
445	863	
443	864	
442	865	
442	866	
443	867	
443	868	
444	869	
445	870	
445	871	
444	872	
443	873	
443	874	
443	875	
444	876	
444	877	
444	878	
443	879	
443	880	
443	881	
444	882	
444	883	
444	884	
444	885	
444	886	
443	887	
443	888	
443	889	
445	890	
443	891	
443	892	
444	893	
444	894	
443	895	
443	896	
447	897	
447	898	
447	899	
447	900	
447	901	
446	902	
446	903	
446	904	
446	905	
446	906	
446	907	
446	908	
446	909	
446	910	
446	911	
446	912	
446	913	
446	914	
446	915	
446	916	
447	917	
447	918	
447	919	
448	920	
447	921	
447	922	
447	923	
447	924	
447	925	
447	926	
436	1015	
436	1016	
437	1017	
438	1018	
437	1019	
437	1020	
437	1021	
437	1022	
434	1023	
434	1024	
437	1025	
437	1026	
437	1027	
437	1050	
436	1051	
436	1052	
436	1053	
436	1054	
436	1055	
436	1056	
435	1062	
430	1096	
432	1099	
431	1100	
430	1103	
430	1104	
432	1105	
432	1106	
432	1107	
430	1127	
