469	397	
469	398	
467	399	
467	400	
467	401	
467	402	
467	403	
467	404	
453	405	
453	406	
453	407	
453	408	
453	409	
453	410	
453	411	
452	412	
453	413	
453	414	
452	415	
453	416	
453	417	
453	418	
453	419	
452	420	
452	421	
453	421	
452	422	
452	423	
452	424	
452	425	
452	426	
453	427	
451	428	
453	428	
451	429	
452	430	
452	431	
453	432	
454	433	
453	434	
453	435	
453	436	
453	437	
453	438	
453	439	
453	440	
445	441	
445	442	
445	443	
445	444	
445	445	
445	446	
444	447	
444	448	
444	449	
444	450	
444	451	
444	452	
444	453	
444	454	
444	455	
444	456	
444	457	
443	458	
443	459	
443	460	
443	461	
443	462	
444	462	
443	463	
443	464	
443	465	
443	466	
443	467	
443	468	
444	469	
443	470	
444	471	
444	472	
443	473	
443	474	
443	475	
444	475	
444	476	
443	477	
443	478	
443	479	
443	480	
443	481	
444	482	
443	483	
444	483	
444	484	
443	485	
443	486	
443	487	
444	488	
443	489	
444	490	
444	491	
444	492	
444	493	
444	494	
444	495	
444	496	
444	497	
444	498	
445	499	
444	500	
445	501	
445	502	
445	503	
446	504	
446	505	
446	506	
445	507	
445	508	
445	509	
445	510	
446	511	
446	512	
449	513	
449	514	
448	515	
449	516	
449	517	
449	518	
449	519	
453	520	
452	521	
451	522	
452	523	
452	524	
451	525	
451	526	
451	527	
452	528	
452	529	
451	530	
451	531	
452	532	
451	533	
452	533	
453	534	
453	535	
451	536	
452	537	
451	538	
451	539	
451	540	
451	541	
451	542	
450	543	
451	543	
450	544	
451	544	
451	545	
450	546	
449	547	
449	548	
449	549	
449	550	
447	551	
449	551	
447	552	
448	553	
449	554	
447	555	
448	556	
449	556	
448	557	
447	558	
447	559	
447	560	
447	561	
445	562	
445	563	
446	564	
446	565	
445	566	
446	566	
446	567	
445	568	
445	569	
446	570	
443	571	
446	571	
444	572	
445	573	
446	573	
445	574	
445	575	
446	576	
446	577	
444	578	
444	579	
444	580	
444	581	
444	582	
444	583	
443	584	
443	585	
443	586	
443	587	
443	588	
444	589	
444	590	
444	591	
444	592	
443	593	
444	594	
444	595	
443	596	
443	597	
444	598	
443	599	
443	600	
444	601	
444	602	
443	603	
443	604	
443	605	
443	606	
442	607	
444	608	
443	609	
443	610	
443	611	
441	612	
443	613	
442	614	
442	615	
443	616	
443	617	
444	618	
442	619	
442	620	
443	620	
442	621	
441	622	
441	623	
441	624	
441	625	
442	626	
442	627	
443	627	
441	628	
442	629	
441	630	
441	631	
442	631	
441	632	
442	633	
443	634	
442	635	
442	636	
442	637	
443	638	
443	639	
443	640	
443	641	
443	642	
443	643	
443	644	
442	645	
443	645	
443	646	
443	647	
444	648	
444	649	
444	650	
444	651	
444	652	
444	653	
443	654	
445	654	
444	655	
445	656	
444	657	
444	658	
446	659	
445	660	
445	661	
445	662	
446	663	
446	664	
446	665	
446	666	
447	667	
445	668	
445	669	
446	669	
446	670	
446	671	
447	672	
447	673	
447	674	
447	675	
448	675	
447	676	
448	676	
447	677	
448	677	
447	678	
447	679	
447	680	
447	681	
447	682	
447	683	
447	684	
446	685	
447	686	
447	687	
447	688	
446	689	
446	690	
445	691	
446	692	
446	693	
445	694	
445	695	
446	696	
446	697	
446	698	
447	698	
447	699	
446	700	
446	701	
446	702	
446	703	
445	704	
446	705	
447	706	
447	707	
448	708	
448	709	
447	710	
447	711	
447	712	
445	713	
446	713	
446	714	
445	715	
444	716	
445	717	
443	718	
444	719	
444	720	
443	721	
444	721	
445	722	
444	723	
443	724	
445	725	
443	726	
444	727	
445	727	
443	728	
444	729	
444	730	
444	731	
444	732	
445	732	
444	733	
444	734	
443	735	
444	736	
444	737	
444	738	
443	739	
445	740	
445	741	
445	742	
445	743	
445	744	
445	745	
444	746	
444	747	
444	748	
444	749	
444	750	
443	751	
445	752	
445	753	
445	754	
444	755	
444	756	
444	757	
444	758	
444	759	
444	760	
444	761	
444	762	
444	763	
444	764	
444	765	
443	766	
444	767	
443	768	
443	769	
444	770	
444	771	
443	772	
444	772	
443	773	
444	773	
444	774	
443	775	
444	775	
444	776	
444	777	
443	778	
444	779	
444	780	
445	781	
444	782	
444	783	
445	784	
444	785	
444	786	
444	787	
444	788	
446	789	
446	790	
445	791	
445	792	
445	793	
445	794	
445	795	
446	796	
446	797	
445	798	
446	798	
446	799	
446	800	
446	801	
446	802	
445	803	
445	804	
445	805	
444	806	
444	807	
444	808	
445	809	
445	810	
445	811	
445	812	
445	813	
446	814	
444	815	
446	816	
446	817	
446	818	
444	819	
444	820	
447	820	
446	821	
445	822	
446	823	
446	824	
446	825	
446	826	
446	827	
446	828	
446	829	
446	830	
446	831	
446	832	
446	833	
446	834	
445	835	
445	836	
446	837	
446	838	
445	839	
446	839	
446	840	
445	841	
446	842	
446	843	
446	844	
446	845	
446	846	
446	847	
446	848	
446	849	
446	850	
446	851	
447	851	
446	852	
446	853	
446	854	
446	855	
446	856	
446	857	
447	857	
447	858	
447	859	
447	860	
446	861	
446	862	
446	863	
446	864	
446	865	
448	866	
446	867	
446	868	
446	869	
446	870	
446	871	
447	872	
448	873	
449	873	
449	874	
449	875	
449	876	
448	877	
447	878	
447	879	
447	880	
448	881	
447	882	
447	883	
447	884	
447	885	
447	886	
448	887	
448	888	
448	889	
448	890	
448	891	
448	892	
448	893	
448	894	
448	895	
448	896	
448	897	
451	898	
451	899	
450	900	
450	901	
451	902	
451	903	
450	904	
449	905	
449	906	
449	907	
450	908	
450	909	
450	910	
450	911	
450	912	
450	913	
450	914	
450	915	
450	916	
450	917	
451	918	
451	919	
451	920	
450	921	
450	922	
451	923	
451	924	
451	925	
441	1017	
441	1018	
438	1021	
438	1022	
440	1023	
440	1024	
439	1030	
439	1058	
438	1059	
438	1060	
438	1061	
438	1062	
436	1070	
436	1071	
436	1072	
437	1073	
438	1074	
438	1075	
437	1076	
438	1077	
438	1078	
432	1100	
432	1101	
432	1107	
432	1108	
432	1109	
432	1110	
432	1113	
432	1114	
432	1115	
432	1116	
432	1127	
