522	76	
522	81	
522	84	
522	85	
522	86	
522	87	
522	88	
522	89	
469	397	
469	398	
469	399	
469	400	
469	401	
467	402	
467	403	
467	404	
467	405	
467	406	
455	407	
455	408	
455	409	
455	410	
455	411	
453	412	
453	413	
454	413	
455	414	
455	415	
454	416	
453	417	
453	418	
453	419	
453	420	
453	421	
453	422	
452	423	
454	424	
455	425	
455	426	
453	427	
454	427	
453	428	
453	429	
454	429	
454	430	
453	431	
453	432	
453	433	
453	434	
453	435	
454	436	
453	437	
453	438	
453	439	
447	440	
447	441	
447	442	
445	443	
445	444	
445	445	
445	446	
445	447	
446	447	
446	448	
445	449	
445	450	
446	451	
446	452	
444	453	
444	454	
444	455	
444	456	
444	457	
445	458	
445	459	
444	460	
444	461	
444	462	
443	463	
443	464	
444	465	
444	466	
444	467	
444	468	
444	469	
444	470	
443	471	
443	472	
444	473	
443	474	
444	474	
443	475	
444	476	
444	477	
444	478	
444	479	
444	480	
444	481	
444	482	
444	483	
444	484	
444	485	
445	485	
444	486	
445	487	
444	488	
445	489	
445	490	
445	491	
445	492	
446	492	
445	493	
445	494	
444	495	
444	496	
446	497	
446	498	
445	499	
446	499	
446	500	
446	501	
446	502	
446	503	
447	503	
446	504	
447	505	
446	506	
447	507	
449	508	
447	509	
448	509	
447	510	
447	511	
447	512	
447	513	
448	514	
449	515	
449	516	
449	517	
449	518	
453	519	
453	520	
452	521	
453	522	
453	523	
452	524	
451	525	
452	526	
452	527	
452	528	
453	529	
452	530	
453	531	
452	532	
452	533	
451	534	
452	535	
451	536	
451	537	
451	538	
452	539	
451	540	
452	540	
451	541	
451	542	
451	543	
451	544	
451	545	
451	546	
451	547	
451	548	
451	549	
450	550	
450	551	
449	552	
449	553	
448	554	
447	555	
448	556	
447	557	
448	558	
449	559	
449	560	
446	561	
446	562	
446	563	
445	564	
445	565	
445	566	
445	567	
445	568	
445	569	
446	570	
446	571	
446	572	
446	573	
447	574	
446	575	
447	576	
446	577	
446	578	
445	579	
445	580	
446	581	
445	582	
445	583	
445	584	
446	584	
445	585	
445	586	
445	587	
446	588	
445	589	
444	590	
445	590	
446	590	
445	591	
445	592	
445	593	
444	594	
444	595	
445	596	
444	597	
444	598	
444	599	
443	600	
443	601	
444	602	
443	603	
444	604	
443	605	
444	606	
444	607	
444	608	
444	609	
444	610	
443	611	
443	612	
443	613	
444	614	
443	615	
444	616	
443	617	
444	617	
442	618	
442	619	
444	620	
443	621	
443	622	
443	623	
443	624	
444	625	
443	626	
443	627	
443	628	
443	629	
444	630	
443	631	
442	632	
443	633	
443	634	
443	635	
443	636	
443	637	
443	638	
443	639	
443	640	
444	640	
445	640	
444	641	
445	642	
446	643	
446	644	
444	645	
445	646	
444	647	
444	648	
444	649	
444	650	
446	651	
446	652	
445	653	
446	654	
446	655	
445	656	
446	657	
445	658	
445	659	
447	660	
447	661	
446	662	
445	663	
446	663	
445	664	
446	665	
448	666	
448	667	
448	668	
449	669	
449	670	
447	671	
449	671	
447	672	
447	673	
449	673	
448	674	
448	675	
448	676	
448	677	
448	678	
449	679	
449	680	
449	681	
448	682	
449	682	
449	683	
449	684	
448	685	
448	686	
448	687	
448	688	
447	689	
448	690	
448	691	
448	692	
448	693	
448	694	
448	695	
448	696	
448	697	
448	698	
448	699	
447	700	
447	701	
448	701	
445	702	
448	702	
446	703	
447	704	
447	705	
447	706	
447	707	
447	708	
447	709	
447	710	
447	711	
447	712	
446	713	
445	714	
445	715	
446	715	
446	716	
446	717	
446	718	
446	719	
445	720	
445	721	
445	722	
446	723	
446	724	
445	725	
446	725	
446	726	
446	727	
445	728	
446	728	
446	729	
446	730	
446	731	
446	732	
445	733	
446	734	
446	735	
446	736	
445	737	
446	738	
445	739	
445	740	
445	741	
445	742	
445	743	
444	744	
444	745	
444	746	
445	747	
445	748	
445	749	
445	750	
445	751	
444	752	
445	753	
445	754	
445	755	
445	756	
445	757	
444	758	
444	759	
445	760	
445	761	
445	762	
444	763	
445	764	
445	765	
445	766	
445	767	
445	768	
444	769	
444	770	
445	771	
445	772	
445	773	
445	774	
445	775	
445	776	
445	777	
446	778	
444	779	
445	780	
445	781	
445	782	
445	783	
446	784	
446	785	
446	786	
446	787	
446	788	
446	789	
446	790	
446	791	
446	792	
446	793	
446	794	
445	795	
446	796	
446	797	
445	798	
445	799	
445	800	
446	801	
446	802	
446	803	
446	804	
446	805	
445	806	
446	806	
445	807	
446	808	
446	809	
446	810	
446	811	
446	812	
446	813	
446	814	
446	815	
446	816	
446	817	
446	818	
446	819	
445	820	
445	821	
445	822	
446	823	
446	824	
446	825	
446	826	
446	827	
446	828	
446	829	
446	830	
447	831	
447	832	
447	833	
447	834	
447	835	
447	836	
447	837	
446	838	
447	839	
448	840	
448	841	
448	842	
448	843	
448	844	
448	845	
448	846	
447	847	
447	848	
447	849	
448	850	
448	851	
447	852	
447	853	
447	854	
447	855	
447	856	
447	857	
447	858	
447	859	
447	860	
449	861	
449	862	
448	863	
449	863	
448	864	
448	865	
448	866	
448	867	
449	868	
447	869	
447	870	
448	871	
448	872	
448	873	
448	874	
448	875	
448	876	
448	877	
448	878	
448	879	
448	880	
448	881	
449	882	
450	882	
449	883	
448	884	
448	885	
448	886	
447	887	
448	888	
447	889	
447	890	
448	891	
449	892	
451	893	
451	894	
450	895	
449	896	
450	897	
450	898	
449	899	
449	900	
450	901	
450	902	
450	903	
450	904	
451	905	
451	906	
451	907	
451	908	
451	909	
452	910	
451	911	
451	912	
452	913	
452	914	
451	915	
451	916	
451	917	
453	918	
453	919	
453	920	
453	921	
453	922	
451	923	
451	924	
452	925	
440	1014	
440	1015	
441	1016	
440	1018	
441	1019	
441	1020	
441	1021	
440	1022	
441	1023	
438	1024	
439	1025	
441	1026	
441	1027	
439	1030	
438	1061	
438	1062	
438	1066	
438	1067	
439	1068	
439	1069	
439	1070	
439	1071	
438	1074	
438	1075	
436	1080	
436	1084	
436	1085	
436	1086	
436	1087	
436	1088	
434	1096	
436	1101	
436	1102	
434	1103	
434	1104	
434	1105	
435	1110	
432	1111	
432	1112	
434	1117	
434	1118	
434	1119	
