528	31	
528	36	
528	37	
528	38	
530	56	
530	60	
530	63	
530	64	
532	71	
530	73	
532	75	
532	79	
532	80	
532	81	
532	83	
479	404	
479	405	
479	406	
477	407	
477	408	
477	409	
477	410	
477	411	
477	412	
477	413	
477	414	
477	415	
476	416	
476	417	
476	418	
476	419	
476	420	
476	421	
476	422	
476	423	
476	424	
476	425	
476	426	
476	427	
476	428	
478	429	
476	430	
476	431	
476	432	
475	433	
475	434	
467	435	
467	436	
467	437	
465	438	
466	439	
465	440	
465	441	
465	442	
465	443	
465	444	
465	445	
465	446	
465	447	
465	448	
465	449	
465	450	
465	451	
465	452	
465	453	
465	454	
465	455	
465	456	
465	457	
466	458	
466	459	
466	460	
466	461	
467	462	
457	463	
457	464	
457	465	
457	466	
457	467	
457	468	
458	468	
458	469	
456	470	
456	471	
456	472	
456	473	
455	474	
456	474	
457	475	
455	476	
456	477	
457	477	
457	478	
457	479	
457	480	
457	481	
457	482	
457	483	
457	484	
457	485	
457	486	
457	487	
457	488	
457	489	
456	490	
458	491	
458	492	
459	493	
457	494	
457	495	
461	496	
459	497	
459	498	
459	499	
459	500	
459	501	
467	502	
469	503	
469	504	
468	505	
466	506	
467	507	
467	508	
467	509	
465	510	
465	511	
465	512	
465	513	
465	514	
465	515	
466	515	
466	516	
466	517	
465	518	
465	519	
465	520	
465	521	
465	522	
465	523	
465	524	
464	525	
463	526	
462	527	
463	528	
463	529	
463	530	
463	531	
462	532	
463	532	
462	533	
462	534	
461	535	
462	536	
462	537	
461	538	
461	539	
461	540	
461	541	
461	542	
461	543	
461	544	
461	545	
461	546	
462	547	
462	548	
462	549	
461	550	
461	551	
461	552	
461	553	
461	554	
461	555	
462	555	
461	556	
461	557	
461	558	
460	559	
459	560	
459	561	
457	562	
458	563	
457	564	
458	564	
457	565	
458	566	
457	567	
457	568	
458	569	
457	570	
457	571	
457	572	
457	573	
458	573	
457	574	
457	575	
457	576	
457	577	
456	578	
455	579	
455	580	
456	580	
456	581	
457	582	
456	583	
456	584	
456	585	
456	586	
456	587	
456	588	
455	589	
455	590	
456	591	
456	592	
455	593	
455	594	
455	595	
455	596	
455	597	
455	598	
455	599	
455	600	
456	601	
455	602	
455	603	
455	604	
455	605	
455	606	
455	607	
455	608	
455	609	
455	610	
453	611	
457	612	
457	613	
455	614	
456	615	
455	616	
456	616	
455	617	
455	618	
455	619	
455	620	
457	621	
457	622	
455	623	
455	624	
455	625	
456	626	
455	627	
455	628	
456	629	
456	630	
455	631	
456	632	
456	633	
456	634	
456	635	
455	636	
456	637	
456	638	
457	639	
457	640	
457	641	
458	642	
458	643	
458	644	
458	645	
459	646	
458	647	
458	648	
459	649	
457	650	
457	651	
457	652	
458	653	
458	654	
458	655	
459	656	
458	657	
458	658	
459	659	
459	660	
459	661	
458	662	
459	662	
458	663	
459	664	
459	665	
460	666	
459	667	
459	668	
459	669	
459	670	
459	671	
460	672	
460	673	
460	674	
460	675	
460	676	
460	677	
460	678	
460	679	
460	680	
460	681	
461	682	
461	683	
461	684	
462	684	
462	685	
461	686	
461	687	
461	688	
461	689	
461	690	
461	691	
462	692	
459	693	
461	694	
459	695	
459	696	
459	697	
460	698	
459	699	
459	700	
459	701	
459	702	
459	703	
459	704	
459	705	
459	706	
460	706	
459	707	
459	708	
459	709	
459	710	
459	711	
458	712	
457	713	
461	714	
461	715	
458	716	
458	717	
458	718	
460	719	
460	720	
460	721	
458	722	
458	723	
459	724	
459	725	
458	726	
458	727	
457	728	
457	729	
457	730	
457	731	
457	732	
457	733	
458	734	
457	735	
457	736	
459	736	
458	737	
458	738	
458	739	
458	740	
457	741	
457	742	
457	743	
456	744	
456	745	
456	746	
455	747	
455	748	
455	749	
456	750	
456	751	
456	752	
456	753	
456	754	
455	755	
455	756	
454	757	
454	758	
454	759	
454	760	
454	761	
453	762	
453	763	
454	763	
454	764	
454	765	
454	766	
454	767	
454	768	
454	769	
453	770	
454	771	
454	772	
455	773	
454	774	
454	775	
455	776	
455	777	
454	778	
454	779	
453	780	
453	781	
455	782	
456	783	
456	784	
456	785	
455	786	
455	787	
456	788	
456	789	
457	790	
457	791	
457	792	
456	793	
456	794	
456	795	
456	796	
456	797	
455	798	
455	799	
455	800	
455	801	
455	802	
455	803	
455	804	
456	805	
456	806	
456	807	
456	808	
456	809	
456	810	
456	811	
456	812	
456	813	
456	814	
457	815	
457	816	
458	817	
458	818	
458	819	
457	820	
458	820	
457	821	
458	821	
458	822	
457	823	
457	824	
458	824	
457	825	
458	826	
458	827	
457	828	
458	828	
457	829	
459	830	
459	831	
458	832	
458	833	
458	834	
459	834	
458	835	
458	836	
458	837	
458	838	
458	839	
458	840	
458	841	
457	842	
457	843	
458	844	
459	845	
459	846	
458	847	
458	848	
458	849	
460	850	
460	851	
460	852	
460	853	
460	854	
459	855	
459	856	
459	857	
459	858	
459	859	
459	860	
459	861	
459	862	
459	863	
460	864	
460	865	
460	866	
460	867	
460	868	
459	869	
459	870	
461	870	
461	871	
461	872	
460	873	
459	874	
459	875	
460	876	
459	877	
459	878	
459	879	
460	880	
460	881	
460	882	
460	883	
459	884	
462	885	
462	886	
460	887	
462	888	
462	889	
461	890	
461	891	
462	892	
461	893	
460	894	
463	895	
463	896	
463	897	
463	898	
462	899	
462	900	
463	901	
463	902	
463	903	
463	904	
463	905	
463	906	
463	907	
463	908	
463	909	
462	910	
463	911	
463	912	
463	913	
464	914	
464	915	
464	916	
463	917	
463	918	
464	919	
466	920	
465	921	
463	922	
465	923	
450	1015	
450	1016	
450	1017	
451	1018	
450	1019	
451	1021	
451	1022	
451	1023	
449	1024	
448	1025	
448	1026	
448	1027	
451	1029	
451	1030	
448	1033	
449	1034	
450	1047	
450	1048	
450	1049	
450	1050	
452	1052	
450	1055	
450	1056	
450	1057	
449	1066	
448	1073	
448	1074	
446	1078	
446	1084	
448	1085	
448	1086	
446	1100	
446	1105	
446	1109	
446	1110	
444	1111	
444	1112	
444	1115	
446	1117	
444	1119	
445	1123	
444	1124	
444	1125	
