532	30	
532	31	
536	77	
536	81	
536	82	
536	83	
536	84	
536	85	
536	86	
536	87	
483	408	
483	409	
483	410	
481	411	
481	412	
481	413	
481	414	
481	415	
481	416	
481	417	
481	418	
481	419	
481	420	
481	421	
481	422	
480	423	
481	424	
481	425	
481	426	
481	427	
481	428	
481	429	
481	430	
481	431	
481	432	
481	433	
481	434	
480	435	
481	436	
481	437	
481	438	
480	439	
481	439	
480	440	
481	440	
481	441	
481	442	
481	443	
481	444	
481	445	
481	446	
481	447	
481	448	
481	449	
481	450	
481	451	
482	452	
483	453	
483	454	
483	455	
473	456	
473	457	
471	458	
473	459	
473	460	
473	461	
473	462	
473	463	
473	464	
473	465	
473	466	
473	467	
473	468	
473	469	
473	470	
473	471	
473	472	
473	473	
473	474	
473	475	
473	476	
473	477	
474	477	
474	478	
474	479	
474	480	
474	481	
474	482	
475	483	
475	484	
474	485	
474	486	
474	487	
474	488	
474	489	
474	490	
474	491	
475	492	
475	493	
475	494	
475	495	
475	496	
475	497	
475	498	
476	499	
475	500	
476	501	
475	502	
476	502	
475	503	
475	504	
475	505	
475	506	
471	507	
471	508	
472	509	
472	510	
473	511	
472	512	
472	513	
471	514	
471	515	
471	516	
471	517	
471	518	
471	519	
470	520	
471	521	
471	522	
471	523	
471	524	
471	525	
470	526	
470	527	
471	528	
470	529	
469	530	
469	531	
469	532	
469	533	
467	534	
467	535	
467	536	
466	537	
465	538	
465	539	
466	540	
466	541	
467	542	
466	543	
466	544	
466	545	
465	546	
467	547	
466	548	
466	549	
467	550	
465	551	
467	551	
466	552	
466	553	
466	554	
466	555	
466	556	
467	557	
467	558	
467	559	
465	560	
466	560	
467	560	
465	561	
465	562	
465	563	
466	564	
465	565	
465	566	
465	567	
465	568	
465	569	
465	570	
461	571	
461	572	
461	573	
461	574	
461	575	
462	576	
461	577	
461	578	
461	579	
462	580	
461	581	
462	581	
463	582	
462	583	
462	584	
462	585	
461	586	
461	587	
461	588	
462	588	
461	589	
461	590	
461	591	
461	592	
461	593	
460	594	
461	595	
462	596	
461	597	
461	598	
461	599	
461	600	
461	601	
461	602	
461	603	
461	604	
461	605	
461	606	
462	606	
461	607	
461	608	
461	609	
462	610	
461	611	
461	612	
460	613	
461	613	
461	614	
461	615	
462	616	
463	616	
463	617	
463	618	
463	619	
461	620	
462	621	
467	622	
465	623	
465	624	
466	625	
467	626	
467	627	
467	628	
467	629	
467	630	
466	631	
465	632	
465	633	
466	634	
466	635	
469	636	
464	637	
463	638	
463	639	
464	640	
465	641	
465	642	
465	643	
465	644	
465	645	
465	646	
465	647	
465	648	
465	649	
465	650	
465	651	
464	652	
465	653	
465	654	
464	655	
464	656	
464	657	
464	658	
464	659	
465	660	
464	661	
465	661	
465	662	
465	663	
466	664	
465	665	
466	666	
465	667	
466	668	
467	669	
467	670	
467	671	
465	672	
465	673	
467	674	
467	675	
465	676	
467	677	
467	678	
467	679	
467	680	
466	681	
466	682	
466	683	
465	684	
466	685	
466	686	
465	687	
466	688	
466	689	
466	690	
466	691	
467	692	
467	693	
467	694	
467	695	
467	696	
467	697	
466	698	
467	698	
466	699	
466	700	
466	701	
466	702	
467	703	
466	704	
466	705	
467	705	
465	706	
465	707	
466	708	
466	709	
466	710	
466	711	
464	712	
463	713	
464	714	
463	715	
464	715	
463	716	
464	717	
464	718	
464	719	
463	720	
463	721	
464	722	
463	723	
463	724	
464	725	
463	726	
463	727	
464	728	
463	729	
464	730	
463	731	
464	731	
463	732	
464	733	
464	734	
463	735	
465	736	
462	737	
462	738	
464	739	
464	740	
462	741	
461	742	
462	742	
462	743	
461	744	
461	745	
462	746	
462	747	
463	748	
459	749	
459	750	
459	751	
459	752	
459	753	
460	753	
459	754	
459	755	
460	756	
459	757	
460	758	
460	759	
459	760	
459	761	
459	762	
459	763	
459	764	
458	765	
459	765	
457	766	
457	767	
460	768	
458	769	
459	769	
458	770	
457	771	
458	771	
457	772	
457	773	
457	774	
459	775	
457	776	
459	776	
458	777	
457	778	
459	779	
459	780	
459	781	
460	782	
460	783	
460	784	
460	785	
460	786	
460	787	
460	788	
460	789	
460	790	
460	791	
460	792	
460	793	
459	794	
459	795	
460	796	
460	797	
460	798	
460	799	
459	800	
460	801	
461	802	
462	803	
461	804	
461	805	
460	806	
460	807	
459	808	
460	809	
459	810	
459	811	
460	812	
461	813	
461	814	
461	815	
462	816	
462	817	
462	818	
462	819	
462	820	
462	821	
463	822	
463	823	
462	824	
463	825	
463	826	
463	827	
464	828	
464	829	
464	830	
465	831	
464	832	
464	833	
464	834	
464	835	
464	836	
464	837	
464	838	
463	839	
463	840	
464	841	
464	842	
464	843	
464	844	
464	845	
464	846	
463	847	
463	848	
464	849	
465	850	
465	851	
465	852	
464	853	
464	854	
465	855	
465	856	
467	857	
467	858	
467	859	
467	860	
465	861	
465	862	
467	863	
467	864	
467	865	
466	866	
466	867	
466	868	
467	869	
467	870	
465	871	
466	871	
466	872	
466	873	
466	874	
465	875	
465	876	
467	877	
467	878	
466	879	
466	880	
465	881	
466	882	
466	883	
466	884	
466	885	
465	886	
466	887	
466	888	
466	889	
466	890	
466	891	
466	892	
468	893	
468	894	
468	895	
468	896	
468	897	
469	898	
469	899	
470	900	
467	901	
467	902	
468	902	
469	903	
469	904	
467	905	
467	906	
469	907	
469	908	
469	909	
469	910	
469	911	
471	912	
469	913	
471	914	
471	915	
471	916	
471	917	
473	918	
471	919	
471	920	
471	921	
473	922	
454	1022	
454	1023	
454	1024	
454	1058	
454	1069	
454	1070	
453	1071	
452	1072	
452	1073	
454	1078	
452	1080	
452	1081	
452	1082	
450	1083	
451	1084	
450	1093	
450	1094	
451	1094	
452	1111	
450	1114	
450	1115	
450	1116	
448	1127	
