536	54	
536	55	
536	56	
536	57	
537	58	
538	69	
538	75	
538	76	
538	77	
538	78	
538	79	
540	91	
550	198	
485	412	
485	413	
485	414	
485	415	
484	416	
484	417	
484	418	
484	419	
483	420	
483	421	
484	422	
484	423	
483	424	
483	425	
484	426	
484	427	
483	428	
484	429	
484	430	
484	431	
484	432	
484	433	
484	434	
484	435	
484	436	
483	437	
483	438	
483	439	
483	440	
483	441	
483	442	
483	443	
484	444	
484	445	
484	446	
484	447	
484	448	
484	449	
485	450	
485	451	
485	452	
485	453	
485	454	
485	455	
485	456	
485	457	
486	458	
486	459	
485	460	
486	460	
475	470	
477	473	
479	474	
477	475	
477	476	
476	477	
476	478	
477	478	
477	479	
477	480	
478	481	
478	482	
477	483	
477	484	
477	485	
477	486	
478	487	
478	488	
478	489	
477	490	
477	491	
477	492	
477	493	
478	494	
478	495	
479	496	
479	497	
479	498	
478	499	
480	500	
479	501	
479	502	
479	503	
480	503	
480	504	
480	505	
479	506	
479	507	
479	508	
479	509	
473	510	
473	511	
475	512	
475	513	
474	514	
475	514	
475	515	
474	516	
475	516	
474	517	
474	518	
474	519	
473	520	
474	520	
474	521	
473	522	
474	523	
474	524	
473	525	
473	526	
473	527	
473	528	
473	529	
473	530	
473	531	
472	532	
471	533	
471	534	
471	535	
472	535	
471	536	
473	536	
473	537	
469	538	
469	539	
470	540	
470	541	
469	542	
469	543	
469	544	
469	545	
469	546	
468	547	
468	548	
469	548	
468	549	
470	550	
468	551	
469	551	
468	552	
470	553	
470	554	
469	555	
470	556	
470	557	
469	558	
469	559	
469	560	
469	561	
468	562	
468	563	
467	564	
468	565	
467	566	
468	567	
467	568	
469	568	
468	569	
468	570	
469	570	
468	571	
468	572	
468	573	
468	574	
468	575	
468	576	
465	577	
465	578	
465	579	
463	580	
465	581	
465	582	
465	583	
463	584	
463	585	
465	586	
463	587	
463	588	
464	589	
467	590	
467	591	
463	592	
465	593	
465	594	
465	595	
465	596	
465	597	
465	598	
466	598	
465	599	
464	600	
464	601	
466	602	
466	603	
466	604	
466	605	
464	606	
465	606	
463	607	
464	608	
465	609	
465	610	
465	611	
463	612	
463	613	
465	614	
465	615	
466	615	
466	616	
466	617	
475	618	
467	619	
467	620	
468	621	
469	622	
469	623	
469	624	
469	625	
469	626	
469	627	
470	628	
470	629	
470	630	
470	631	
470	632	
470	633	
473	634	
470	635	
470	636	
470	637	
470	638	
470	639	
470	640	
470	641	
470	642	
468	643	
469	644	
469	645	
469	646	
469	647	
469	648	
469	649	
469	650	
470	650	
470	651	
471	652	
471	653	
469	654	
469	655	
469	656	
467	657	
467	658	
467	659	
467	660	
467	661	
467	662	
469	663	
471	664	
469	665	
469	666	
471	667	
471	668	
469	669	
469	670	
469	671	
471	672	
471	673	
471	674	
471	675	
471	676	
469	677	
469	678	
469	681	
469	682	
469	683	
471	684	
469	685	
468	686	
469	686	
468	687	
468	688	
468	689	
468	690	
467	691	
469	692	
468	693	
468	694	
469	694	
469	695	
468	696	
468	697	
468	698	
468	699	
469	700	
469	701	
468	702	
470	703	
468	704	
468	705	
468	706	
469	706	
469	707	
468	708	
467	709	
467	710	
467	711	
468	712	
467	713	
467	714	
467	715	
468	716	
467	717	
467	718	
467	719	
466	720	
466	721	
466	722	
466	723	
466	724	
466	725	
466	726	
467	726	
467	727	
466	728	
466	729	
465	730	
466	731	
466	732	
465	733	
465	734	
466	734	
466	735	
466	736	
465	737	
465	738	
465	739	
467	740	
463	741	
464	741	
464	742	
464	743	
464	744	
464	745	
463	746	
464	747	
463	748	
462	749	
462	750	
461	751	
462	751	
462	752	
462	753	
461	754	
461	755	
461	756	
461	757	
461	758	
462	759	
462	760	
462	761	
461	762	
461	763	
462	764	
461	765	
461	766	
460	767	
462	768	
462	769	
460	770	
460	771	
460	772	
460	773	
462	774	
461	775	
462	776	
462	777	
461	778	
462	778	
461	779	
461	780	
462	781	
462	782	
462	783	
462	784	
462	785	
462	786	
463	787	
461	788	
463	788	
461	789	
462	790	
462	791	
462	792	
462	793	
461	794	
462	794	
461	795	
461	796	
461	797	
461	798	
462	799	
462	800	
462	801	
463	802	
463	803	
462	804	
461	805	
462	806	
462	807	
463	808	
464	809	
462	810	
465	811	
465	812	
464	813	
464	814	
464	815	
464	816	
464	817	
464	818	
464	819	
465	820	
466	820	
466	821	
467	822	
467	823	
467	824	
468	825	
467	826	
466	827	
466	828	
466	829	
467	830	
466	831	
467	831	
466	832	
466	833	
466	834	
466	835	
466	836	
466	837	
468	838	
466	839	
467	840	
467	841	
468	842	
468	843	
469	844	
468	845	
468	846	
467	847	
468	848	
467	849	
468	849	
468	850	
468	851	
469	852	
469	853	
469	854	
469	855	
469	856	
469	857	
470	858	
469	859	
469	860	
470	861	
469	862	
469	863	
469	864	
470	865	
470	866	
470	867	
470	868	
470	869	
469	870	
469	871	
469	872	
469	873	
469	874	
469	875	
469	876	
469	877	
470	877	
469	878	
470	879	
469	880	
469	881	
469	882	
469	883	
469	884	
470	884	
470	885	
470	886	
470	887	
470	888	
470	889	
471	889	
471	890	
471	891	
471	892	
471	893	
470	894	
471	894	
471	895	
471	896	
471	897	
471	898	
471	899	
470	900	
473	901	
473	902	
473	903	
472	904	
472	905	
472	906	
472	907	
472	908	
473	909	
473	910	
473	911	
473	912	
475	912	
473	913	
473	914	
473	915	
477	916	
477	917	
477	918	
456	1020	
457	1023	
456	1024	
456	1025	
456	1026	
458	1059	
458	1060	
456	1072	
454	1078	
454	1083	
454	1084	
454	1085	
453	1086	
452	1089	
452	1090	
452	1091	
452	1092	
454	1093	
454	1094	
454	1095	
454	1096	
452	1097	
452	1098	
452	1099	
452	1110	
452	1123	
452	1124	
452	1125	
452	1126	
451	1127	
