201	501	
201	502	
201	503	
203	504	
201	505	
201	506	
201	507	
201	508	
201	509	
201	510	
199	511	
198	512	
198	513	
199	514	
199	515	
198	516	
198	517	
199	518	
199	519	
199	520	
200	521	
199	522	
199	523	
199	524	
198	525	
198	526	
198	527	
199	528	
198	529	
198	530	
199	530	
199	531	
199	532	
198	533	
197	534	
196	535	
196	536	
197	537	
197	538	
197	539	
198	540	
196	541	
196	542	
197	543	
197	544	
197	545	
195	546	
196	547	
195	548	
195	549	
195	550	
195	551	
193	552	
195	553	
195	554	
194	555	
195	556	
194	557	
194	558	
193	559	
193	560	
192	561	
192	562	
191	563	
191	564	
193	565	
193	566	
193	567	
191	568	
190	569	
193	570	
190	571	
190	572	
189	573	
190	574	
190	575	
190	576	
190	577	
190	578	
191	579	
191	580	
190	581	
190	582	
190	583	
190	584	
191	585	
191	586	
192	587	
192	588	
192	589	
193	589	
193	590	
193	591	
191	592	
191	593	
193	594	
189	599	
189	600	
189	601	
187	602	
187	603	
189	604	
189	605	
189	606	
189	607	
189	608	
189	609	
189	610	
188	611	
186	612	
185	613	
185	614	
188	615	
188	616	
187	617	
188	617	
186	618	
186	619	
185	620	
185	621	
187	622	
185	623	
185	624	
185	625	
186	625	
187	626	
187	627	
187	628	
187	629	
186	630	
186	631	
186	632	
185	633	
185	634	
185	635	
184	636	
185	637	
187	638	
187	639	
187	640	
187	641	
187	642	
186	643	
185	644	
185	645	
186	646	
186	647	
185	648	
187	649	
187	650	
187	651	
186	652	
186	653	
186	654	
189	654	
187	655	
187	656	
187	657	
187	658	
187	659	
187	660	
191	661	
191	662	
191	663	
191	664	
190	665	
191	665	
190	666	
190	667	
190	668	
190	669	
193	670	
191	671	
191	672	
191	673	
193	674	
193	675	
193	676	
193	677	
193	678	
194	679	
194	680	
193	681	
195	682	
195	683	
195	684	
195	685	
193	686	
193	687	
196	688	
196	689	
194	690	
194	691	
194	692	
197	693	
195	694	
194	695	
194	696	
197	697	
199	698	
199	699	
199	700	
199	701	
199	702	
198	703	
199	703	
199	704	
199	705	
198	706	
198	707	
198	708	
199	709	
201	710	
200	711	
198	712	
197	713	
201	714	
201	715	
201	716	
201	717	
201	720	
201	721	
201	722	
188	1051	
188	1053	
188	1054	
188	1055	
186	1071	
