540	22	
540	23	
540	27	
542	35	
544	62	
544	63	
544	64	
544	65	
544	66	
546	83	
546	84	
546	85	
493	419	
493	420	
493	421	
491	422	
491	423	
491	424	
492	425	
492	426	
492	427	
492	428	
491	429	
491	430	
491	431	
491	432	
491	433	
491	434	
491	435	
491	436	
491	437	
491	438	
491	439	
491	440	
491	441	
491	442	
491	443	
491	444	
491	445	
493	446	
493	447	
493	448	
493	449	
493	450	
493	451	
493	452	
493	453	
494	454	
494	455	
494	456	
495	456	
493	457	
493	458	
495	459	
481	522	
481	523	
480	524	
481	524	
481	525	
481	526	
481	527	
481	528	
482	528	
481	529	
481	530	
481	531	
482	532	
482	533	
482	534	
482	535	
481	536	
479	537	
479	538	
479	539	
479	540	
478	541	
477	542	
478	543	
479	544	
480	545	
480	546	
478	547	
478	548	
478	549	
478	550	
476	551	
476	552	
476	553	
476	554	
475	555	
476	556	
476	557	
476	558	
476	559	
476	560	
476	561	
476	562	
476	563	
476	564	
477	565	
476	566	
476	567	
477	568	
475	569	
475	570	
475	571	
476	572	
476	573	
475	574	
475	575	
475	576	
476	577	
476	578	
476	579	
477	580	
476	581	
475	582	
476	582	
476	583	
476	584	
476	585	
476	586	
476	587	
476	588	
476	589	
476	590	
477	591	
477	592	
477	593	
477	594	
476	595	
476	596	
476	597	
477	598	
477	599	
477	600	
476	601	
477	602	
476	603	
477	604	
476	605	
476	606	
478	607	
478	608	
476	609	
476	610	
476	611	
476	612	
477	613	
476	614	
476	615	
476	616	
476	617	
476	618	
478	619	
477	620	
477	621	
478	622	
478	623	
477	624	
477	625	
477	626	
477	627	
477	628	
477	629	
477	630	
478	631	
478	632	
478	633	
478	634	
478	635	
478	636	
478	637	
478	638	
479	639	
478	640	
478	641	
478	642	
477	643	
477	644	
480	645	
480	646	
479	647	
479	648	
479	649	
477	650	
479	651	
479	652	
479	653	
477	654	
477	655	
477	656	
477	657	
477	658	
477	659	
477	660	
475	661	
475	662	
477	663	
477	664	
477	665	
477	666	
477	667	
477	668	
477	669	
477	670	
477	671	
475	672	
477	673	
477	674	
475	675	
475	676	
475	677	
477	678	
477	679	
475	680	
477	681	
477	682	
476	683	
475	684	
475	685	
475	686	
475	687	
475	688	
475	689	
476	690	
477	691	
476	692	
475	693	
475	694	
475	695	
476	695	
475	696	
475	697	
475	698	
476	699	
475	700	
476	701	
475	702	
476	702	
475	703	
476	703	
476	704	
475	705	
476	705	
476	706	
475	707	
476	708	
475	709	
474	710	
473	711	
473	712	
474	713	
474	714	
473	715	
475	716	
473	717	
473	718	
473	719	
473	720	
474	721	
473	722	
473	723	
474	724	
474	725	
474	726	
473	727	
474	727	
474	728	
473	729	
473	730	
474	731	
474	732	
473	733	
473	734	
472	735	
473	736	
472	737	
472	738	
472	739	
472	740	
472	741	
472	742	
472	743	
472	744	
472	745	
471	746	
470	747	
471	747	
471	748	
471	749	
468	750	
469	751	
469	752	
470	753	
469	754	
469	755	
469	756	
471	757	
467	758	
468	759	
467	760	
469	761	
468	762	
467	763	
467	764	
467	765	
467	766	
468	767	
468	768	
468	769	
469	770	
468	771	
468	772	
468	773	
468	774	
468	775	
468	776	
468	777	
468	778	
468	779	
468	780	
468	781	
467	782	
467	783	
467	784	
468	785	
469	785	
469	786	
468	787	
469	787	
468	788	
468	789	
469	789	
468	790	
468	791	
469	792	
468	793	
468	794	
468	795	
468	796	
467	797	
468	797	
468	798	
468	799	
468	800	
468	801	
469	802	
468	803	
467	804	
470	804	
470	805	
470	806	
469	807	
469	808	
469	809	
469	810	
469	811	
469	812	
472	813	
472	814	
472	815	
471	816	
472	817	
472	818	
472	819	
471	820	
471	821	
475	822	
475	823	
475	824	
475	825	
475	826	
475	827	
475	828	
475	829	
476	829	
475	830	
475	831	
475	832	
475	833	
475	834	
477	835	
475	836	
475	837	
476	838	
477	839	
477	840	
477	841	
475	842	
477	843	
477	844	
475	845	
475	846	
476	847	
477	848	
476	849	
479	850	
479	851	
478	852	
478	853	
479	853	
481	854	
479	855	
481	855	
481	856	
481	857	
481	858	
481	859	
481	860	
481	861	
481	862	
480	863	
480	864	
480	865	
480	866	
479	867	
479	868	
479	869	
480	870	
478	871	
479	872	
479	873	
479	874	
479	875	
479	876	
481	877	
481	878	
479	879	
479	880	
479	881	
480	882	
481	883	
481	884	
481	885	
481	886	
481	887	
481	888	
481	889	
481	890	
481	891	
481	892	
481	893	
481	894	
481	895	
465	1068	
462	1087	
462	1088	
460	1089	
460	1090	
459	1093	
459	1094	
462	1095	
462	1096	
459	1099	
458	1100	
461	1135	
460	1143	
