558	50	
558	51	
493	567	
493	568	
493	569	
493	570	
494	571	
493	572	
494	573	
493	574	
493	575	
493	576	
493	577	
493	578	
493	579	
492	580	
493	581	
493	582	
493	583	
494	583	
493	584	
494	585	
493	586	
494	587	
493	588	
493	589	
492	590	
492	591	
493	592	
493	593	
493	594	
492	595	
492	596	
492	597	
492	598	
493	599	
492	600	
492	601	
493	602	
492	603	
491	604	
492	605	
493	605	
491	606	
492	606	
492	607	
491	608	
493	609	
493	610	
492	611	
492	612	
493	612	
493	613	
493	614	
493	615	
493	616	
492	617	
494	618	
493	619	
494	620	
493	621	
493	622	
493	623	
493	624	
494	625	
494	626	
493	627	
494	628	
494	629	
495	630	
493	631	
494	632	
493	633	
493	634	
493	635	
493	636	
493	637	
495	638	
493	639	
495	639	
493	640	
493	641	
493	642	
493	643	
493	644	
495	645	
495	646	
493	647	
493	648	
493	649	
495	650	
495	651	
493	652	
493	653	
495	654	
493	655	
493	656	
493	657	
493	658	
493	659	
493	660	
493	661	
493	662	
493	663	
493	664	
491	665	
491	666	
491	667	
491	668	
491	669	
493	670	
491	671	
491	672	
491	673	
491	674	
493	675	
493	676	
493	677	
493	678	
493	679	
493	680	
491	681	
491	682	
491	683	
491	684	
491	687	
489	688	
491	689	
491	690	
491	691	
489	692	
490	693	
490	694	
489	695	
491	696	
491	697	
491	698	
491	699	
491	700	
491	701	
491	702	
491	703	
492	703	
491	704	
492	704	
491	705	
491	706	
490	707	
491	708	
491	709	
490	710	
490	711	
489	712	
490	713	
490	714	
489	715	
490	716	
490	717	
489	718	
489	719	
490	720	
490	721	
490	722	
489	723	
489	724	
488	725	
488	726	
490	727	
488	728	
490	728	
488	729	
488	730	
489	730	
489	731	
489	732	
488	733	
487	734	
487	735	
488	736	
487	737	
487	738	
488	739	
487	740	
488	741	
487	742	
487	743	
486	744	
488	745	
488	746	
486	747	
487	748	
485	749	
485	750	
485	751	
485	752	
485	753	
485	754	
485	755	
484	756	
484	757	
485	757	
485	758	
483	759	
484	760	
484	761	
484	762	
485	763	
484	764	
484	765	
484	766	
484	767	
483	768	
484	769	
483	770	
483	771	
484	772	
484	773	
484	774	
484	775	
483	776	
485	777	
483	778	
484	779	
484	780	
484	781	
483	782	
483	783	
484	784	
484	785	
484	786	
483	787	
484	788	
484	789	
484	790	
484	791	
483	792	
483	793	
482	794	
483	795	
484	796	
484	797	
484	798	
484	799	
483	800	
483	801	
484	802	
483	803	
484	804	
483	805	
483	806	
484	807	
486	808	
485	809	
485	810	
485	811	
485	812	
485	813	
485	814	
485	815	
486	816	
487	817	
489	818	
487	819	
487	820	
490	821	
489	822	
489	823	
493	824	
493	825	
493	826	
493	827	
565	857	
565	858	
484	1058	
484	1062	
480	1070	
480	1071	
480	1072	
480	1073	
480	1074	
480	1080	
480	1081	
480	1082	
478	1086	
480	1095	
480	1096	
478	1097	
478	1098	
478	1099	
478	1100	
480	1101	
480	1102	
480	1111	
480	1112	
480	1113	
480	1114	
