560	56	
560	57	
562	77	
562	85	
562	86	
563	86	
495	569	
495	570	
495	571	
494	572	
495	572	
495	573	
495	574	
495	575	
493	576	
494	577	
494	578	
494	579	
494	580	
494	581	
495	581	
494	582	
496	582	
494	583	
494	584	
495	585	
495	586	
494	587	
494	588	
494	589	
494	590	
494	591	
494	592	
494	593	
494	594	
494	595	
493	596	
494	597	
494	598	
495	599	
493	600	
494	600	
495	600	
494	601	
494	602	
493	603	
493	604	
494	605	
494	606	
493	607	
494	608	
494	609	
494	610	
494	611	
494	612	
494	613	
494	614	
494	615	
495	616	
494	617	
494	618	
495	619	
495	620	
495	621	
496	622	
495	623	
495	624	
495	625	
495	626	
496	627	
495	628	
495	629	
496	630	
496	631	
495	632	
496	632	
495	633	
495	634	
495	635	
495	636	
496	637	
495	639	
495	640	
497	641	
497	642	
495	643	
495	644	
495	645	
497	646	
497	647	
497	648	
495	649	
495	650	
495	651	
495	652	
495	653	
495	654	
494	655	
493	656	
493	657	
493	658	
493	659	
493	662	
495	663	
495	664	
495	665	
495	666	
493	667	
493	668	
493	669	
493	670	
493	671	
493	672	
493	673	
495	674	
495	675	
495	676	
494	677	
493	678	
493	679	
493	680	
493	681	
493	682	
493	683	
493	684	
493	685	
493	686	
493	687	
493	688	
493	689	
493	690	
493	691	
493	692	
491	693	
492	693	
491	694	
492	695	
491	696	
492	697	
492	698	
492	699	
492	700	
492	701	
492	702	
492	703	
491	704	
491	705	
492	706	
491	707	
491	708	
492	708	
491	709	
492	710	
491	711	
491	712	
492	713	
491	714	
491	715	
491	716	
492	717	
492	718	
492	719	
490	720	
493	721	
490	722	
491	723	
491	724	
491	725	
491	726	
491	727	
490	728	
490	729	
490	730	
490	731	
489	732	
490	733	
490	734	
490	735	
490	736	
490	737	
489	738	
489	739	
489	740	
489	741	
489	742	
489	743	
487	744	
488	745	
489	746	
488	747	
489	748	
489	749	
489	750	
489	751	
489	752	
485	753	
485	754	
486	755	
486	756	
486	757	
485	758	
486	759	
486	760	
485	761	
485	762	
486	763	
486	764	
485	765	
486	766	
486	767	
485	768	
485	769	
485	770	
485	771	
486	772	
486	773	
486	774	
484	775	
486	776	
485	777	
485	778	
485	779	
485	780	
485	781	
484	782	
485	782	
485	783	
485	784	
484	785	
485	786	
485	787	
485	788	
485	789	
486	790	
485	791	
486	792	
485	793	
486	794	
486	795	
486	796	
485	797	
486	798	
485	799	
486	799	
486	800	
486	801	
486	802	
485	803	
485	804	
485	805	
485	806	
485	807	
486	808	
486	809	
488	810	
487	811	
487	812	
487	813	
487	814	
487	815	
487	816	
487	817	
563	818	
491	819	
565	820	
489	821	
489	822	
489	823	
495	824	
495	825	
497	826	
495	827	
495	828	
565	850	
565	851	
565	852	
567	888	
485	1058	
484	1059	
484	1060	
484	1064	
480	1079	
480	1080	
480	1081	
480	1086	
480	1087	
480	1100	
480	1101	
480	1102	
480	1106	
480	1107	
480	1108	
480	1109	
480	1121	
