562	59	
562	60	
571	522	
497	580	
497	581	
497	582	
499	583	
499	584	
499	585	
499	586	
499	587	
499	588	
499	589	
497	590	
497	591	
497	592	
497	593	
497	594	
497	595	
497	596	
497	597	
498	597	
498	598	
497	599	
498	599	
497	600	
497	601	
497	602	
498	603	
498	604	
498	605	
498	606	
498	607	
497	608	
497	609	
497	610	
498	611	
498	612	
499	613	
497	614	
498	615	
498	616	
498	617	
498	618	
499	619	
498	620	
498	621	
498	622	
498	623	
499	623	
498	624	
499	625	
498	626	
499	627	
499	628	
499	629	
499	630	
499	631	
499	633	
501	634	
499	635	
499	636	
501	637	
497	638	
501	639	
499	640	
499	641	
499	642	
499	643	
499	644	
499	645	
500	647	
499	648	
499	649	
499	650	
499	651	
499	652	
499	653	
501	654	
498	655	
499	656	
497	657	
497	658	
497	659	
497	660	
497	661	
499	663	
495	664	
499	665	
499	666	
497	667	
497	668	
497	669	
497	670	
496	671	
496	672	
497	673	
497	674	
497	675	
497	676	
497	677	
499	678	
495	679	
495	680	
495	681	
497	682	
495	683	
495	684	
497	685	
497	686	
497	687	
495	688	
495	689	
495	690	
495	691	
497	692	
497	693	
496	694	
495	695	
496	696	
496	697	
496	698	
496	699	
496	700	
496	701	
495	702	
496	702	
496	703	
496	704	
495	705	
495	706	
495	707	
495	708	
496	709	
495	710	
495	711	
495	712	
495	713	
494	714	
495	715	
495	716	
494	717	
494	718	
493	719	
493	720	
493	721	
493	722	
494	723	
493	724	
494	724	
493	725	
493	726	
493	727	
493	728	
493	729	
494	730	
493	731	
494	732	
494	733	
494	734	
492	735	
492	736	
494	737	
492	738	
492	739	
492	740	
492	741	
491	742	
492	742	
492	743	
492	744	
491	745	
490	746	
490	747	
492	748	
492	749	
489	750	
490	751	
489	752	
489	753	
489	754	
489	755	
490	756	
491	757	
491	758	
491	759	
491	760	
490	761	
491	761	
491	762	
491	763	
490	764	
490	765	
489	766	
489	767	
488	768	
488	769	
488	770	
487	771	
487	772	
487	773	
487	774	
488	774	
488	775	
488	776	
488	777	
488	778	
488	779	
489	780	
488	781	
488	782	
489	783	
488	784	
487	785	
487	786	
488	786	
488	787	
488	788	
488	789	
488	790	
489	791	
489	792	
488	793	
488	794	
488	795	
488	796	
487	797	
488	797	
488	798	
488	799	
489	799	
489	800	
488	801	
489	802	
489	803	
489	804	
489	805	
489	806	
491	807	
491	808	
491	809	
491	810	
491	811	
491	812	
491	813	
491	814	
490	815	
492	816	
493	817	
493	818	
495	819	
491	820	
491	821	
497	822	
497	823	
497	824	
497	825	
490	1052	
488	1054	
488	1062	
485	1080	
484	1081	
484	1082	
482	1084	
482	1085	
482	1086	
482	1087	
482	1123	
