566	50	
566	54	
569	81	
569	85	
501	592	
501	593	
501	594	
501	595	
501	596	
501	597	
502	598	
502	599	
503	600	
501	601	
501	602	
501	603	
502	604	
503	604	
502	605	
502	606	
501	607	
502	607	
502	608	
501	609	
501	610	
501	611	
502	612	
502	613	
502	614	
502	615	
503	616	
502	617	
504	618	
504	619	
504	620	
502	621	
501	622	
503	623	
503	624	
503	625	
503	626	
505	627	
505	628	
503	629	
503	630	
503	631	
503	632	
503	633	
505	634	
505	635	
502	636	
503	636	
503	637	
503	638	
503	639	
503	640	
505	641	
505	642	
505	643	
501	646	
503	647	
503	648	
503	649	
505	650	
503	651	
504	651	
501	652	
503	653	
503	654	
501	655	
501	656	
501	657	
501	658	
501	659	
501	660	
501	661	
501	663	
501	664	
501	665	
499	666	
499	667	
499	668	
499	669	
499	670	
501	671	
501	672	
501	673	
501	674	
501	675	
501	676	
499	677	
499	678	
499	679	
503	680	
499	681	
500	682	
501	683	
501	684	
501	685	
501	686	
499	687	
499	688	
499	689	
499	690	
499	691	
499	692	
499	693	
499	694	
499	695	
499	696	
499	697	
499	698	
500	699	
500	700	
499	701	
500	702	
500	703	
499	704	
500	705	
499	706	
499	707	
500	708	
499	709	
498	710	
499	710	
498	711	
498	712	
498	713	
499	713	
499	714	
498	715	
498	716	
498	717	
498	718	
499	719	
497	720	
497	721	
497	722	
498	722	
497	723	
498	723	
497	724	
498	725	
497	726	
498	726	
499	726	
497	727	
498	728	
499	728	
499	729	
497	730	
497	731	
497	732	
497	733	
497	734	
496	735	
496	736	
496	737	
496	738	
496	739	
497	740	
496	741	
496	742	
496	743	
495	744	
495	745	
495	746	
495	747	
494	748	
494	749	
494	750	
495	751	
493	752	
493	753	
493	754	
493	755	
493	756	
494	757	
493	758	
493	759	
494	760	
494	761	
494	762	
494	763	
492	764	
492	765	
492	766	
492	767	
492	768	
492	769	
493	770	
493	771	
492	772	
493	773	
493	774	
492	775	
492	776	
492	777	
491	778	
492	778	
492	779	
492	780	
491	781	
492	782	
491	783	
491	784	
491	785	
492	786	
492	787	
492	788	
492	789	
492	790	
491	791	
491	792	
492	792	
492	793	
491	794	
492	794	
492	795	
491	796	
492	797	
492	798	
491	799	
492	799	
492	800	
492	801	
492	802	
492	803	
492	804	
492	805	
492	806	
493	807	
494	808	
494	809	
493	810	
493	811	
494	812	
493	813	
496	814	
495	815	
496	815	
495	816	
495	817	
495	818	
497	819	
497	820	
499	821	
501	822	
571	832	
573	872	
573	873	
573	874	
574	875	
575	876	
487	1082	
486	1083	
486	1084	
486	1085	
486	1087	
487	1088	
488	1089	
488	1090	
486	1091	
486	1092	
486	1093	
486	1094	
486	1095	
486	1096	
