566	46	
568	52	
568	54	
568	55	
568	69	
568	70	
570	72	
570	73	
570	74	
505	603	
505	604	
505	605	
505	606	
505	607	
505	608	
505	609	
505	610	
505	611	
505	612	
505	613	
505	614	
507	615	
507	616	
509	617	
509	618	
509	619	
507	620	
507	621	
507	622	
507	623	
507	624	
507	625	
507	627	
507	628	
507	631	
507	632	
507	633	
507	634	
507	635	
505	636	
505	637	
505	639	
505	640	
507	641	
507	642	
507	643	
505	644	
505	645	
505	647	
507	648	
505	649	
505	650	
505	651	
507	652	
507	653	
505	654	
505	655	
505	657	
503	658	
503	659	
503	660	
505	661	
505	662	
505	663	
503	664	
503	665	
503	666	
503	667	
505	668	
505	669	
505	670	
505	671	
503	672	
503	673	
503	674	
503	675	
503	676	
503	677	
503	679	
503	680	
503	681	
502	682	
501	683	
501	684	
501	685	
503	686	
503	687	
503	689	
501	690	
501	691	
501	692	
501	693	
501	694	
501	695	
503	696	
503	697	
501	698	
502	699	
502	700	
502	701	
502	702	
502	703	
502	704	
502	705	
502	706	
502	707	
501	708	
502	709	
502	710	
501	711	
502	712	
501	713	
501	714	
502	714	
501	715	
501	716	
500	717	
499	718	
498	719	
500	720	
500	721	
500	722	
500	723	
499	724	
499	725	
499	726	
499	727	
499	728	
500	728	
499	729	
499	730	
499	731	
499	732	
500	733	
500	734	
499	735	
499	736	
500	737	
500	738	
499	739	
499	740	
499	741	
499	742	
498	743	
498	744	
498	745	
498	746	
497	747	
497	748	
497	749	
497	750	
497	751	
497	752	
497	753	
496	754	
496	755	
495	756	
496	756	
496	757	
496	758	
497	759	
496	760	
495	761	
497	761	
496	762	
496	763	
496	764	
496	765	
497	766	
497	767	
494	768	
495	768	
495	769	
495	770	
496	770	
495	771	
494	772	
494	773	
494	774	
494	775	
494	776	
494	777	
494	778	
494	779	
494	780	
494	781	
495	782	
495	783	
495	784	
494	785	
495	786	
495	787	
494	788	
494	789	
494	790	
495	791	
496	791	
495	792	
494	793	
494	794	
494	795	
494	796	
494	797	
495	798	
495	799	
495	800	
495	801	
495	802	
496	803	
496	804	
496	805	
496	806	
496	807	
496	808	
497	808	
496	809	
497	810	
497	811	
497	812	
497	813	
497	814	
497	815	
497	816	
497	817	
497	818	
501	819	
501	820	
501	821	
575	864	
575	865	
575	866	
577	876	
492	1072	
490	1074	
492	1076	
490	1081	
490	1082	
490	1083	
490	1084	
488	1088	
488	1091	
488	1092	
488	1093	
488	1094	
488	1095	
488	1096	
487	1097	
487	1098	
489	1099	
490	1099	
488	1101	
488	1102	
