570	29	
570	30	
575	81	
513	632	
513	633	
513	634	
513	635	
513	636	
511	639	
513	640	
513	641	
513	642	
512	643	
511	644	
513	645	
513	646	
511	647	
511	648	
511	649	
509	650	
509	651	
509	652	
509	653	
509	655	
511	656	
509	657	
507	658	
507	659	
507	660	
507	661	
509	662	
509	663	
509	664	
509	665	
507	666	
506	667	
509	668	
509	669	
509	671	
509	672	
507	673	
507	674	
509	675	
509	676	
509	677	
507	678	
507	679	
505	680	
507	681	
507	682	
509	682	
507	683	
507	684	
507	685	
507	686	
507	687	
505	688	
505	689	
505	690	
507	691	
505	693	
505	694	
505	695	
507	696	
507	697	
505	698	
506	699	
506	700	
505	701	
506	701	
506	702	
505	703	
505	704	
505	705	
505	706	
506	707	
506	708	
505	709	
506	710	
506	711	
506	712	
506	713	
506	714	
505	715	
504	716	
504	717	
504	718	
505	719	
505	720	
505	721	
505	722	
505	723	
503	724	
503	725	
504	725	
504	726	
504	727	
504	728	
504	729	
504	730	
504	731	
505	731	
504	732	
504	733	
504	734	
503	735	
504	735	
503	736	
504	737	
504	738	
504	739	
503	740	
503	741	
503	742	
503	743	
503	744	
503	745	
503	746	
502	747	
502	748	
501	749	
501	750	
501	751	
501	752	
501	753	
500	754	
500	755	
499	756	
500	756	
499	757	
499	758	
500	759	
500	760	
501	761	
500	762	
501	763	
500	764	
499	765	
499	766	
498	767	
498	768	
498	769	
498	770	
499	771	
499	772	
499	773	
500	774	
498	775	
498	776	
499	777	
499	778	
499	779	
499	780	
498	781	
498	782	
498	783	
498	784	
498	785	
498	786	
499	786	
498	787	
498	788	
499	789	
499	790	
498	791	
498	792	
499	793	
499	794	
498	795	
498	796	
498	797	
498	798	
498	799	
499	800	
500	801	
500	802	
500	803	
499	804	
499	805	
500	806	
500	807	
500	808	
501	809	
501	810	
502	810	
501	811	
502	811	
501	812	
502	813	
503	814	
503	815	
503	816	
503	817	
505	818	
575	826	
577	828	
493	1085	
492	1086	
494	1096	
494	1097	
492	1101	
492	1102	
494	1103	
494	1104	
492	1127	
493	1127	
