585	575	
585	576	
585	577	
585	578	
519	642	
519	643	
519	644	
519	645	
515	647	
516	648	
515	649	
515	650	
515	651	
517	652	
517	653	
517	654	
513	656	
513	657	
513	658	
513	659	
513	660	
515	662	
511	664	
511	665	
511	666	
511	667	
513	668	
513	669	
513	670	
513	671	
513	672	
511	673	
511	674	
511	675	
513	676	
511	677	
511	678	
511	679	
513	680	
512	681	
513	681	
513	682	
511	683	
511	684	
511	685	
511	686	
511	687	
511	688	
511	689	
511	690	
511	691	
511	692	
511	693	
509	694	
509	695	
509	696	
509	697	
510	698	
511	699	
511	700	
512	700	
511	701	
511	702	
511	703	
511	704	
510	705	
510	706	
510	707	
510	708	
510	709	
510	710	
510	711	
510	712	
510	713	
511	713	
510	714	
511	715	
510	716	
510	717	
510	718	
510	719	
510	720	
510	721	
510	722	
510	723	
510	724	
510	725	
509	726	
509	727	
509	728	
510	729	
509	730	
510	731	
509	732	
509	733	
509	734	
509	735	
510	736	
507	737	
507	738	
510	739	
508	740	
508	741	
508	742	
509	743	
508	744	
508	745	
508	746	
507	747	
507	748	
507	749	
507	750	
507	751	
507	752	
507	753	
507	754	
507	755	
506	756	
505	757	
505	758	
506	759	
506	760	
505	761	
505	762	
505	763	
505	764	
506	765	
505	766	
504	767	
504	768	
504	769	
504	770	
504	771	
504	772	
503	773	
504	773	
503	774	
504	774	
504	775	
504	776	
504	777	
504	778	
503	779	
504	779	
503	780	
504	781	
504	782	
504	783	
504	784	
504	785	
504	786	
504	787	
504	788	
504	789	
504	790	
504	791	
504	792	
504	793	
504	794	
505	795	
505	796	
505	797	
506	798	
506	799	
506	800	
503	801	
503	802	
507	803	
507	804	
506	805	
507	806	
505	807	
505	808	
507	809	
507	810	
507	811	
507	812	
507	813	
581	824	
581	825	
581	826	
586	886	
586	887	
586	888	
502	1078	
498	1107	
498	1108	
498	1109	
498	1110	
498	1111	
498	1112	
498	1116	
498	1118	
498	1119	
