574	27	
579	71	
579	72	
581	84	
581	85	
581	86	
581	87	
587	550	
587	562	
587	612	
517	647	
517	648	
517	649	
519	650	
517	651	
517	652	
517	653	
515	654	
515	655	
515	656	
513	659	
513	660	
515	661	
515	662	
515	663	
515	664	
515	665	
515	666	
515	667	
514	668	
513	669	
513	670	
513	671	
513	672	
515	673	
515	674	
515	675	
513	676	
513	677	
517	678	
515	679	
515	680	
515	681	
513	682	
511	683	
511	684	
511	685	
513	686	
513	687	
511	688	
511	689	
513	690	
511	691	
511	692	
511	693	
511	694	
511	695	
511	697	
511	698	
511	699	
512	700	
511	701	
512	702	
511	703	
512	704	
512	705	
512	706	
512	707	
512	708	
512	709	
512	710	
512	711	
512	712	
512	713	
512	714	
512	715	
511	716	
512	717	
512	718	
512	719	
512	720	
511	721	
510	722	
510	723	
510	724	
510	725	
511	726	
510	727	
511	727	
510	728	
510	729	
511	729	
511	730	
511	731	
511	732	
511	733	
510	734	
511	735	
510	736	
510	737	
510	738	
510	739	
510	740	
511	741	
510	742	
510	743	
509	744	
509	745	
510	746	
509	747	
509	748	
509	749	
509	750	
509	751	
509	752	
509	753	
508	754	
508	755	
507	756	
508	757	
508	758	
508	759	
508	760	
506	761	
505	762	
506	763	
507	764	
506	765	
506	766	
507	767	
505	768	
506	769	
506	770	
506	771	
506	772	
506	773	
506	774	
506	775	
506	776	
506	777	
506	778	
506	779	
506	780	
507	781	
506	782	
506	783	
506	784	
506	785	
506	786	
506	787	
506	788	
505	789	
505	790	
505	791	
505	792	
505	793	
505	794	
506	795	
506	796	
505	797	
505	798	
505	799	
505	800	
506	801	
505	802	
508	803	
509	803	
508	804	
507	805	
507	806	
508	807	
508	808	
508	809	
507	810	
507	811	
509	811	
509	812	
509	813	
510	1060	
509	1061	
508	1062	
