580	61	
579	62	
587	510	
587	572	
587	573	
587	574	
587	576	
589	624	
520	649	
519	650	
518	651	
517	652	
517	653	
517	654	
517	660	
517	661	
515	662	
515	663	
515	665	
515	666	
515	667	
515	668	
515	669	
515	670	
517	672	
514	673	
513	674	
516	675	
515	676	
517	677	
517	678	
517	679	
517	680	
515	681	
515	682	
515	683	
515	684	
515	685	
513	686	
513	687	
513	688	
515	689	
515	690	
515	691	
513	692	
513	693	
513	694	
513	695	
513	696	
513	697	
513	698	
513	699	
514	700	
513	701	
515	702	
513	703	
513	704	
513	705	
514	706	
514	707	
514	708	
514	709	
514	710	
513	711	
514	712	
515	713	
514	714	
514	715	
514	716	
514	717	
513	718	
513	719	
513	720	
513	721	
513	722	
513	723	
514	724	
513	725	
512	726	
512	727	
511	728	
512	729	
512	730	
511	731	
511	732	
512	733	
512	734	
512	735	
512	736	
512	737	
513	738	
512	739	
512	740	
512	741	
511	742	
512	743	
513	743	
513	744	
510	745	
509	746	
513	747	
513	748	
511	749	
510	750	
509	751	
509	752	
509	753	
509	754	
511	755	
510	756	
509	757	
507	758	
508	758	
510	758	
507	759	
507	760	
509	761	
509	762	
508	763	
508	764	
508	765	
508	766	
507	767	
508	767	
507	768	
509	769	
508	770	
507	771	
508	771	
507	772	
507	773	
508	774	
507	775	
507	776	
507	777	
508	778	
508	779	
507	780	
507	781	
506	782	
506	783	
508	784	
505	785	
505	786	
507	787	
507	788	
507	789	
507	790	
507	791	
507	792	
507	793	
507	794	
507	795	
507	796	
507	797	
507	798	
508	798	
508	799	
508	800	
508	801	
509	802	
508	803	
509	804	
509	805	
511	806	
511	807	
511	808	
511	809	
583	834	
585	836	
590	964	
