578	39	
578	40	
519	653	
519	654	
521	655	
521	656	
517	657	
517	658	
517	659	
517	660	
517	661	
517	663	
518	663	
519	664	
519	665	
519	666	
519	667	
519	668	
517	669	
517	670	
517	671	
517	672	
517	673	
517	674	
517	675	
519	676	
517	677	
517	678	
517	679	
517	680	
517	681	
517	682	
517	683	
515	684	
517	685	
517	686	
515	687	
515	688	
515	689	
515	690	
515	691	
515	692	
515	693	
515	694	
515	695	
515	696	
515	697	
515	698	
515	699	
515	700	
515	701	
515	702	
515	703	
516	704	
515	705	
516	706	
516	707	
516	708	
516	709	
516	710	
515	711	
515	712	
514	713	
515	714	
516	715	
516	716	
515	717	
516	717	
517	718	
515	719	
514	720	
514	721	
513	722	
513	723	
515	723	
515	724	
514	725	
514	726	
514	727	
513	728	
514	728	
514	729	
513	730	
514	730	
513	731	
513	732	
513	733	
513	734	
513	735	
513	736	
514	737	
514	738	
514	739	
513	740	
513	741	
513	742	
513	743	
513	744	
513	745	
513	746	
513	747	
512	748	
512	749	
512	750	
512	751	
512	752	
512	753	
511	754	
511	755	
511	756	
511	757	
511	758	
512	758	
510	759	
510	760	
510	761	
510	762	
510	763	
509	764	
510	765	
511	766	
509	767	
510	768	
510	769	
510	770	
510	771	
509	772	
510	772	
509	773	
509	774	
508	775	
509	775	
508	776	
510	777	
509	778	
510	779	
510	780	
510	781	
509	782	
509	783	
510	784	
510	785	
510	786	
508	787	
507	788	
507	789	
511	790	
509	791	
510	792	
510	793	
509	794	
510	794	
509	795	
510	795	
509	796	
509	797	
509	798	
509	799	
510	800	
510	801	
511	802	
511	803	
511	804	
511	805	
511	806	
511	807	
512	1068	
502	1108	
502	1111	
502	1112	
