275	84	
205	499	
207	500	
207	501	
203	502	
203	503	
204	504	
204	505	
204	506	
205	507	
205	508	
204	509	
204	510	
204	511	
204	512	
204	513	
204	514	
204	515	
204	516	
204	517	
204	518	
205	519	
204	520	
204	521	
203	522	
203	523	
203	524	
203	525	
203	526	
203	527	
203	528	
203	529	
202	530	
202	531	
202	532	
202	533	
202	534	
202	535	
201	536	
201	537	
202	538	
201	539	
200	540	
201	541	
203	542	
201	543	
201	544	
200	545	
199	546	
200	546	
200	547	
201	548	
201	549	
201	550	
199	551	
200	551	
199	552	
199	553	
199	554	
199	555	
198	556	
198	557	
198	558	
198	559	
198	560	
198	561	
198	562	
196	563	
196	564	
195	565	
195	566	
196	567	
197	568	
197	569	
196	570	
195	571	
195	572	
195	573	
195	574	
195	575	
195	576	
194	577	
194	578	
194	579	
193	580	
194	581	
194	582	
196	583	
195	584	
196	584	
196	585	
197	586	
196	587	
194	588	
194	589	
195	590	
195	591	
191	593	
191	594	
193	595	
193	596	
192	597	
191	598	
193	599	
193	600	
193	601	
192	602	
192	603	
190	604	
191	605	
190	606	
189	607	
189	608	
191	609	
191	610	
191	611	
190	612	
190	613	
190	614	
190	615	
191	616	
191	617	
191	618	
191	619	
189	620	
190	620	
189	621	
187	622	
188	623	
189	624	
190	625	
187	626	
191	627	
191	628	
188	629	
187	630	
187	631	
187	632	
187	633	
186	634	
187	634	
187	635	
191	636	
191	637	
191	638	
191	639	
189	640	
190	641	
190	642	
190	643	
191	644	
191	645	
188	646	
191	647	
190	648	
190	649	
191	649	
191	650	
191	651	
191	652	
190	653	
190	654	
193	655	
193	656	
192	657	
190	658	
190	659	
190	660	
192	661	
192	662	
191	663	
192	663	
192	664	
194	665	
193	666	
193	667	
193	668	
194	669	
194	670	
195	670	
196	671	
197	672	
194	673	
194	674	
197	675	
196	676	
195	677	
195	678	
196	679	
196	680	
197	680	
197	681	
198	682	
199	683	
199	684	
199	685	
199	686	
198	687	
197	688	
198	689	
199	690	
199	691	
200	691	
200	692	
199	693	
199	694	
199	695	
200	696	
200	697	
200	698	
200	699	
200	700	
202	701	
202	702	
203	703	
203	704	
203	705	
203	706	
203	707	
204	708	
204	709	
203	710	
203	711	
203	712	
203	713	
203	714	
204	714	
204	715	
205	716	
204	717	
204	718	
204	719	
204	720	
207	721	
207	722	
207	723	
205	724	
205	725	
206	725	
192	1059	
194	1059	
194	1060	
194	1061	
192	1063	
192	1064	
192	1065	
192	1068	
192	1069	
192	1070	
192	1071	
192	1072	
