276	69	
276	70	
276	74	
278	88	
278	94	
278	95	
277	96	
278	96	
206	498	
207	499	
207	500	
205	501	
206	501	
205	502	
207	503	
207	504	
207	505	
205	506	
205	507	
206	508	
206	509	
206	510	
207	510	
207	511	
207	512	
207	513	
207	514	
205	515	
205	516	
205	517	
206	517	
206	518	
205	519	
206	519	
205	520	
205	521	
205	522	
205	523	
205	524	
205	525	
205	526	
205	527	
205	528	
205	529	
205	530	
204	531	
205	531	
204	532	
204	533	
204	534	
202	535	
202	536	
202	537	
203	538	
203	539	
203	540	
203	541	
204	542	
203	543	
203	544	
201	545	
201	546	
200	547	
199	548	
199	549	
200	550	
200	551	
199	552	
199	553	
199	554	
200	554	
200	555	
200	556	
200	557	
200	558	
200	559	
200	560	
199	561	
199	562	
199	563	
199	564	
199	565	
199	566	
198	567	
195	568	
196	569	
197	570	
197	571	
197	572	
196	573	
196	574	
197	575	
196	576	
196	577	
196	578	
195	579	
195	580	
196	581	
196	582	
196	583	
196	584	
196	585	
195	586	
196	587	
197	588	
197	589	
197	590	
196	591	
195	593	
195	594	
193	595	
193	596	
195	597	
193	598	
192	599	
191	600	
191	601	
192	602	
193	602	
193	603	
193	604	
193	605	
193	606	
193	607	
193	608	
193	609	
192	610	
191	611	
189	612	
192	613	
193	614	
189	615	
191	616	
189	617	
190	617	
193	618	
190	619	
191	620	
192	621	
193	622	
190	623	
190	624	
189	625	
188	626	
189	626	
191	627	
190	628	
191	628	
190	629	
190	630	
190	631	
191	632	
189	633	
188	634	
189	635	
189	636	
191	637	
191	638	
191	639	
190	640	
190	641	
191	641	
191	642	
191	643	
191	644	
191	645	
191	646	
191	647	
189	648	
190	649	
190	650	
190	651	
190	652	
193	653	
193	654	
193	655	
193	656	
193	657	
193	658	
193	659	
191	660	
193	660	
191	661	
195	662	
195	663	
192	664	
194	665	
193	666	
193	667	
194	668	
197	669	
197	670	
197	671	
197	672	
198	673	
199	674	
196	675	
196	676	
196	677	
199	678	
199	679	
199	680	
199	681	
198	682	
199	683	
200	684	
199	685	
198	686	
198	687	
200	688	
201	689	
201	690	
201	691	
199	692	
202	693	
203	694	
202	695	
203	696	
202	697	
203	697	
202	698	
202	699	
203	700	
204	700	
203	701	
205	702	
205	703	
204	704	
204	705	
204	706	
204	707	
204	708	
204	709	
206	710	
205	711	
206	712	
205	713	
206	714	
206	715	
205	716	
206	717	
206	718	
206	719	
205	720	
206	721	
207	722	
207	723	
207	724	
207	725	
206	726	
196	1047	
196	1048	
198	1049	
196	1065	
194	1067	
196	1073	
196	1074	
