279	88	
279	89	
279	90	
279	91	
279	92	
279	93	
279	94	
209	497	
209	498	
209	499	
207	500	
209	501	
209	502	
209	503	
209	504	
209	505	
209	506	
208	507	
209	508	
207	509	
207	510	
208	511	
208	512	
208	513	
206	514	
206	515	
208	516	
208	517	
208	518	
207	519	
207	520	
207	521	
207	522	
205	523	
207	523	
205	524	
206	525	
206	526	
206	527	
207	528	
207	529	
207	530	
206	531	
206	532	
206	533	
206	534	
206	535	
207	535	
207	536	
205	537	
204	538	
204	539	
204	540	
205	541	
203	542	
203	543	
205	544	
204	545	
203	546	
204	547	
201	548	
203	549	
203	550	
203	551	
203	552	
203	553	
203	554	
202	555	
201	556	
201	557	
202	558	
202	559	
202	560	
202	561	
200	562	
200	563	
199	564	
199	565	
199	566	
201	567	
199	568	
199	569	
199	570	
199	571	
198	572	
198	573	
197	574	
198	574	
198	575	
198	576	
199	577	
199	578	
199	579	
198	580	
198	581	
198	582	
197	583	
198	584	
198	585	
199	586	
199	587	
199	588	
199	589	
199	590	
195	591	
195	592	
195	593	
195	594	
194	595	
194	596	
196	597	
196	598	
196	599	
196	600	
195	601	
193	602	
193	603	
195	604	
195	605	
194	606	
194	607	
195	608	
195	609	
195	610	
192	611	
192	612	
192	613	
192	614	
191	615	
191	616	
191	617	
191	618	
193	619	
193	620	
193	621	
193	622	
193	623	
193	624	
191	625	
190	626	
192	627	
193	628	
193	629	
194	630	
191	631	
193	632	
193	633	
193	634	
193	635	
193	636	
193	637	
193	638	
193	639	
193	640	
192	641	
193	641	
193	642	
192	643	
191	644	
191	645	
192	645	
192	646	
192	647	
192	648	
192	649	
195	650	
195	651	
195	652	
195	653	
195	654	
193	655	
194	655	
192	656	
192	657	
192	658	
195	659	
194	660	
195	661	
195	662	
195	663	
194	664	
195	665	
196	666	
195	667	
195	668	
195	669	
195	670	
198	671	
199	671	
198	672	
199	673	
199	674	
199	675	
199	676	
198	677	
200	678	
199	679	
199	680	
201	681	
201	682	
201	683	
201	684	
201	685	
202	686	
201	687	
201	688	
201	689	
201	690	
201	691	
202	692	
203	693	
203	694	
203	695	
204	696	
205	697	
206	698	
206	699	
205	700	
205	701	
206	702	
206	703	
206	704	
206	705	
207	706	
208	707	
208	708	
208	709	
207	710	
207	711	
206	712	
207	713	
207	714	
208	714	
209	715	
209	716	
207	717	
209	718	
209	719	
209	720	
208	721	
208	722	
208	723	
211	724	
211	725	
211	727	
211	728	
211	729	
198	1047	
198	1050	
198	1051	
198	1052	
198	1053	
196	1056	
196	1057	
198	1059	
198	1060	
198	1061	
198	1062	
198	1063	
196	1064	
196	1065	
196	1066	
198	1071	
