285	86	
285	87	
285	88	
287	107	
287	108	
213	494	
213	495	
213	496	
215	497	
215	498	
215	499	
215	500	
214	501	
211	502	
212	503	
214	504	
215	504	
211	505	
212	506	
212	507	
213	508	
212	509	
212	510	
212	511	
213	511	
213	512	
212	513	
212	514	
211	515	
211	516	
212	517	
212	518	
212	519	
212	520	
211	521	
211	522	
211	523	
212	524	
213	525	
212	526	
213	526	
212	527	
213	527	
211	528	
212	528	
210	529	
210	530	
210	531	
211	532	
212	533	
212	534	
212	535	
211	536	
209	537	
209	538	
211	539	
207	540	
208	540	
210	541	
210	542	
210	543	
209	544	
209	545	
209	546	
209	547	
209	548	
209	549	
207	550	
209	550	
208	551	
208	552	
208	553	
208	554	
207	555	
208	555	
207	556	
206	557	
205	558	
205	559	
205	560	
205	561	
207	562	
206	563	
204	564	
204	565	
205	566	
205	567	
204	568	
203	569	
202	570	
205	571	
204	572	
203	573	
203	574	
205	575	
205	576	
205	577	
205	578	
205	579	
205	580	
205	581	
204	582	
204	583	
203	584	
204	585	
204	586	
203	587	
200	588	
200	589	
200	590	
200	591	
200	592	
200	593	
200	594	
199	595	
199	596	
201	597	
201	598	
201	599	
197	600	
197	601	
200	601	
199	602	
197	603	
197	604	
197	605	
197	606	
197	607	
198	608	
198	609	
198	610	
199	610	
199	611	
198	612	
197	613	
197	614	
197	615	
197	616	
197	617	
197	618	
198	619	
199	620	
199	621	
196	622	
197	623	
196	624	
196	625	
196	626	
197	627	
197	628	
197	629	
197	630	
197	631	
197	632	
196	633	
196	634	
196	635	
197	636	
197	637	
196	638	
197	639	
197	640	
198	641	
198	642	
197	643	
197	644	
197	645	
197	646	
196	647	
196	648	
196	649	
198	650	
198	651	
197	652	
197	653	
198	654	
198	655	
198	656	
198	657	
198	658	
199	658	
199	659	
201	660	
198	661	
201	661	
201	662	
201	663	
201	664	
200	665	
200	666	
200	667	
200	668	
201	669	
201	670	
202	670	
200	671	
200	672	
200	673	
201	674	
203	675	
203	676	
204	677	
205	678	
204	679	
204	680	
207	681	
207	682	
207	683	
207	684	
207	685	
207	686	
206	687	
207	688	
208	689	
209	690	
210	691	
210	692	
208	693	
209	693	
209	694	
209	695	
208	696	
209	697	
209	698	
210	699	
211	700	
211	701	
212	702	
211	703	
211	704	
211	705	
212	705	
212	706	
212	707	
213	708	
212	709	
212	710	
212	711	
212	712	
212	713	
212	714	
212	715	
212	716	
214	717	
214	718	
212	719	
212	720	
213	721	
213	722	
214	722	
215	723	
215	724	
211	725	
212	725	
212	726	
212	727	
214	728	
214	729	
212	730	
213	731	
213	732	
213	733	
213	734	
213	735	
214	736	
215	736	
213	737	
213	738	
213	739	
213	740	
215	742	
216	753	
216	754	
217	755	
217	756	
204	1049	
204	1050	
204	1051	
204	1052	
202	1053	
202	1054	
204	1055	
201	1059	
200	1074	
200	1075	
200	1076	
202	1082	
202	1083	
