217	466	
217	467	
219	468	
219	469	
217	470	
219	473	
219	474	
219	475	
217	477	
217	478	
219	479	
219	480	
219	481	
219	482	
219	485	
219	486	
219	487	
217	488	
221	489	
220	490	
220	491	
221	492	
221	493	
217	494	
215	495	
215	496	
215	497	
217	498	
216	499	
216	500	
215	501	
214	502	
214	503	
214	504	
215	505	
216	505	
215	506	
213	507	
214	508	
214	509	
214	510	
214	511	
214	512	
215	513	
213	514	
214	515	
215	515	
215	516	
214	517	
214	518	
214	519	
214	520	
213	521	
214	522	
214	523	
213	524	
213	525	
213	526	
212	527	
212	528	
213	529	
213	530	
212	531	
212	532	
212	533	
213	534	
213	535	
213	536	
211	537	
209	538	
210	539	
210	540	
210	541	
209	542	
209	543	
209	544	
210	545	
209	546	
210	547	
211	548	
211	549	
211	550	
211	551	
207	552	
207	553	
210	554	
210	555	
209	556	
207	557	
207	558	
206	559	
209	560	
209	561	
209	562	
206	563	
205	564	
205	565	
207	566	
207	567	
207	568	
206	569	
206	570	
205	571	
204	572	
204	573	
204	574	
204	575	
204	576	
204	577	
204	578	
204	579	
204	580	
204	581	
205	582	
206	582	
205	583	
204	584	
203	585	
205	586	
205	587	
203	588	
201	589	
201	590	
203	591	
201	592	
201	593	
201	594	
201	595	
201	596	
202	597	
201	598	
200	599	
201	600	
198	601	
198	602	
201	603	
200	604	
201	604	
200	605	
201	606	
201	607	
200	608	
199	609	
198	610	
198	611	
199	611	
198	612	
198	613	
198	614	
199	615	
199	616	
200	617	
200	618	
199	619	
199	620	
199	621	
198	622	
198	623	
197	624	
197	625	
197	626	
198	627	
199	628	
198	629	
198	630	
198	631	
198	632	
199	633	
198	634	
198	635	
198	636	
199	636	
198	637	
199	637	
198	638	
199	638	
199	639	
197	640	
198	641	
198	642	
198	643	
198	644	
199	645	
197	646	
198	647	
198	648	
198	649	
198	650	
198	651	
199	652	
199	653	
198	654	
199	655	
199	656	
198	657	
199	657	
199	658	
199	659	
200	659	
201	660	
201	661	
201	662	
201	663	
201	664	
200	665	
200	666	
201	667	
201	668	
203	669	
203	670	
203	671	
202	672	
202	673	
202	674	
205	675	
205	676	
204	677	
204	678	
207	679	
207	680	
206	681	
209	682	
208	683	
207	684	
207	685	
208	686	
208	687	
209	688	
209	689	
209	690	
210	691	
210	692	
210	693	
210	694	
210	695	
211	695	
210	696	
211	697	
212	698	
213	699	
213	700	
213	701	
213	702	
214	703	
214	704	
213	705	
213	706	
213	707	
214	708	
213	709	
213	710	
214	711	
214	712	
214	713	
212	714	
214	715	
214	716	
213	717	
214	717	
213	718	
213	719	
214	720	
214	721	
214	722	
215	723	
214	724	
215	725	
214	726	
215	727	
215	728	
215	729	
215	730	
214	731	
214	732	
214	733	
217	734	
217	737	
217	738	
215	739	
215	740	
217	741	
217	742	
216	743	
215	744	
216	745	
217	747	
217	748	
217	749	
216	750	
216	751	
217	752	
217	753	
217	754	
219	760	
202	1059	
202	1063	
201	1073	
202	1093	
202	1094	
