171	561	
171	562	
171	563	
171	564	
170	565	
170	566	
171	566	
171	567	
171	568	
170	569	
170	570	
171	571	
171	572	
171	573	
165	626	
166	627	
167	628	
165	630	
166	631	
166	632	
167	634	
167	635	
166	637	
166	638	
167	639	
167	640	
167	641	
164	642	
167	643	
167	644	
167	645	
167	646	
166	647	
166	648	
166	649	
166	650	
166	651	
166	652	
166	653	
168	654	
168	655	
169	656	
168	657	
167	658	
168	659	
168	660	
168	661	
167	662	
167	663	
167	664	
168	665	
168	666	
168	667	
169	668	
170	668	
170	669	
169	670	
169	671	
170	672	
170	673	
171	674	
171	675	
170	676	
169	677	
169	678	
168	679	
171	680	
171	681	
170	682	
170	683	
171	684	
171	685	
