294	48	
294	49	
294	50	
294	51	
294	61	
297	95	
297	96	
297	97	
297	98	
297	107	
227	443	
227	444	
225	445	
227	445	
225	446	
225	447	
225	448	
227	449	
227	450	
225	451	
225	452	
225	453	
226	454	
225	455	
225	456	
226	457	
226	458	
227	458	
227	459	
226	460	
226	461	
225	462	
226	462	
225	463	
226	464	
225	465	
225	466	
225	467	
226	468	
224	469	
224	470	
224	471	
224	472	
225	473	
225	474	
225	475	
226	476	
227	477	
227	478	
227	479	
227	480	
227	481	
226	482	
226	483	
226	484	
226	485	
226	486	
226	487	
226	488	
226	489	
226	490	
226	491	
226	492	
226	493	
225	494	
227	495	
227	496	
223	497	
225	498	
225	499	
225	500	
225	501	
225	502	
225	503	
224	504	
224	505	
224	506	
224	507	
224	508	
225	509	
225	510	
225	511	
225	512	
222	513	
225	514	
224	515	
223	516	
222	517	
224	518	
225	518	
222	519	
223	520	
222	521	
222	522	
222	523	
222	524	
222	525	
223	525	
222	526	
222	527	
222	528	
223	529	
223	530	
223	531	
221	532	
223	533	
222	534	
223	534	
219	535	
219	536	
220	537	
220	538	
220	539	
220	540	
221	541	
221	542	
221	543	
218	544	
218	545	
220	545	
219	546	
219	547	
220	548	
218	549	
218	550	
219	551	
219	552	
218	553	
217	554	
217	555	
219	556	
219	557	
219	558	
218	559	
218	560	
218	561	
217	562	
216	563	
216	564	
216	565	
216	566	
217	567	
217	568	
217	569	
217	570	
216	571	
215	572	
215	573	
216	574	
215	575	
215	576	
216	576	
215	577	
215	578	
216	578	
215	579	
216	580	
215	581	
215	582	
212	583	
211	584	
211	585	
211	586	
212	587	
212	588	
212	589	
210	590	
210	591	
210	592	
210	593	
209	594	
210	595	
210	596	
210	597	
210	598	
209	599	
210	600	
209	601	
208	602	
209	603	
209	604	
209	605	
209	606	
209	607	
209	608	
210	609	
210	610	
207	611	
207	612	
208	613	
208	614	
208	615	
208	616	
208	617	
209	618	
207	619	
207	620	
207	621	
208	622	
208	623	
208	624	
208	625	
209	626	
209	627	
209	628	
209	629	
208	630	
208	631	
209	632	
209	633	
209	634	
208	635	
208	636	
208	637	
208	638	
208	639	
209	640	
209	641	
209	642	
209	643	
209	644	
209	645	
209	646	
209	647	
209	648	
209	649	
208	650	
209	650	
209	651	
209	652	
209	653	
210	654	
207	655	
208	656	
208	657	
209	658	
209	659	
209	660	
210	660	
208	661	
208	662	
208	663	
209	664	
210	665	
209	666	
209	667	
209	668	
209	669	
209	670	
213	671	
213	672	
210	673	
210	674	
213	675	
214	676	
213	677	
213	678	
213	679	
214	679	
215	680	
215	681	
217	682	
215	683	
215	684	
216	685	
217	686	
217	687	
217	688	
217	689	
221	690	
218	691	
219	692	
221	693	
219	694	
221	695	
221	696	
221	697	
221	698	
221	705	
221	706	
221	707	
220	708	
222	709	
223	710	
221	711	
221	712	
221	713	
221	714	
223	715	
223	716	
221	717	
221	718	
223	719	
223	720	
222	721	
221	722	
222	723	
221	725	
221	726	
221	727	
222	728	
222	729	
223	729	
223	730	
223	731	
221	732	
221	733	
220	734	
223	735	
223	736	
223	737	
223	738	
223	739	
224	740	
221	741	
221	742	
222	743	
223	744	
223	745	
222	746	
222	747	
222	748	
223	749	
223	750	
223	751	
223	752	
222	753	
222	754	
222	755	
222	756	
223	757	
223	758	
223	759	
224	760	
223	761	
223	762	
223	763	
224	764	
223	765	
223	766	
223	767	
223	768	
225	769	
225	770	
225	771	
222	772	
223	773	
223	774	
224	775	
224	776	
225	777	
225	778	
224	779	
224	780	
225	781	
225	782	
222	783	
225	783	
223	784	
224	785	
224	786	
224	787	
225	788	
225	789	
225	790	
224	791	
225	792	
225	793	
225	794	
225	795	
225	796	
225	797	
225	798	
225	799	
225	800	
224	801	
224	802	
223	803	
223	804	
224	804	
225	805	
225	806	
225	807	
225	808	
224	809	
224	810	
225	811	
225	812	
225	813	
225	814	
225	815	
225	816	
225	817	
225	818	
224	819	
224	820	
226	821	
225	822	
225	823	
225	824	
225	825	
225	826	
224	827	
224	828	
225	829	
225	830	
225	831	
224	832	
225	833	
225	834	
225	835	
225	836	
225	837	
225	838	
225	839	
225	840	
225	841	
224	842	
223	843	
224	843	
224	844	
224	845	
224	846	
225	847	
225	848	
225	849	
225	850	
225	851	
225	852	
225	853	
225	854	
224	855	
224	856	
224	857	
224	858	
228	877	
228	878	
226	879	
226	880	
228	887	
228	888	
228	889	
229	897	
212	1074	
212	1075	
210	1076	
210	1077	
210	1078	
