173	566	
171	567	
171	568	
172	569	
173	570	
173	571	
173	572	
173	573	
173	574	
167	630	
169	631	
169	632	
169	633	
167	634	
167	635	
168	636	
169	637	
169	638	
166	639	
169	639	
169	640	
169	641	
169	642	
166	643	
167	644	
168	645	
168	646	
168	647	
168	648	
169	648	
168	649	
168	650	
168	651	
169	652	
168	653	
168	654	
168	655	
169	656	
169	657	
168	658	
169	659	
168	660	
169	661	
171	662	
171	663	
170	664	
170	665	
171	666	
171	667	
171	668	
169	669	
169	670	
171	671	
172	672	
171	673	
171	674	
171	675	
171	676	
171	677	
172	678	
172	679	
171	680	
171	681	
171	682	
170	683	
169	684	
170	685	
170	686	
171	687	
171	688	
171	689	
171	690	
173	691	
173	692	
