305	108	
305	110	
305	111	
235	435	
235	436	
232	437	
231	438	
231	439	
231	440	
233	441	
233	442	
233	443	
233	444	
233	445	
231	446	
233	446	
231	447	
232	448	
232	449	
232	450	
231	451	
231	452	
231	453	
231	454	
231	455	
231	456	
231	457	
232	458	
231	459	
231	460	
232	461	
231	462	
231	463	
231	464	
231	465	
231	466	
231	467	
231	468	
231	469	
231	470	
231	471	
232	471	
231	472	
231	473	
231	474	
231	475	
232	476	
231	477	
231	478	
231	479	
231	480	
231	481	
231	482	
231	483	
231	484	
232	485	
232	486	
232	487	
233	488	
233	489	
233	490	
232	491	
231	492	
232	492	
231	493	
231	494	
232	495	
233	496	
233	497	
233	498	
231	499	
231	500	
231	501	
229	502	
230	502	
230	503	
231	504	
230	505	
230	506	
231	507	
231	508	
230	509	
231	509	
230	510	
230	511	
230	512	
230	513	
229	514	
229	515	
229	516	
230	517	
231	518	
230	519	
229	520	
230	521	
231	522	
231	523	
230	524	
229	525	
228	526	
228	527	
227	528	
230	529	
229	530	
229	531	
229	532	
227	533	
227	534	
229	535	
226	536	
229	537	
228	538	
226	539	
228	539	
226	540	
226	541	
226	542	
226	543	
226	544	
227	545	
227	546	
227	547	
226	548	
225	549	
225	550	
224	551	
224	552	
225	553	
225	554	
225	555	
222	556	
223	557	
223	558	
223	559	
224	560	
223	561	
224	561	
223	562	
223	563	
223	564	
223	565	
224	566	
224	567	
224	568	
224	569	
223	570	
224	571	
223	572	
224	572	
224	573	
223	574	
223	575	
223	576	
223	577	
224	578	
225	579	
225	580	
219	581	
220	582	
219	583	
218	584	
219	585	
221	586	
218	587	
218	588	
218	589	
218	590	
218	591	
218	592	
218	593	
218	594	
218	595	
218	596	
218	597	
217	598	
217	599	
216	600	
215	601	
215	602	
217	603	
215	604	
216	605	
217	605	
216	606	
216	607	
215	608	
216	609	
216	610	
217	611	
217	612	
217	613	
214	614	
214	615	
215	616	
215	617	
215	618	
215	619	
214	620	
214	621	
214	622	
215	623	
214	624	
214	625	
214	626	
214	627	
215	628	
214	629	
214	630	
214	631	
214	632	
213	633	
213	634	
215	635	
214	636	
214	637	
214	638	
214	639	
215	640	
215	641	
215	642	
215	643	
215	644	
214	645	
215	646	
215	647	
215	648	
215	649	
215	650	
215	651	
215	652	
215	653	
216	654	
216	655	
215	656	
215	657	
216	657	
217	658	
217	659	
217	660	
217	661	
217	662	
217	663	
214	664	
215	665	
216	666	
217	666	
218	666	
216	667	
219	668	
219	669	
219	670	
218	671	
218	672	
219	673	
219	674	
219	675	
219	676	
219	677	
219	678	
221	679	
221	680	
221	696	
227	729	
227	730	
225	731	
225	732	
227	733	
227	734	
227	735	
226	736	
226	737	
226	738	
226	739	
228	740	
228	741	
229	742	
229	743	
228	744	
226	745	
226	746	
227	747	
229	748	
228	749	
228	750	
229	750	
229	751	
229	752	
229	753	
229	754	
228	755	
227	756	
227	757	
229	758	
229	759	
230	760	
229	761	
227	762	
228	763	
228	764	
228	765	
228	766	
228	767	
230	768	
228	769	
230	769	
229	770	
228	771	
231	772	
231	773	
231	774	
231	775	
228	776	
229	777	
229	778	
230	779	
230	780	
230	781	
230	782	
229	783	
229	784	
230	785	
230	786	
230	787	
228	788	
228	789	
228	790	
230	791	
230	792	
231	793	
231	794	
231	795	
231	796	
231	797	
230	798	
231	799	
230	800	
231	800	
230	801	
231	802	
231	803	
231	804	
231	805	
231	806	
229	807	
230	807	
229	808	
231	809	
231	810	
230	811	
230	812	
231	813	
231	814	
231	815	
231	816	
231	817	
231	818	
230	819	
229	820	
229	821	
230	821	
230	822	
230	823	
230	824	
230	825	
231	825	
231	826	
231	827	
231	828	
231	829	
230	830	
229	831	
228	832	
229	833	
230	834	
230	835	
230	836	
229	837	
228	838	
228	839	
228	840	
228	841	
227	842	
227	843	
228	844	
230	845	
229	846	
229	847	
229	848	
228	849	
228	850	
228	851	
228	852	
228	853	
229	854	
231	855	
231	856	
229	857	
228	858	
228	859	
228	860	
229	861	
229	862	
228	863	
228	864	
230	865	
231	866	
228	867	
228	868	
231	869	
230	870	
230	871	
230	872	
231	873	
230	874	
229	875	
229	876	
230	876	
231	877	
231	878	
229	879	
229	880	
230	881	
230	882	
232	883	
232	884	
233	885	
233	886	
230	887	
230	888	
231	889	
231	890	
230	891	
231	892	
232	893	
232	894	
232	895	
232	896	
233	897	
233	898	
233	899	
230	900	
232	901	
231	902	
231	903	
232	904	
233	904	
233	905	
233	906	
233	907	
232	908	
233	908	
232	909	
232	911	
232	912	
233	917	
218	1053	
216	1057	
216	1075	
216	1076	
216	1077	
216	1109	
