307	105	
307	106	
307	107	
233	433	
233	434	
235	435	
235	436	
233	437	
233	438	
233	439	
233	440	
235	441	
235	442	
235	443	
235	444	
234	445	
233	446	
233	447	
233	448	
233	449	
234	450	
233	451	
232	452	
233	453	
233	454	
233	455	
233	456	
233	457	
233	458	
232	459	
232	460	
232	461	
231	462	
233	463	
232	464	
232	465	
232	466	
232	467	
233	467	
233	468	
233	469	
233	470	
233	471	
233	472	
233	473	
233	474	
233	475	
233	476	
233	477	
233	478	
233	479	
233	480	
232	481	
232	482	
233	483	
232	484	
234	485	
234	486	
233	487	
233	488	
233	489	
234	490	
234	491	
234	492	
234	493	
233	494	
234	495	
232	496	
232	497	
235	498	
233	499	
233	500	
234	501	
231	502	
231	503	
232	504	
231	505	
231	506	
231	507	
231	508	
232	509	
232	510	
230	511	
230	512	
231	513	
231	514	
231	515	
231	516	
231	517	
231	518	
230	519	
230	520	
230	521	
230	522	
230	523	
229	524	
229	525	
231	526	
231	527	
229	528	
229	529	
230	529	
230	530	
231	531	
231	532	
231	533	
227	534	
227	535	
228	536	
228	537	
228	538	
228	539	
228	540	
229	541	
228	542	
227	543	
227	544	
227	545	
229	546	
228	547	
227	548	
228	548	
227	549	
227	550	
227	551	
227	552	
227	553	
224	554	
224	555	
227	556	
227	557	
224	558	
224	559	
223	560	
223	561	
226	562	
225	563	
223	564	
224	565	
224	566	
225	567	
225	568	
226	569	
226	570	
225	571	
225	572	
225	573	
225	574	
226	574	
225	575	
225	576	
224	577	
225	578	
224	579	
225	580	
221	581	
221	582	
222	583	
220	584	
221	585	
221	586	
221	587	
220	588	
220	589	
220	590	
221	590	
220	591	
220	592	
219	593	
219	594	
219	595	
219	596	
218	597	
217	598	
218	599	
218	600	
218	601	
217	602	
219	603	
218	604	
218	605	
216	606	
216	607	
219	608	
219	609	
216	610	
216	611	
218	612	
217	613	
217	614	
217	615	
217	616	
216	617	
216	618	
215	619	
216	619	
216	620	
217	620	
216	621	
216	622	
216	623	
215	624	
216	624	
215	625	
216	626	
216	627	
216	628	
216	629	
216	630	
216	631	
216	632	
216	633	
216	634	
217	635	
216	636	
216	637	
216	638	
216	639	
215	640	
215	641	
215	642	
215	643	
216	643	
215	644	
216	644	
216	645	
216	646	
216	647	
216	648	
216	649	
215	650	
217	651	
217	652	
216	653	
217	654	
216	655	
217	656	
216	657	
217	658	
217	659	
217	660	
217	661	
218	662	
218	663	
217	664	
217	665	
217	666	
218	667	
218	668	
219	669	
220	670	
220	671	
221	672	
219	673	
219	674	
219	675	
219	676	
219	677	
222	678	
223	678	
220	679	
220	680	
221	681	
221	682	
222	683	
223	684	
223	685	
223	690	
222	694	
223	699	
223	700	
223	701	
223	706	
228	731	
228	732	
228	733	
226	734	
229	735	
229	736	
227	737	
227	738	
227	739	
227	740	
229	741	
229	742	
228	743	
228	744	
229	745	
229	746	
228	747	
228	748	
228	749	
227	750	
228	751	
229	752	
229	753	
229	754	
227	755	
227	756	
229	757	
230	758	
230	759	
229	760	
228	761	
228	762	
231	763	
231	764	
231	765	
231	766	
229	767	
230	768	
231	769	
231	770	
230	771	
230	772	
230	773	
230	774	
229	775	
229	776	
230	777	
231	778	
232	779	
231	780	
230	781	
231	782	
232	783	
232	784	
231	785	
231	786	
231	787	
231	788	
230	789	
230	790	
230	791	
230	792	
231	793	
231	794	
231	795	
231	796	
230	797	
230	798	
230	799	
230	800	
229	801	
232	802	
232	803	
231	804	
231	805	
230	806	
230	807	
231	808	
231	809	
231	810	
232	810	
231	811	
230	812	
230	813	
230	814	
233	815	
230	816	
232	816	
230	817	
230	818	
231	819	
231	820	
231	821	
232	822	
232	823	
232	824	
231	825	
231	826	
231	827	
232	827	
230	828	
230	829	
230	830	
231	831	
231	832	
231	833	
231	834	
230	835	
230	836	
231	837	
231	838	
230	839	
230	840	
231	841	
231	842	
231	843	
230	844	
231	844	
229	845	
229	846	
230	847	
231	848	
231	849	
231	850	
229	851	
230	852	
231	853	
231	854	
230	855	
229	856	
228	857	
228	858	
231	859	
231	860	
231	861	
231	862	
230	863	
231	863	
229	864	
229	865	
229	866	
230	867	
230	868	
230	869	
231	870	
231	871	
231	872	
230	873	
231	874	
232	875	
232	876	
231	880	
232	880	
232	881	
232	882	
233	883	
233	884	
232	885	
232	886	
232	887	
232	888	
233	889	
233	890	
233	891	
233	892	
232	893	
234	894	
233	895	
233	896	
233	897	
232	898	
233	899	
233	900	
234	901	
232	902	
232	903	
231	904	
232	905	
232	906	
232	907	
232	908	
234	909	
234	910	
235	913	
235	914	
235	915	
234	916	
235	916	
234	917	
234	918	
218	1056	
218	1057	
219	1058	
220	1059	
220	1060	
218	1067	
218	1101	
218	1102	
218	1103	
