173	550	
169	553	
169	554	
173	555	
173	556	
171	557	
171	558	
172	559	
173	567	
173	568	
174	569	
174	570	
173	571	
173	572	
173	573	
173	574	
175	575	
175	576	
175	577	
169	618	
168	627	
167	628	
169	629	
170	630	
169	631	
167	632	
167	633	
170	634	
169	635	
169	636	
169	637	
169	638	
170	639	
170	640	
168	641	
168	642	
168	643	
169	644	
169	645	
169	646	
169	647	
170	648	
170	649	
168	650	
168	651	
171	652	
171	653	
172	654	
168	655	
168	656	
169	657	
172	658	
172	659	
169	660	
171	661	
171	662	
171	663	
170	664	
170	665	
169	666	
173	667	
173	668	
173	669	
173	670	
173	671	
173	672	
173	673	
173	674	
173	675	
173	676	
172	677	
172	678	
172	679	
172	680	
172	681	
172	682	
172	683	
172	684	
172	685	
173	687	
173	688	
