255	405	
255	406	
255	407	
253	408	
253	409	
255	410	
255	411	
255	412	
255	413	
255	414	
255	415	
255	416	
255	417	
255	418	
255	419	
255	420	
255	421	
247	424	
247	425	
247	426	
245	427	
245	428	
246	429	
246	430	
243	431	
243	432	
243	433	
243	434	
243	435	
244	436	
245	437	
245	438	
244	439	
244	440	
244	441	
245	442	
243	443	
243	444	
244	445	
245	446	
244	447	
243	448	
243	449	
242	450	
243	450	
242	451	
242	452	
242	453	
243	454	
243	455	
243	456	
243	457	
242	458	
243	459	
243	460	
243	461	
243	462	
243	463	
243	464	
244	465	
244	466	
243	467	
243	468	
244	469	
244	470	
244	471	
242	472	
243	473	
243	474	
243	475	
243	476	
243	477	
245	478	
244	479	
243	480	
244	481	
244	482	
244	483	
244	484	
244	485	
244	486	
244	487	
243	488	
245	489	
245	490	
244	491	
245	491	
244	492	
244	493	
244	494	
245	494	
245	495	
244	496	
243	497	
243	498	
243	499	
245	500	
243	501	
243	502	
242	503	
243	504	
243	505	
243	506	
243	507	
243	508	
243	509	
243	510	
243	511	
244	512	
243	513	
243	514	
243	515	
241	516	
242	517	
241	518	
241	519	
240	520	
243	521	
243	522	
239	523	
243	524	
243	525	
242	526	
241	527	
239	528	
240	529	
241	530	
240	531	
240	532	
240	533	
241	534	
241	535	
240	536	
240	537	
239	538	
239	539	
239	540	
239	541	
237	542	
238	542	
237	543	
238	544	
238	545	
239	546	
239	547	
239	548	
238	549	
239	549	
238	550	
238	551	
237	552	
236	553	
235	554	
236	555	
236	556	
236	557	
236	558	
236	559	
236	560	
237	560	
236	561	
237	562	
235	563	
236	563	
235	564	
235	565	
236	566	
236	567	
237	567	
237	568	
236	569	
236	570	
237	571	
237	572	
237	573	
236	574	
237	574	
236	575	
237	575	
236	576	
237	576	
237	577	
236	578	
237	579	
237	580	
233	581	
235	582	
235	583	
232	584	
232	585	
231	586	
232	587	
232	588	
232	589	
232	590	
232	591	
232	592	
233	592	
232	593	
232	594	
232	595	
233	595	
233	596	
232	597	
231	598	
230	599	
230	600	
230	601	
230	602	
230	603	
230	604	
230	605	
230	606	
230	607	
230	608	
230	609	
229	610	
229	611	
231	612	
230	613	
230	614	
230	615	
230	616	
228	617	
229	618	
229	619	
230	620	
229	621	
230	622	
228	623	
227	624	
227	625	
228	626	
229	627	
229	628	
228	629	
229	629	
228	630	
228	631	
229	631	
228	632	
228	633	
228	634	
227	635	
228	636	
228	637	
228	638	
228	639	
229	640	
228	641	
228	642	
228	643	
228	644	
228	645	
228	646	
229	647	
228	648	
228	649	
228	650	
228	651	
228	652	
228	653	
229	653	
229	654	
228	655	
228	656	
228	657	
227	658	
229	659	
228	660	
229	661	
228	662	
229	663	
230	664	
231	665	
231	666	
230	667	
230	668	
230	669	
229	670	
233	671	
233	672	
233	673	
232	674	
231	675	
231	676	
231	677	
231	678	
231	679	
231	680	
231	681	
231	682	
233	683	
233	684	
230	685	
229	686	
233	687	
233	688	
230	689	
229	690	
231	691	
232	691	
233	692	
231	693	
230	694	
231	695	
231	696	
233	697	
233	698	
233	699	
233	700	
233	701	
230	702	
231	703	
232	704	
233	705	
233	706	
231	708	
231	709	
233	710	
231	711	
231	712	
232	713	
233	714	
233	715	
233	716	
231	719	
232	720	
233	721	
233	722	
233	723	
234	724	
233	725	
234	725	
234	726	
235	727	
235	728	
235	732	
237	735	
237	736	
237	737	
236	738	
236	739	
236	740	
236	741	
238	742	
239	742	
239	743	
239	744	
238	745	
237	746	
238	747	
239	748	
239	749	
239	750	
239	751	
239	752	
239	753	
239	754	
237	755	
237	756	
238	757	
238	758	
239	759	
240	760	
240	761	
239	762	
239	763	
239	764	
239	765	
239	766	
240	767	
240	768	
241	769	
241	770	
241	771	
241	772	
241	773	
241	774	
240	775	
241	776	
241	777	
241	778	
241	779	
240	780	
240	781	
240	782	
240	783	
240	784	
242	785	
242	786	
242	787	
241	788	
242	788	
242	789	
241	790	
242	790	
241	791	
242	792	
242	793	
241	794	
240	795	
240	796	
240	797	
241	798	
242	798	
242	799	
241	800	
241	801	
241	802	
241	803	
241	804	
241	805	
241	806	
241	807	
241	808	
240	809	
240	810	
241	810	
241	811	
241	812	
242	812	
240	813	
240	814	
240	815	
241	816	
241	817	
241	818	
241	819	
241	820	
241	821	
240	822	
240	823	
240	824	
241	825	
241	826	
240	827	
240	828	
241	829	
241	830	
241	831	
241	832	
241	833	
241	834	
241	835	
241	836	
240	837	
240	838	
239	839	
240	840	
240	841	
240	842	
240	843	
240	844	
240	845	
240	846	
240	847	
241	848	
241	849	
241	850	
241	851	
241	852	
241	853	
241	854	
241	855	
240	856	
240	857	
241	858	
241	859	
241	860	
241	861	
240	862	
239	863	
239	864	
241	865	
241	866	
240	867	
241	868	
241	869	
241	870	
241	871	
240	872	
239	873	
239	874	
240	874	
240	875	
241	876	
241	877	
241	878	
241	879	
240	880	
241	880	
240	881	
240	882	
240	883	
240	884	
241	885	
241	886	
241	887	
241	888	
241	889	
241	890	
240	891	
240	892	
243	893	
242	894	
242	895	
242	896	
242	897	
243	897	
243	898	
243	899	
242	900	
242	901	
241	902	
244	903	
243	904	
242	905	
242	906	
243	907	
243	908	
243	909	
242	910	
242	911	
242	912	
242	913	
242	915	
242	916	
243	917	
244	918	
244	919	
243	920	
242	921	
241	922	
242	922	
243	923	
244	924	
234	1041	
232	1043	
230	1070	
228	1071	
230	1073	
228	1075	
230	1077	
228	1079	
230	1103	
