257	395	
257	396	
259	397	
259	398	
257	399	
257	400	
257	401	
257	402	
257	403	
257	404	
257	405	
257	406	
257	407	
257	408	
258	409	
258	410	
258	411	
258	412	
258	413	
259	414	
259	415	
257	416	
257	417	
259	418	
259	419	
251	420	
251	421	
251	423	
251	424	
251	425	
249	426	
249	427	
249	428	
249	429	
249	430	
249	431	
249	432	
249	433	
249	434	
249	435	
249	436	
249	437	
248	438	
248	439	
247	440	
248	441	
247	442	
248	442	
247	443	
247	444	
248	445	
247	446	
248	446	
247	447	
247	448	
246	449	
247	449	
245	450	
246	451	
246	452	
247	452	
247	453	
247	454	
247	455	
246	456	
246	457	
246	458	
246	459	
246	460	
247	461	
246	462	
246	463	
246	464	
247	465	
246	466	
247	466	
247	467	
247	468	
247	469	
247	470	
247	471	
247	472	
248	473	
247	474	
245	475	
248	476	
247	477	
247	478	
246	479	
246	480	
248	481	
247	482	
247	483	
247	484	
247	485	
247	486	
247	487	
248	487	
247	488	
248	489	
247	490	
247	491	
247	492	
247	493	
247	494	
247	495	
248	496	
247	497	
247	498	
247	499	
247	500	
247	501	
245	502	
246	503	
247	504	
247	505	
245	506	
245	507	
245	508	
245	509	
245	510	
245	511	
246	512	
246	513	
247	514	
247	515	
245	516	
244	517	
243	518	
244	519	
245	520	
245	521	
244	522	
244	523	
244	524	
245	525	
245	526	
245	527	
244	528	
244	529	
245	529	
246	530	
245	531	
245	532	
244	533	
241	534	
242	535	
242	536	
242	537	
241	538	
243	539	
243	540	
243	541	
243	542	
243	543	
241	544	
241	545	
241	546	
242	547	
240	548	
241	548	
240	549	
240	550	
240	551	
239	552	
241	553	
242	554	
241	555	
241	556	
241	557	
238	558	
238	559	
238	560	
239	561	
239	562	
239	563	
240	563	
239	564	
239	565	
239	566	
240	567	
240	568	
240	569	
240	570	
241	571	
240	572	
241	573	
241	574	
241	575	
241	576	
241	577	
241	578	
240	579	
241	580	
241	581	
241	582	
237	583	
236	585	
238	586	
237	587	
237	588	
236	589	
236	590	
235	591	
235	592	
236	593	
236	594	
236	595	
237	596	
237	597	
237	598	
236	599	
235	600	
234	601	
234	602	
234	603	
234	604	
235	605	
235	606	
234	607	
235	608	
234	609	
234	610	
235	610	
234	611	
235	611	
234	612	
233	613	
233	614	
233	615	
233	616	
233	617	
233	618	
233	619	
233	620	
233	621	
233	622	
233	623	
233	624	
231	625	
232	626	
232	627	
232	628	
232	629	
232	630	
232	631	
232	632	
233	633	
232	634	
232	635	
232	636	
232	637	
233	637	
232	638	
233	639	
232	640	
232	641	
232	642	
232	643	
232	644	
232	645	
232	646	
232	647	
232	648	
233	649	
233	650	
233	651	
232	652	
232	653	
232	654	
232	655	
232	656	
233	656	
233	657	
233	658	
232	659	
233	660	
232	661	
232	662	
232	663	
232	664	
233	665	
234	666	
234	667	
237	668	
235	669	
235	670	
235	671	
235	672	
237	673	
237	674	
235	675	
235	676	
235	677	
235	678	
234	679	
234	680	
235	681	
236	682	
235	683	
235	684	
235	685	
235	686	
235	687	
235	688	
234	689	
235	689	
233	690	
234	691	
235	692	
235	693	
235	694	
235	695	
234	696	
234	697	
234	698	
235	699	
235	700	
235	701	
233	702	
237	703	
237	704	
234	705	
235	706	
237	707	
237	708	
235	709	
235	710	
235	711	
236	711	
236	712	
236	713	
237	714	
237	715	
237	716	
237	717	
235	719	
235	720	
237	721	
237	722	
237	723	
237	724	
237	725	
237	726	
239	730	
237	731	
237	732	
237	733	
238	734	
239	735	
239	736	
241	737	
241	738	
240	739	
240	740	
240	741	
240	742	
241	743	
241	744	
241	745	
240	746	
240	747	
240	748	
241	749	
241	750	
241	751	
241	752	
241	753	
241	754	
241	755	
241	756	
243	757	
243	758	
242	759	
241	760	
242	761	
243	762	
243	763	
243	764	
242	765	
241	766	
241	767	
242	767	
242	768	
243	769	
243	770	
241	771	
242	772	
242	773	
243	774	
243	775	
243	776	
243	777	
244	778	
243	779	
242	780	
244	781	
245	782	
245	783	
245	784	
245	785	
245	786	
245	787	
243	788	
244	788	
243	789	
244	789	
245	790	
245	791	
245	792	
244	793	
244	794	
245	795	
245	796	
245	797	
245	798	
245	799	
245	800	
245	801	
245	802	
245	803	
245	804	
244	805	
244	806	
243	807	
244	807	
242	808	
244	808	
243	809	
245	810	
245	811	
245	812	
245	813	
244	814	
243	815	
243	816	
244	817	
245	818	
245	819	
245	820	
245	821	
244	822	
245	822	
243	823	
244	823	
245	824	
245	825	
245	826	
244	827	
244	828	
243	829	
244	830	
244	831	
244	832	
244	833	
243	834	
243	835	
243	836	
244	837	
245	838	
245	839	
245	840	
243	841	
243	842	
244	843	
244	844	
243	845	
243	846	
244	847	
244	848	
243	849	
244	850	
242	851	
243	851	
243	852	
243	853	
243	854	
244	855	
245	856	
243	857	
243	858	
243	859	
243	860	
243	861	
243	862	
243	863	
243	864	
245	865	
245	866	
245	867	
245	868	
245	869	
245	870	
245	871	
245	872	
245	873	
245	874	
245	875	
245	876	
242	877	
243	878	
244	879	
245	880	
245	881	
245	882	
245	883	
245	884	
245	885	
245	886	
244	887	
244	888	
244	889	
244	890	
245	891	
245	892	
245	893	
245	894	
245	895	
244	896	
244	897	
244	898	
244	899	
244	900	
244	901	
244	902	
244	903	
244	904	
247	905	
247	906	
245	907	
245	908	
246	909	
246	910	
247	911	
246	912	
246	913	
247	914	
247	915	
247	916	
246	917	
246	918	
246	919	
246	920	
247	921	
247	922	
247	923	
236	1011	
234	1014	
234	1017	
234	1063	
232	1065	
232	1069	
232	1073	
234	1075	
232	1077	
234	1081	
234	1082	
