259	394	
259	395	
259	396	
259	397	
258	398	
258	399	
259	400	
259	401	
259	402	
259	403	
259	404	
259	405	
259	406	
258	407	
258	408	
259	409	
259	410	
259	411	
260	412	
260	413	
259	414	
258	415	
258	416	
258	417	
260	418	
260	419	
251	421	
251	422	
251	423	
251	424	
251	425	
249	426	
250	427	
250	428	
250	429	
248	430	
248	431	
249	432	
249	433	
248	434	
249	435	
248	436	
248	437	
248	438	
249	439	
249	440	
249	441	
248	442	
247	443	
247	444	
248	445	
248	446	
248	447	
248	448	
249	448	
248	449	
248	450	
248	451	
248	452	
249	453	
248	454	
248	455	
248	456	
248	457	
248	458	
248	459	
248	460	
248	461	
247	462	
247	463	
249	464	
248	465	
248	466	
248	467	
249	467	
249	468	
248	469	
248	470	
249	471	
248	472	
248	473	
248	474	
248	475	
249	476	
249	477	
248	478	
249	478	
248	479	
248	480	
248	481	
248	482	
248	483	
248	484	
248	485	
248	486	
247	487	
248	488	
248	489	
248	490	
248	491	
249	492	
249	493	
249	494	
249	495	
249	496	
247	497	
247	498	
247	499	
248	500	
248	501	
247	502	
248	503	
248	504	
248	505	
248	506	
248	507	
247	508	
247	509	
246	510	
246	511	
246	512	
246	513	
246	514	
246	515	
247	516	
247	517	
246	518	
246	519	
245	520	
246	521	
246	522	
247	523	
247	524	
246	525	
246	526	
245	527	
245	528	
245	529	
245	530	
245	531	
245	532	
245	533	
243	534	
244	535	
244	536	
244	537	
243	538	
244	539	
243	540	
244	541	
242	542	
241	543	
242	544	
243	545	
243	546	
243	547	
241	548	
241	549	
241	550	
241	551	
240	552	
240	553	
240	554	
239	555	
239	556	
241	557	
240	558	
240	559	
239	560	
240	560	
241	560	
240	561	
241	562	
240	563	
241	564	
240	565	
240	566	
240	567	
240	568	
241	568	
241	569	
240	570	
241	571	
241	572	
241	573	
242	574	
241	575	
241	576	
242	577	
242	578	
242	579	
242	580	
242	581	
242	582	
239	583	
239	584	
238	585	
239	586	
236	587	
239	587	
236	588	
236	589	
238	590	
237	591	
237	592	
237	593	
238	593	
238	594	
238	595	
237	596	
237	597	
237	598	
236	599	
235	600	
237	601	
237	602	
234	603	
237	604	
235	605	
234	606	
235	606	
235	607	
235	608	
234	609	
236	609	
234	610	
235	611	
234	612	
235	612	
234	613	
234	614	
233	615	
233	616	
233	617	
234	618	
233	619	
233	620	
233	621	
234	621	
233	622	
233	623	
234	623	
234	624	
233	625	
235	626	
233	627	
233	628	
234	629	
234	630	
234	631	
233	632	
232	633	
232	634	
233	635	
234	636	
234	637	
235	637	
234	638	
234	639	
233	640	
234	641	
234	642	
234	643	
234	644	
233	645	
233	646	
232	647	
233	648	
233	649	
234	649	
233	650	
233	651	
234	652	
234	653	
234	654	
233	655	
234	655	
234	656	
235	657	
235	658	
233	659	
234	660	
234	661	
234	662	
234	663	
234	664	
234	665	
235	666	
235	667	
236	668	
235	669	
235	670	
237	671	
239	672	
237	673	
237	674	
237	675	
235	676	
237	677	
237	678	
237	679	
237	680	
237	681	
235	682	
236	683	
236	684	
236	685	
237	686	
237	687	
236	688	
237	689	
237	690	
236	691	
235	692	
235	693	
238	694	
235	695	
237	696	
237	697	
237	698	
237	699	
236	700	
236	701	
237	702	
236	703	
237	704	
237	705	
236	706	
237	707	
237	708	
237	709	
237	710	
236	711	
236	712	
237	713	
237	714	
237	715	
237	716	
237	717	
237	718	
237	719	
236	720	
237	721	
237	722	
237	723	
237	724	
239	725	
239	726	
239	727	
239	728	
239	729	
237	730	
238	730	
239	731	
239	732	
241	733	
241	734	
241	735	
241	736	
241	737	
241	738	
241	739	
240	740	
240	741	
241	742	
241	743	
241	744	
241	745	
241	746	
240	747	
241	747	
240	748	
243	749	
243	750	
243	751	
243	752	
243	753	
243	754	
242	755	
241	756	
241	757	
243	758	
243	759	
243	760	
242	761	
241	762	
241	763	
244	764	
244	765	
244	766	
243	767	
243	768	
243	769	
243	770	
242	771	
245	772	
245	773	
245	774	
245	775	
243	776	
245	777	
245	778	
244	779	
244	780	
245	781	
245	782	
245	783	
245	784	
245	785	
246	786	
245	787	
244	788	
244	789	
247	790	
246	791	
246	792	
246	793	
247	794	
247	795	
246	796	
246	797	
246	798	
244	799	
247	800	
246	801	
246	802	
245	803	
245	804	
245	805	
246	806	
245	807	
245	808	
245	809	
244	810	
244	811	
245	812	
246	812	
245	813	
245	814	
245	815	
245	816	
245	817	
245	818	
245	819	
245	820	
245	821	
244	822	
244	823	
244	824	
246	825	
246	826	
245	827	
244	828	
244	829	
245	830	
245	831	
245	832	
245	833	
246	834	
246	835	
245	836	
245	837	
245	838	
244	839	
244	840	
245	840	
245	841	
246	842	
245	843	
245	844	
245	845	
245	846	
245	847	
245	848	
245	849	
245	850	
245	851	
245	852	
245	853	
244	854	
244	855	
245	856	
245	857	
245	858	
245	859	
243	860	
243	861	
245	862	
245	863	
245	864	
245	865	
246	866	
246	867	
245	868	
245	869	
243	870	
243	871	
245	872	
245	873	
245	874	
245	875	
246	876	
246	877	
245	878	
244	879	
244	880	
246	881	
246	882	
244	883	
244	884	
246	885	
246	886	
244	887	
244	888	
244	889	
244	890	
245	891	
245	892	
245	893	
246	894	
246	895	
246	896	
245	897	
246	897	
247	898	
247	899	
247	900	
245	901	
245	902	
245	903	
246	904	
246	905	
247	906	
247	907	
247	908	
247	909	
248	910	
248	911	
248	912	
247	913	
248	914	
248	915	
246	916	
249	917	
249	918	
248	919	
248	920	
248	921	
236	1011	
236	1012	
237	1013	
238	1013	
237	1017	
236	1018	
234	1063	
236	1064	
234	1068	
234	1069	
236	1075	
236	1079	
236	1087	
