261	391	
261	392	
259	393	
261	393	
259	394	
259	395	
259	396	
260	397	
261	398	
260	399	
261	399	
259	400	
261	401	
261	402	
261	403	
259	404	
259	405	
259	406	
260	406	
260	407	
261	408	
260	409	
260	410	
259	411	
259	412	
261	413	
260	414	
261	415	
261	416	
261	417	
260	418	
261	419	
253	421	
253	422	
251	423	
251	424	
251	425	
253	426	
250	427	
249	428	
250	429	
252	430	
251	431	
251	432	
250	433	
250	434	
249	435	
251	435	
249	436	
249	437	
250	438	
249	439	
249	440	
249	441	
249	442	
249	443	
249	444	
250	444	
249	445	
249	446	
249	447	
250	448	
249	449	
249	450	
249	451	
249	452	
249	453	
249	454	
249	455	
249	456	
249	457	
249	458	
249	459	
250	460	
249	461	
250	462	
249	463	
249	464	
249	465	
249	466	
249	467	
249	468	
249	469	
249	470	
249	471	
249	472	
249	473	
249	474	
249	475	
250	476	
249	477	
249	478	
249	479	
249	480	
249	481	
249	482	
249	483	
250	484	
250	485	
250	486	
249	487	
250	487	
251	487	
250	488	
250	489	
250	490	
249	491	
250	491	
250	492	
250	493	
252	494	
251	495	
250	496	
250	497	
249	498	
250	499	
250	500	
249	501	
249	502	
249	503	
249	504	
249	505	
247	506	
247	507	
247	508	
249	508	
249	509	
249	510	
249	511	
248	512	
247	513	
248	513	
248	514	
247	515	
247	516	
247	517	
248	518	
249	519	
249	520	
249	521	
249	522	
248	523	
247	524	
247	525	
248	526	
247	527	
247	528	
247	529	
246	530	
246	531	
246	532	
245	533	
245	534	
245	535	
244	536	
244	537	
245	538	
245	539	
245	540	
245	541	
245	542	
245	543	
245	544	
244	545	
244	546	
244	547	
243	548	
244	549	
244	550	
244	551	
241	552	
241	553	
241	554	
241	555	
241	556	
242	557	
243	558	
243	559	
243	560	
243	561	
243	562	
243	563	
242	564	
242	565	
243	566	
242	567	
242	568	
243	569	
243	570	
243	571	
242	572	
243	573	
243	574	
242	575	
243	576	
243	577	
244	578	
243	579	
243	580	
243	581	
243	582	
243	583	
241	584	
241	585	
238	586	
238	587	
238	588	
240	589	
240	590	
238	591	
238	592	
238	593	
238	594	
238	595	
238	596	
238	597	
239	597	
238	598	
238	599	
236	600	
238	601	
238	602	
237	603	
236	604	
236	605	
236	606	
236	607	
235	608	
236	609	
236	610	
236	611	
236	612	
237	612	
236	613	
237	613	
237	614	
237	615	
236	616	
237	616	
236	617	
237	618	
237	619	
234	620	
234	621	
235	621	
235	622	
235	623	
236	624	
234	625	
234	626	
234	627	
234	628	
234	629	
235	630	
235	631	
235	632	
235	633	
235	634	
235	635	
234	636	
234	637	
234	638	
235	639	
236	639	
235	640	
235	641	
235	642	
234	643	
235	644	
236	644	
233	645	
234	646	
235	647	
235	648	
235	649	
235	650	
236	651	
235	652	
235	653	
234	654	
235	655	
235	656	
236	657	
235	658	
235	659	
236	660	
237	661	
237	662	
236	663	
235	664	
236	665	
236	666	
237	667	
239	668	
239	669	
237	672	
237	673	
237	674	
237	675	
237	676	
237	677	
237	678	
236	679	
235	680	
236	681	
236	682	
237	683	
238	684	
238	685	
237	686	
237	687	
237	688	
238	689	
238	690	
239	691	
239	692	
239	693	
239	694	
239	695	
237	696	
239	697	
239	698	
238	699	
237	700	
238	701	
238	702	
239	703	
238	704	
239	705	
239	706	
239	707	
239	708	
239	709	
237	710	
237	711	
237	712	
237	713	
239	714	
239	715	
239	716	
239	717	
239	718	
237	719	
239	722	
238	725	
239	726	
241	731	
241	732	
241	733	
241	734	
241	735	
241	736	
240	737	
243	738	
243	739	
243	740	
242	741	
242	742	
243	743	
243	744	
243	745	
243	746	
243	747	
243	748	
243	749	
242	750	
242	751	
242	752	
242	753	
242	754	
242	755	
241	756	
242	757	
242	758	
245	759	
245	760	
245	761	
242	762	
243	763	
244	764	
245	765	
245	766	
245	767	
243	768	
243	769	
244	770	
245	771	
245	772	
244	773	
244	774	
246	774	
244	775	
244	776	
245	777	
245	778	
245	779	
245	780	
246	781	
246	782	
246	783	
246	784	
247	785	
247	786	
247	787	
247	788	
247	789	
247	790	
247	791	
246	792	
247	792	
247	793	
247	794	
246	795	
246	796	
246	797	
246	798	
246	799	
246	800	
246	801	
246	802	
246	803	
247	803	
247	804	
247	805	
247	806	
247	807	
247	808	
247	809	
247	810	
247	811	
247	812	
247	813	
247	814	
246	815	
246	816	
247	817	
247	818	
247	819	
247	820	
247	821	
246	822	
247	823	
247	824	
247	825	
247	826	
247	827	
246	828	
246	829	
246	830	
247	831	
247	832	
247	833	
247	834	
247	835	
247	836	
246	837	
247	837	
247	838	
247	839	
244	840	
247	841	
245	842	
245	843	
245	844	
246	845	
246	846	
246	847	
246	848	
246	849	
246	850	
246	851	
246	852	
246	853	
246	854	
244	855	
244	856	
245	856	
246	857	
246	858	
245	859	
245	860	
245	861	
246	862	
247	862	
247	863	
247	864	
247	865	
247	866	
246	867	
246	868	
246	869	
246	870	
246	871	
246	872	
247	873	
247	874	
244	875	
245	876	
246	877	
246	878	
247	879	
247	880	
245	881	
245	882	
246	882	
247	883	
247	884	
247	885	
247	886	
247	887	
247	888	
246	889	
246	890	
246	891	
247	892	
246	893	
246	894	
247	894	
247	895	
248	896	
248	897	
248	898	
248	899	
248	900	
248	901	
246	902	
246	903	
248	904	
249	904	
248	905	
248	906	
247	907	
248	907	
248	908	
249	909	
249	910	
248	911	
248	912	
248	913	
248	914	
248	915	
248	916	
249	917	
249	918	
249	919	
249	920	
249	921	
249	922	
249	923	
238	1007	
238	1011	
238	1012	
239	1013	
234	1063	
234	1064	
234	1065	
234	1066	
234	1091	
234	1092	
