263	383	
263	384	
263	385	
263	386	
263	387	
263	388	
263	389	
263	390	
262	391	
262	392	
262	393	
262	394	
263	395	
263	396	
263	397	
263	398	
263	399	
263	400	
263	401	
262	402	
262	403	
262	404	
263	405	
263	406	
262	407	
263	408	
263	409	
263	410	
264	411	
263	412	
263	413	
264	413	
264	414	
263	415	
263	416	
263	417	
263	418	
255	419	
255	420	
255	421	
257	422	
257	423	
253	424	
253	425	
255	426	
255	427	
255	428	
255	429	
255	430	
255	431	
253	432	
253	433	
253	434	
253	435	
253	436	
253	437	
252	438	
252	439	
252	440	
252	441	
252	442	
252	443	
252	444	
253	444	
253	445	
253	446	
252	447	
251	448	
251	449	
251	450	
251	451	
251	452	
251	453	
251	454	
252	455	
253	456	
253	457	
253	458	
252	459	
251	460	
252	460	
252	461	
252	462	
253	463	
252	464	
253	464	
252	465	
253	465	
252	466	
251	467	
250	468	
252	469	
252	470	
252	471	
252	472	
252	473	
252	474	
251	475	
251	476	
252	476	
253	477	
253	478	
253	479	
253	480	
253	481	
252	482	
252	483	
252	484	
251	485	
252	485	
252	486	
251	487	
251	488	
251	489	
251	490	
252	491	
252	492	
252	493	
252	494	
253	495	
253	496	
253	497	
252	498	
251	499	
251	500	
252	501	
253	502	
252	503	
251	504	
252	504	
250	505	
250	506	
250	507	
249	508	
250	509	
251	510	
251	511	
251	512	
250	513	
251	514	
251	515	
251	516	
251	517	
251	518	
250	519	
251	519	
249	520	
250	521	
250	522	
250	523	
250	524	
250	525	
250	526	
250	527	
248	528	
248	529	
249	530	
249	531	
250	532	
248	533	
247	534	
247	535	
248	536	
247	537	
247	538	
246	539	
245	540	
245	541	
245	542	
245	543	
247	544	
247	545	
246	546	
247	546	
246	547	
246	548	
246	549	
247	550	
246	551	
245	552	
244	553	
245	553	
244	554	
244	555	
246	555	
244	556	
245	557	
245	558	
245	559	
244	560	
244	561	
245	562	
245	563	
243	564	
245	565	
244	566	
244	567	
245	568	
246	569	
244	570	
245	570	
245	571	
245	572	
245	573	
246	573	
246	574	
245	575	
247	575	
246	576	
246	577	
246	578	
246	579	
246	580	
246	581	
246	582	
246	583	
246	584	
245	585	
245	586	
243	587	
243	588	
243	589	
242	590	
243	590	
241	591	
241	592	
243	592	
243	593	
242	594	
242	595	
242	596	
242	597	
241	598	
242	598	
241	599	
240	600	
239	601	
241	602	
241	603	
240	604	
241	605	
241	606	
240	607	
240	608	
241	608	
240	609	
239	610	
240	610	
239	611	
240	611	
240	612	
240	613	
240	614	
240	615	
239	616	
240	617	
241	618	
240	619	
239	620	
239	621	
238	622	
239	623	
238	624	
238	625	
239	626	
239	627	
240	627	
240	628	
239	629	
239	630	
238	631	
238	632	
237	633	
238	633	
237	634	
238	635	
238	636	
238	637	
238	638	
238	639	
237	640	
238	641	
237	642	
238	643	
239	644	
239	645	
239	646	
240	647	
240	648	
239	649	
239	650	
239	651	
239	652	
238	653	
237	654	
237	655	
238	655	
238	656	
238	657	
238	658	
238	659	
238	660	
239	661	
239	662	
240	663	
240	664	
240	665	
240	666	
240	667	
241	668	
240	669	
241	669	
242	669	
243	670	
241	671	
241	672	
243	673	
239	675	
239	676	
241	677	
241	678	
241	679	
241	680	
241	681	
241	682	
241	683	
239	685	
240	686	
241	687	
241	688	
241	689	
241	690	
240	691	
241	692	
242	693	
242	694	
241	695	
239	696	
240	697	
240	698	
240	699	
241	700	
240	701	
239	702	
239	703	
239	704	
240	705	
242	706	
241	707	
241	708	
241	709	
241	710	
239	711	
241	711	
239	712	
239	713	
239	714	
240	715	
243	716	
239	717	
239	718	
241	720	
243	721	
243	722	
243	723	
243	724	
241	725	
241	726	
243	727	
243	728	
243	729	
243	730	
243	731	
243	732	
243	733	
244	734	
244	735	
242	736	
243	737	
244	738	
244	739	
245	740	
243	741	
245	742	
245	743	
246	744	
246	745	
244	746	
244	747	
244	748	
245	749	
245	750	
245	751	
245	752	
245	753	
245	754	
246	755	
245	756	
245	757	
245	758	
246	759	
246	760	
247	761	
247	762	
247	763	
247	764	
247	765	
246	766	
246	767	
246	768	
247	769	
247	770	
247	771	
247	772	
247	773	
247	774	
247	775	
247	776	
247	777	
248	777	
248	778	
248	779	
248	780	
249	781	
249	782	
249	783	
249	784	
248	785	
250	786	
248	787	
249	788	
249	789	
250	790	
249	791	
249	792	
249	793	
250	793	
250	794	
250	795	
249	796	
250	796	
249	797	
249	798	
249	799	
250	800	
250	801	
249	802	
248	803	
248	804	
249	805	
250	806	
249	807	
250	807	
249	808	
249	809	
250	810	
250	811	
250	812	
250	813	
249	814	
250	815	
250	816	
249	817	
249	818	
249	819	
249	820	
250	820	
248	821	
249	821	
250	822	
250	823	
249	824	
249	825	
248	826	
248	827	
248	828	
248	829	
248	830	
249	830	
249	831	
249	832	
249	833	
250	833	
249	834	
249	835	
249	836	
248	837	
249	837	
249	838	
249	839	
249	840	
249	841	
249	842	
249	843	
249	844	
249	845	
249	846	
249	847	
249	848	
248	849	
249	850	
249	851	
249	852	
249	853	
249	854	
248	855	
249	856	
249	857	
249	858	
249	859	
249	860	
249	861	
249	862	
248	863	
248	864	
248	865	
248	866	
249	867	
249	868	
248	869	
248	870	
248	871	
249	872	
249	873	
249	874	
249	875	
249	876	
248	877	
248	878	
248	879	
249	880	
249	881	
248	882	
248	883	
249	883	
250	884	
250	885	
250	886	
249	887	
250	888	
250	889	
249	890	
248	891	
248	892	
248	893	
248	894	
248	895	
249	896	
251	897	
251	898	
251	899	
250	900	
250	901	
250	902	
250	903	
251	904	
251	905	
251	906	
249	907	
250	908	
251	909	
251	910	
250	911	
250	912	
251	912	
251	913	
251	914	
251	915	
251	916	
252	917	
252	918	
252	919	
252	920	
252	921	
252	922	
251	923	
251	924	
241	1015	
240	1016	
240	1017	
240	1018	
240	1061	
240	1062	
238	1068	
240	1073	
