265	382	
265	385	
264	386	
265	387	
264	388	
263	389	
263	390	
264	391	
264	392	
264	393	
263	394	
263	395	
263	396	
264	396	
263	397	
263	398	
264	399	
264	400	
264	401	
264	402	
265	403	
264	404	
263	405	
263	406	
265	407	
264	408	
264	409	
264	410	
264	411	
265	411	
264	412	
263	413	
263	414	
264	415	
265	416	
265	417	
264	418	
257	419	
257	420	
257	421	
255	422	
255	423	
255	424	
255	425	
255	426	
255	427	
255	428	
255	429	
255	430	
255	431	
255	432	
255	433	
254	434	
255	435	
254	436	
255	437	
254	438	
253	439	
253	440	
253	441	
254	442	
253	443	
253	444	
253	445	
254	446	
253	447	
254	448	
253	449	
253	450	
253	451	
253	452	
253	453	
253	454	
253	455	
253	456	
253	457	
254	458	
253	459	
254	459	
253	460	
253	461	
252	462	
252	463	
253	464	
252	465	
254	466	
254	467	
253	468	
253	469	
254	470	
253	471	
253	472	
252	473	
253	473	
252	474	
252	475	
251	476	
252	477	
253	478	
253	479	
253	480	
254	480	
253	481	
254	481	
252	482	
254	483	
254	484	
254	485	
253	486	
254	487	
254	488	
254	489	
253	490	
254	491	
254	492	
255	493	
254	494	
255	494	
254	495	
254	496	
253	497	
254	497	
254	498	
254	499	
254	500	
253	501	
254	502	
251	503	
251	504	
252	505	
253	506	
253	507	
252	508	
253	509	
252	510	
251	511	
251	512	
252	513	
253	514	
253	515	
253	516	
252	517	
252	518	
251	519	
251	520	
251	521	
252	522	
251	523	
251	524	
251	525	
252	526	
250	527	
250	528	
251	529	
250	530	
250	531	
251	532	
249	533	
250	533	
249	534	
249	535	
250	536	
249	537	
249	538	
249	539	
249	540	
248	541	
247	542	
247	543	
248	544	
249	545	
249	546	
249	547	
246	548	
246	549	
245	550	
245	551	
246	552	
246	553	
246	554	
246	555	
247	556	
246	557	
246	558	
246	559	
245	560	
246	561	
246	562	
246	563	
248	564	
245	565	
247	566	
246	567	
246	568	
247	569	
247	570	
248	570	
247	571	
246	572	
247	573	
246	574	
247	575	
247	576	
248	577	
248	578	
247	579	
247	580	
248	581	
247	582	
247	583	
247	584	
247	585	
247	586	
247	587	
244	588	
244	589	
244	590	
245	591	
245	592	
244	593	
243	594	
244	595	
245	595	
245	596	
244	597	
242	598	
243	599	
242	600	
244	601	
242	602	
242	603	
240	604	
240	605	
240	606	
240	607	
243	608	
242	609	
241	610	
240	611	
239	612	
240	613	
240	614	
241	614	
240	615	
242	616	
240	617	
241	617	
240	618	
240	619	
240	620	
240	621	
240	622	
240	623	
240	624	
240	625	
240	626	
240	627	
239	628	
240	629	
240	630	
239	631	
239	632	
239	633	
240	634	
240	635	
241	635	
239	636	
240	637	
240	638	
241	639	
240	640	
240	641	
240	642	
239	643	
241	644	
241	645	
241	646	
238	647	
239	648	
239	649	
240	650	
240	651	
239	652	
240	653	
240	654	
241	654	
240	655	
241	656	
241	657	
241	658	
240	659	
240	660	
240	661	
241	661	
240	662	
241	663	
240	664	
241	665	
241	666	
241	667	
241	668	
241	669	
241	670	
241	671	
241	672	
243	673	
243	674	
243	675	
241	676	
243	677	
243	678	
241	679	
241	680	
241	681	
243	682	
241	683	
241	684	
241	685	
243	686	
243	687	
243	688	
241	689	
241	690	
241	691	
242	692	
241	693	
241	694	
241	695	
241	696	
242	697	
242	698	
244	699	
243	700	
243	701	
243	702	
243	703	
242	704	
242	705	
241	706	
241	707	
241	708	
241	709	
243	710	
243	711	
243	712	
243	713	
242	714	
241	715	
240	716	
243	717	
243	718	
243	719	
242	720	
243	721	
243	722	
243	723	
245	725	
245	726	
242	727	
243	728	
243	729	
243	730	
244	730	
244	731	
243	732	
244	732	
244	733	
244	734	
245	734	
245	735	
245	736	
245	737	
246	737	
245	738	
245	739	
245	740	
246	741	
246	742	
246	743	
246	744	
246	745	
247	746	
247	747	
246	748	
245	749	
245	750	
245	751	
246	752	
247	753	
247	754	
247	755	
247	756	
247	757	
246	758	
245	759	
245	760	
246	761	
246	762	
247	763	
247	764	
248	765	
248	766	
247	767	
247	768	
247	769	
247	770	
248	771	
248	772	
249	773	
249	774	
249	775	
247	776	
248	777	
249	778	
250	778	
249	779	
249	780	
250	781	
250	782	
249	783	
249	784	
249	785	
249	786	
250	787	
250	788	
250	789	
251	790	
251	791	
251	792	
251	793	
251	794	
251	795	
251	796	
250	797	
251	798	
251	799	
251	800	
251	801	
252	802	
251	803	
251	804	
251	805	
250	806	
249	807	
249	808	
250	809	
250	810	
250	811	
251	811	
250	812	
251	813	
251	814	
251	815	
251	816	
251	817	
250	818	
251	818	
251	819	
251	820	
251	821	
251	822	
250	823	
250	824	
251	825	
251	826	
250	827	
250	828	
251	829	
251	830	
251	831	
250	832	
250	833	
250	834	
250	835	
249	836	
250	836	
250	837	
250	838	
250	839	
249	840	
249	841	
249	842	
249	843	
250	843	
250	844	
250	845	
250	846	
250	847	
250	848	
250	849	
249	850	
248	851	
251	852	
251	853	
251	854	
251	855	
248	856	
248	857	
250	858	
251	859	
250	860	
249	861	
250	862	
250	863	
251	864	
250	865	
251	866	
251	867	
251	868	
251	869	
251	870	
250	871	
250	872	
249	873	
249	874	
251	875	
251	876	
251	877	
250	878	
250	879	
250	880	
251	881	
250	882	
250	883	
250	884	
249	885	
249	886	
250	887	
250	888	
251	888	
250	889	
251	889	
251	890	
251	891	
251	892	
250	893	
250	894	
251	895	
250	896	
250	897	
250	898	
252	899	
251	900	
251	901	
250	902	
250	903	
250	904	
250	905	
250	906	
251	907	
252	908	
251	909	
252	910	
252	911	
252	912	
252	913	
252	914	
253	915	
253	916	
253	917	
253	918	
252	919	
251	920	
252	921	
252	922	
253	923	
242	1005	
242	1006	
242	1007	
242	1008	
242	1013	
241	1014	
243	1015	
243	1016	
242	1017	
240	1055	
240	1056	
240	1057	
242	1059	
239	1061	
238	1093	
238	1094	
238	1095	
238	1096	
239	1097	
