328	71	
265	379	
265	380	
265	381	
265	382	
264	383	
264	384	
265	385	
265	386	
265	387	
265	388	
265	389	
266	390	
264	391	
264	392	
265	393	
265	394	
266	395	
266	396	
265	397	
266	397	
265	398	
265	399	
266	400	
265	401	
265	402	
265	403	
265	404	
265	405	
266	406	
266	407	
265	408	
265	409	
265	410	
266	411	
266	412	
266	413	
265	414	
266	414	
266	415	
267	416	
267	417	
259	420	
257	421	
257	422	
257	423	
259	424	
257	425	
257	426	
257	427	
257	428	
257	429	
257	430	
257	431	
256	432	
256	433	
257	433	
254	434	
255	435	
256	436	
255	437	
254	438	
254	439	
255	439	
255	440	
255	441	
255	442	
255	443	
255	444	
255	445	
255	446	
254	447	
256	448	
256	449	
255	450	
254	451	
255	452	
255	453	
255	454	
255	455	
255	456	
256	457	
256	458	
256	459	
255	460	
255	461	
255	462	
256	462	
256	463	
255	464	
255	465	
254	466	
255	467	
255	468	
255	469	
254	470	
254	471	
254	472	
254	473	
255	474	
255	475	
256	476	
255	477	
256	478	
254	479	
255	480	
255	481	
256	482	
256	483	
256	484	
255	485	
255	486	
254	487	
255	488	
255	489	
256	490	
255	491	
256	492	
255	493	
256	494	
255	495	
256	496	
255	497	
256	498	
256	499	
256	500	
254	501	
254	502	
254	503	
255	504	
254	505	
254	506	
253	507	
254	508	
254	509	
254	510	
253	511	
253	512	
254	513	
254	514	
251	515	
253	516	
253	517	
252	518	
252	519	
252	520	
253	521	
252	522	
252	523	
252	524	
252	525	
252	526	
252	527	
251	528	
252	528	
252	529	
253	530	
252	531	
251	532	
251	533	
251	534	
251	535	
251	536	
250	537	
250	538	
250	539	
250	540	
250	541	
250	542	
250	543	
250	544	
249	545	
249	546	
248	547	
248	548	
249	549	
249	550	
249	551	
248	552	
248	553	
248	554	
248	555	
247	556	
248	557	
248	558	
247	559	
247	560	
247	561	
249	562	
248	563	
248	564	
248	565	
248	566	
248	567	
247	568	
248	569	
248	570	
248	571	
249	572	
249	573	
250	574	
249	575	
249	576	
249	577	
249	578	
249	579	
250	579	
249	580	
249	581	
248	582	
249	583	
248	584	
248	585	
249	585	
248	586	
247	587	
246	588	
246	589	
247	590	
246	591	
245	592	
246	592	
246	593	
246	594	
246	595	
246	596	
246	597	
245	598	
245	599	
245	600	
245	601	
244	602	
244	603	
243	604	
244	604	
243	605	
244	606	
244	607	
245	608	
244	609	
244	610	
243	611	
243	612	
243	613	
244	614	
244	615	
243	616	
244	617	
241	618	
241	619	
242	620	
241	621	
242	622	
241	623	
241	624	
241	625	
241	626	
240	627	
241	628	
242	629	
242	630	
242	631	
242	632	
242	633	
243	634	
242	635	
242	636	
242	637	
243	637	
243	638	
242	639	
243	639	
243	640	
240	641	
241	642	
241	643	
241	644	
241	645	
240	646	
241	647	
242	648	
242	649	
241	650	
241	651	
241	652	
240	653	
240	654	
240	655	
240	656	
240	657	
242	658	
242	659	
242	660	
242	661	
242	662	
242	663	
242	664	
242	665	
245	666	
245	667	
244	668	
244	669	
244	670	
244	671	
245	672	
245	673	
245	674	
245	675	
243	676	
243	677	
241	678	
245	679	
245	681	
245	682	
245	683	
243	684	
243	685	
245	688	
243	689	
243	690	
243	691	
243	692	
243	693	
243	694	
243	695	
243	696	
244	697	
245	698	
245	699	
244	700	
245	701	
242	702	
242	703	
243	704	
244	704	
243	705	
243	706	
243	707	
245	708	
243	709	
243	710	
245	711	
245	712	
245	713	
245	714	
244	715	
244	716	
245	717	
245	718	
244	719	
244	720	
245	720	
245	721	
245	722	
245	723	
245	724	
243	725	
243	726	
247	727	
246	728	
244	729	
247	729	
246	730	
246	731	
244	732	
244	733	
244	734	
247	735	
247	736	
246	737	
246	738	
246	739	
246	740	
246	741	
248	742	
247	743	
247	744	
247	745	
247	746	
248	747	
248	748	
247	749	
246	750	
249	751	
249	752	
246	753	
248	754	
248	755	
249	756	
249	757	
249	758	
248	759	
249	759	
248	760	
249	760	
248	761	
249	762	
249	763	
249	764	
249	765	
248	766	
248	767	
248	768	
248	769	
248	770	
248	771	
251	772	
249	773	
249	774	
248	775	
251	776	
251	777	
250	778	
250	779	
249	780	
250	780	
249	781	
249	782	
249	783	
251	784	
251	785	
250	786	
250	787	
250	788	
253	789	
252	790	
250	791	
250	792	
252	793	
252	794	
253	795	
253	796	
252	797	
252	798	
252	799	
252	800	
253	800	
252	801	
252	802	
252	803	
252	804	
252	805	
253	806	
253	807	
253	808	
252	809	
253	810	
252	811	
252	812	
252	813	
252	814	
252	815	
252	816	
251	817	
251	818	
251	819	
252	819	
252	820	
252	821	
252	822	
252	823	
251	824	
251	825	
251	826	
250	827	
250	828	
252	829	
252	830	
252	831	
252	832	
252	833	
252	834	
251	835	
251	836	
251	837	
252	838	
250	839	
250	840	
250	841	
250	842	
250	843	
251	843	
250	844	
250	845	
250	846	
250	847	
251	848	
251	849	
251	850	
251	851	
251	852	
251	853	
252	853	
252	854	
251	855	
251	856	
250	857	
251	858	
251	859	
251	860	
251	861	
251	862	
251	863	
251	864	
251	865	
252	865	
252	866	
250	867	
250	868	
253	869	
250	870	
250	871	
250	872	
251	873	
253	874	
250	875	
250	876	
250	877	
250	878	
251	879	
252	880	
252	881	
251	882	
251	883	
251	884	
252	885	
253	886	
253	887	
253	888	
253	889	
253	890	
253	891	
253	892	
252	893	
253	893	
253	894	
253	895	
253	896	
252	897	
252	898	
253	899	
253	900	
253	901	
252	902	
252	903	
252	904	
252	905	
252	906	
253	907	
252	908	
255	909	
252	910	
252	911	
254	912	
254	913	
254	914	
254	915	
254	916	
254	917	
255	918	
255	919	
255	920	
255	921	
253	922	
254	922	
253	923	
254	923	
244	1003	
244	1004	
244	1005	
244	1006	
245	1013	
245	1014	
242	1015	
242	1016	
243	1017	
244	1018	
244	1019	
244	1020	
242	1061	
244	1062	
244	1063	
242	1065	
240	1066	
240	1067	
