333	96	
269	373	
269	374	
269	375	
268	376	
269	377	
269	378	
269	379	
269	380	
269	381	
269	382	
269	383	
269	384	
269	385	
269	386	
269	387	
269	388	
268	389	
267	390	
268	391	
269	392	
268	393	
268	394	
268	395	
268	396	
268	397	
269	398	
269	399	
268	400	
268	401	
268	402	
268	403	
268	404	
269	405	
269	406	
269	407	
269	408	
269	409	
270	410	
270	411	
269	412	
270	412	
270	413	
270	414	
270	415	
270	416	
261	419	
261	420	
261	421	
261	422	
261	423	
261	424	
261	425	
261	426	
261	427	
259	428	
259	429	
259	430	
259	431	
259	432	
259	433	
259	434	
259	435	
259	436	
259	437	
259	438	
259	439	
258	440	
257	441	
258	442	
259	443	
258	444	
257	445	
257	446	
257	447	
258	448	
257	449	
257	450	
257	451	
257	452	
257	453	
257	454	
257	455	
257	456	
257	457	
258	458	
258	459	
257	460	
257	461	
258	462	
258	463	
257	464	
257	465	
258	465	
258	466	
257	467	
258	467	
257	468	
257	469	
257	470	
258	471	
257	472	
258	472	
258	473	
258	474	
258	475	
258	476	
257	477	
257	478	
257	479	
257	480	
257	481	
258	482	
257	483	
257	484	
257	485	
258	485	
257	486	
258	487	
258	488	
258	489	
259	490	
259	491	
259	492	
259	493	
259	494	
258	495	
258	496	
258	497	
259	498	
259	499	
259	500	
259	501	
259	502	
259	503	
259	504	
259	505	
259	506	
257	507	
257	508	
256	509	
256	510	
257	511	
257	512	
256	513	
255	514	
255	515	
255	516	
255	517	
256	518	
256	519	
256	520	
256	521	
257	522	
256	523	
256	524	
256	525	
256	526	
255	527	
256	527	
256	528	
256	529	
256	530	
257	531	
256	532	
254	533	
253	534	
254	534	
254	535	
254	536	
254	537	
254	538	
254	539	
253	540	
254	540	
253	541	
253	542	
253	543	
252	544	
253	545	
253	546	
252	547	
253	548	
251	549	
253	550	
252	551	
251	552	
251	553	
252	554	
252	555	
250	556	
250	557	
250	558	
251	559	
251	560	
252	561	
253	562	
252	563	
252	564	
253	565	
252	566	
252	567	
251	568	
251	569	
251	570	
252	571	
252	572	
252	573	
253	574	
252	575	
253	576	
254	577	
254	578	
253	579	
253	580	
252	581	
252	582	
252	583	
252	584	
252	585	
251	586	
251	587	
252	588	
251	589	
251	590	
250	591	
251	592	
250	593	
251	593	
250	594	
250	595	
250	596	
249	597	
248	598	
247	599	
246	600	
248	601	
248	602	
248	603	
247	604	
248	605	
248	606	
249	607	
246	608	
247	609	
248	609	
247	610	
247	611	
246	612	
247	612	
246	613	
249	614	
248	615	
247	616	
247	617	
248	618	
247	619	
247	620	
246	621	
246	622	
246	623	
245	624	
246	624	
245	625	
245	626	
245	627	
245	628	
245	629	
243	630	
244	631	
245	631	
245	632	
245	633	
245	634	
244	635	
245	636	
246	637	
246	638	
246	639	
246	640	
245	641	
245	642	
245	643	
246	644	
245	645	
244	646	
243	647	
243	648	
244	649	
244	650	
244	651	
245	651	
244	652	
244	653	
245	654	
244	655	
244	656	
244	657	
244	658	
246	659	
246	660	
246	661	
245	662	
245	663	
245	664	
245	665	
245	666	
247	667	
249	668	
248	669	
248	670	
248	671	
247	672	
248	672	
248	673	
247	674	
248	675	
247	676	
247	677	
247	678	
247	679	
248	682	
248	683	
247	684	
247	685	
247	686	
246	687	
247	687	
245	688	
246	689	
247	690	
247	691	
249	692	
247	693	
246	694	
245	695	
249	696	
249	697	
247	698	
247	699	
248	700	
245	701	
245	702	
247	703	
247	704	
247	705	
246	707	
245	708	
247	709	
247	710	
247	711	
247	712	
247	713	
247	714	
247	715	
249	716	
247	717	
248	719	
247	720	
248	721	
248	722	
248	723	
248	724	
248	725	
248	726	
247	727	
248	728	
248	729	
249	730	
248	731	
249	731	
248	732	
250	732	
249	733	
249	734	
249	735	
249	736	
249	737	
250	738	
250	739	
250	740	
250	741	
250	742	
250	743	
251	744	
251	745	
251	746	
251	747	
251	748	
251	749	
251	750	
251	751	
251	752	
250	753	
250	754	
251	755	
251	756	
251	757	
250	758	
250	759	
250	760	
250	761	
250	762	
249	763	
250	764	
251	765	
250	766	
251	767	
252	768	
251	769	
251	770	
251	771	
251	772	
251	773	
253	774	
253	775	
253	776	
253	777	
253	778	
253	779	
252	780	
251	781	
251	782	
251	783	
252	784	
253	785	
253	786	
254	787	
254	788	
255	788	
255	789	
254	790	
254	791	
253	792	
254	792	
254	793	
254	794	
254	795	
254	796	
254	797	
255	798	
255	799	
255	800	
256	801	
256	802	
256	803	
256	804	
255	805	
255	806	
255	807	
256	808	
255	809	
255	810	
255	811	
256	812	
256	813	
256	814	
255	815	
256	816	
256	817	
255	818	
255	819	
255	820	
255	821	
255	822	
255	823	
255	824	
255	825	
254	826	
254	827	
255	828	
255	829	
255	830	
255	831	
254	832	
254	833	
254	834	
255	835	
255	836	
254	837	
255	838	
255	839	
255	840	
254	841	
254	842	
255	842	
254	843	
253	844	
253	845	
254	846	
254	847	
254	848	
254	849	
254	850	
254	851	
254	852	
254	853	
255	854	
255	855	
255	856	
254	857	
255	857	
254	858	
255	859	
255	860	
255	861	
256	861	
255	862	
255	863	
255	864	
255	865	
253	866	
254	866	
255	866	
254	867	
254	868	
254	869	
254	870	
256	871	
256	872	
254	873	
254	874	
253	875	
254	875	
253	876	
254	877	
254	878	
255	879	
255	880	
255	881	
255	882	
255	883	
255	884	
256	885	
255	886	
254	887	
254	888	
254	889	
255	890	
255	891	
255	892	
255	893	
255	894	
255	895	
254	896	
255	897	
256	898	
257	899	
257	900	
257	901	
257	902	
257	903	
257	904	
254	905	
254	906	
255	906	
257	907	
256	908	
257	908	
255	909	
256	910	
257	911	
257	912	
257	913	
257	914	
257	915	
256	916	
256	917	
256	918	
257	919	
256	920	
256	921	
256	922	
257	923	
248	1012	
246	1014	
245	1015	
246	1016	
248	1017	
248	1018	
246	1021	
246	1023	
246	1044	
244	1063	
244	1064	
244	1065	
244	1087	
