342	92	
277	359	
277	360	
275	361	
275	362	
277	363	
277	364	
277	365	
277	366	
275	367	
276	367	
275	368	
276	369	
277	370	
275	371	
277	371	
276	372	
276	373	
277	374	
276	375	
276	376	
276	377	
276	378	
275	379	
275	380	
275	381	
276	382	
276	383	
277	384	
277	385	
277	386	
277	387	
276	388	
277	389	
277	390	
277	391	
277	392	
277	393	
277	394	
277	395	
277	396	
277	397	
277	398	
277	399	
277	400	
277	401	
278	402	
277	403	
277	404	
277	405	
277	406	
278	407	
278	408	
277	409	
277	410	
278	410	
277	411	
277	412	
278	413	
278	414	
279	415	
278	416	
271	417	
271	418	
269	419	
269	420	
269	421	
271	422	
271	423	
267	424	
267	425	
268	426	
269	427	
269	428	
269	429	
267	430	
267	431	
267	432	
267	433	
267	434	
267	435	
268	436	
268	437	
266	438	
267	439	
267	440	
267	441	
267	442	
266	443	
265	444	
266	444	
266	445	
266	446	
266	447	
266	448	
267	449	
267	450	
266	451	
267	452	
266	453	
267	454	
266	455	
265	456	
266	456	
265	457	
266	458	
266	459	
266	460	
266	461	
266	462	
265	463	
266	463	
266	464	
266	465	
266	466	
266	467	
266	468	
267	469	
267	470	
267	471	
267	472	
267	473	
266	474	
266	475	
266	476	
266	477	
266	478	
266	479	
266	480	
267	481	
268	482	
267	483	
266	484	
267	485	
266	486	
267	486	
267	487	
268	488	
267	489	
268	489	
268	490	
268	491	
268	492	
267	493	
268	493	
267	494	
268	495	
267	496	
267	497	
267	498	
268	499	
268	500	
267	501	
268	501	
268	502	
267	503	
268	503	
268	504	
268	505	
268	506	
268	507	
268	508	
267	509	
267	510	
269	511	
268	512	
268	513	
266	514	
266	515	
266	516	
264	517	
265	517	
265	518	
266	518	
266	519	
265	520	
265	521	
265	522	
264	523	
264	524	
265	525	
266	526	
266	527	
265	528	
265	529	
265	530	
265	531	
266	532	
265	533	
266	534	
265	535	
263	536	
263	537	
263	538	
263	539	
262	540	
263	541	
263	542	
263	543	
261	544	
263	545	
262	546	
259	547	
259	548	
262	549	
262	550	
262	551	
262	552	
262	553	
262	554	
262	555	
261	556	
261	557	
260	558	
260	559	
262	560	
262	561	
263	562	
260	563	
261	564	
261	565	
262	566	
262	567	
262	568	
262	569	
262	570	
262	571	
262	572	
262	573	
263	574	
261	575	
261	576	
262	576	
262	577	
261	578	
260	579	
260	580	
259	581	
259	582	
259	583	
259	584	
258	585	
259	585	
258	586	
259	587	
260	588	
259	589	
259	590	
258	591	
259	591	
259	592	
259	593	
259	594	
259	595	
259	596	
257	597	
258	598	
257	599	
258	599	
257	600	
257	601	
257	602	
257	603	
257	604	
256	605	
257	606	
257	607	
257	608	
256	609	
256	610	
256	611	
256	612	
255	613	
254	614	
255	615	
256	616	
255	617	
254	618	
255	619	
255	620	
256	621	
256	622	
257	623	
254	624	
254	625	
254	626	
255	627	
255	628	
256	629	
255	630	
254	631	
255	632	
255	633	
255	634	
255	635	
254	636	
255	636	
254	637	
254	638	
254	639	
254	640	
254	641	
255	642	
254	643	
254	644	
254	645	
254	646	
256	647	
255	648	
255	649	
255	650	
255	651	
256	652	
255	653	
255	654	
254	655	
255	656	
256	657	
256	658	
257	659	
257	660	
258	660	
258	661	
257	662	
257	663	
257	664	
256	665	
257	665	
257	666	
257	667	
258	668	
257	669	
257	670	
256	671	
257	672	
257	673	
257	674	
258	675	
257	676	
257	677	
257	678	
258	678	
257	679	
259	680	
256	681	
256	682	
257	682	
256	683	
257	683	
257	684	
256	685	
257	685	
256	686	
257	686	
256	687	
257	688	
258	688	
257	689	
257	690	
258	691	
258	692	
257	693	
257	694	
257	695	
257	696	
257	697	
257	698	
257	699	
257	700	
256	703	
257	704	
257	705	
257	706	
256	707	
255	708	
257	709	
257	710	
257	711	
257	712	
257	713	
258	714	
257	715	
258	716	
258	717	
257	718	
258	718	
257	719	
257	720	
256	721	
256	722	
255	723	
256	723	
256	724	
257	725	
256	726	
256	727	
256	728	
257	729	
257	730	
257	731	
256	732	
256	733	
256	734	
256	735	
256	736	
256	737	
256	738	
256	739	
257	740	
257	741	
258	742	
258	743	
256	744	
256	745	
259	746	
256	747	
256	748	
256	749	
256	750	
258	750	
258	751	
258	752	
258	753	
258	754	
258	755	
257	756	
258	756	
258	757	
259	758	
259	759	
256	760	
259	761	
259	762	
258	763	
258	764	
258	765	
258	766	
259	767	
258	768	
258	769	
258	770	
259	771	
259	772	
259	773	
259	774	
259	775	
259	776	
259	777	
259	778	
259	779	
259	780	
261	781	
261	782	
260	783	
259	784	
259	785	
259	786	
261	787	
261	788	
261	789	
260	790	
261	791	
261	792	
261	793	
260	794	
261	794	
263	795	
263	796	
263	797	
262	798	
262	799	
261	800	
261	801	
262	801	
262	802	
263	803	
263	804	
263	805	
263	806	
262	807	
265	808	
265	809	
262	810	
265	811	
265	812	
265	813	
263	814	
264	814	
263	815	
263	816	
264	817	
262	818	
262	819	
262	820	
264	820	
262	821	
262	822	
263	823	
263	824	
262	825	
263	825	
263	826	
263	827	
264	828	
264	829	
263	830	
263	831	
263	832	
263	833	
263	834	
262	835	
262	836	
262	837	
263	838	
262	839	
263	839	
262	840	
262	841	
262	842	
262	843	
263	844	
263	845	
262	846	
262	847	
262	848	
262	849	
262	850	
262	851	
263	852	
263	853	
263	854	
263	855	
262	856	
263	857	
263	858	
263	859	
263	860	
264	861	
263	862	
264	862	
263	863	
263	864	
264	865	
263	866	
263	867	
262	868	
263	869	
263	870	
262	871	
262	872	
262	873	
262	874	
263	875	
263	876	
263	877	
263	878	
263	879	
263	880	
264	880	
263	881	
263	882	
263	883	
263	884	
263	885	
263	886	
263	887	
263	888	
264	889	
264	890	
264	891	
262	892	
262	893	
262	894	
262	895	
262	896	
262	897	
262	898	
262	899	
262	900	
265	901	
265	902	
265	903	
264	904	
264	905	
264	906	
265	907	
265	908	
264	909	
264	910	
264	911	
264	912	
264	913	
264	914	
263	915	
263	916	
264	916	
264	917	
264	918	
264	919	
265	920	
265	921	
265	922	
265	923	
265	924	
265	925	
265	957	
264	958	
256	1041	
256	1042	
257	1043	
252	1071	
252	1072	
252	1073	
252	1074	
250	1081	
250	1086	
250	1087	
