343	101	
343	102	
343	103	
344	103	
277	356	
277	357	
277	358	
277	359	
277	360	
277	361	
277	362	
277	363	
277	364	
277	365	
277	366	
278	367	
277	368	
277	369	
277	370	
277	371	
277	372	
277	373	
277	374	
277	375	
277	376	
277	377	
277	378	
277	379	
278	380	
278	381	
277	382	
278	383	
278	384	
278	385	
278	386	
278	387	
277	388	
279	389	
279	390	
278	391	
278	392	
278	393	
278	394	
279	395	
279	396	
279	397	
280	398	
279	399	
279	400	
279	401	
279	402	
279	403	
279	404	
279	405	
279	406	
279	407	
279	408	
279	409	
280	409	
280	410	
279	411	
280	411	
279	412	
280	412	
280	413	
280	414	
280	415	
281	416	
281	417	
271	418	
271	419	
271	420	
271	421	
271	422	
271	423	
271	424	
271	425	
271	426	
271	427	
270	428	
270	429	
269	430	
269	431	
269	432	
269	433	
269	434	
269	435	
269	436	
269	437	
270	438	
269	439	
270	439	
268	440	
269	441	
269	442	
268	443	
268	444	
269	445	
269	446	
268	447	
268	448	
268	449	
268	450	
268	451	
269	451	
268	452	
268	453	
269	453	
268	454	
268	455	
267	456	
267	457	
267	458	
268	459	
269	460	
268	461	
269	461	
269	462	
269	463	
268	464	
269	465	
268	466	
269	467	
268	468	
268	469	
268	470	
268	471	
268	472	
268	473	
269	474	
269	475	
269	476	
269	477	
268	478	
268	479	
269	480	
269	481	
270	482	
269	483	
270	484	
269	485	
268	486	
267	487	
268	488	
269	488	
268	489	
268	490	
268	491	
268	492	
269	492	
268	493	
268	494	
269	495	
270	496	
270	497	
270	498	
270	499	
270	500	
269	501	
270	502	
270	503	
269	504	
270	505	
270	506	
271	507	
269	508	
269	509	
270	510	
270	511	
270	512	
269	513	
271	514	
269	515	
269	516	
269	517	
268	518	
268	519	
267	520	
267	521	
268	522	
268	523	
266	524	
267	525	
267	526	
266	527	
268	528	
268	529	
268	530	
269	531	
269	532	
268	533	
267	534	
267	535	
267	536	
267	537	
267	538	
267	539	
265	540	
265	541	
265	542	
265	543	
265	544	
264	545	
265	546	
263	547	
263	548	
263	549	
264	550	
264	551	
264	552	
264	553	
264	554	
264	555	
264	556	
263	557	
263	558	
263	559	
265	560	
265	561	
265	562	
264	563	
264	564	
263	565	
264	566	
265	567	
265	568	
264	569	
262	570	
264	570	
263	571	
263	572	
263	573	
263	574	
263	575	
263	576	
262	577	
261	578	
261	579	
260	580	
260	581	
261	582	
260	583	
261	583	
260	584	
260	585	
260	586	
260	587	
259	588	
259	589	
259	590	
260	591	
260	592	
260	593	
259	594	
259	595	
259	596	
259	597	
260	598	
258	599	
257	600	
257	601	
257	602	
257	603	
259	604	
257	605	
257	606	
258	607	
257	608	
259	609	
259	610	
258	611	
257	612	
258	613	
258	614	
256	615	
258	615	
256	616	
256	617	
257	618	
257	619	
257	620	
257	621	
257	622	
257	623	
257	624	
257	625	
256	626	
257	626	
256	627	
256	628	
257	628	
257	629	
256	630	
258	631	
257	632	
258	633	
256	634	
257	635	
257	636	
257	637	
257	638	
256	639	
256	640	
257	641	
255	642	
257	643	
257	644	
256	645	
257	646	
257	647	
256	648	
256	649	
256	650	
256	651	
257	651	
256	652	
257	653	
257	654	
257	655	
257	656	
256	657	
255	658	
255	659	
256	660	
257	661	
258	662	
256	663	
257	663	
256	664	
257	664	
256	665	
256	666	
257	666	
257	667	
257	668	
258	669	
258	670	
258	671	
258	672	
258	673	
258	674	
258	675	
258	676	
258	677	
259	678	
259	679	
259	680	
258	681	
259	681	
259	682	
259	683	
259	684	
258	685	
259	686	
258	687	
259	688	
258	689	
259	690	
259	691	
259	692	
259	693	
259	694	
259	695	
259	696	
259	697	
259	698	
259	699	
259	700	
259	701	
259	702	
258	703	
257	704	
259	706	
259	707	
259	708	
258	709	
259	709	
258	710	
259	711	
258	712	
258	713	
258	714	
259	714	
258	715	
258	716	
258	717	
258	718	
258	719	
258	720	
258	721	
259	722	
259	723	
258	724	
259	725	
259	726	
259	727	
259	728	
259	729	
258	730	
260	730	
258	731	
258	732	
259	732	
259	733	
258	734	
258	735	
258	736	
258	737	
257	738	
258	739	
258	740	
259	741	
259	742	
259	743	
259	744	
260	745	
259	746	
259	747	
259	748	
259	749	
260	750	
259	751	
260	751	
260	752	
258	753	
260	753	
258	754	
258	755	
258	756	
259	757	
260	758	
259	759	
259	760	
259	761	
259	762	
259	763	
260	763	
260	764	
258	765	
259	766	
259	767	
261	768	
261	769	
261	770	
261	771	
262	772	
259	773	
259	774	
260	775	
261	776	
260	777	
259	778	
259	779	
260	780	
260	781	
261	782	
261	783	
262	784	
263	785	
263	786	
262	787	
262	788	
261	789	
262	789	
263	790	
263	791	
263	792	
263	793	
263	794	
263	795	
264	796	
265	797	
265	798	
264	799	
264	800	
264	801	
265	802	
265	803	
265	804	
265	805	
265	806	
265	807	
265	808	
265	809	
265	810	
266	811	
266	812	
266	813	
265	814	
265	815	
264	816	
265	816	
264	817	
264	818	
264	819	
265	820	
265	821	
264	822	
264	823	
264	824	
264	825	
265	826	
265	827	
265	828	
264	829	
265	829	
264	830	
264	831	
264	832	
263	833	
263	834	
263	835	
263	836	
264	836	
263	837	
264	838	
265	839	
264	840	
264	841	
264	842	
264	843	
264	844	
264	845	
265	846	
265	847	
265	848	
265	849	
265	850	
264	851	
264	852	
265	853	
265	854	
264	855	
264	856	
264	857	
264	858	
264	859	
264	860	
264	861	
264	862	
265	862	
265	863	
265	864	
265	865	
265	866	
265	867	
265	868	
265	869	
264	870	
263	871	
264	871	
264	872	
264	873	
264	874	
265	875	
265	876	
265	877	
265	878	
264	879	
264	880	
264	881	
264	882	
264	883	
264	884	
264	885	
264	886	
264	887	
264	888	
264	889	
264	890	
264	891	
264	892	
265	893	
265	894	
265	895	
265	896	
265	897	
266	898	
266	899	
264	900	
265	900	
264	901	
264	902	
267	903	
267	904	
267	905	
267	906	
267	907	
266	908	
266	909	
267	909	
266	910	
265	911	
265	912	
266	913	
267	914	
267	915	
267	916	
267	917	
267	918	
266	919	
266	920	
266	921	
267	922	
267	923	
265	957	
266	958	
267	959	
267	960	
267	961	
254	1077	
