287	342	
287	343	
287	344	
287	345	
287	346	
287	347	
287	348	
287	349	
287	350	
287	351	
287	352	
287	353	
287	354	
287	355	
287	356	
288	357	
287	358	
287	359	
287	360	
287	361	
287	362	
287	363	
287	364	
287	365	
287	366	
287	367	
288	368	
288	369	
288	370	
288	371	
288	372	
288	373	
288	374	
288	375	
288	376	
288	377	
288	378	
288	379	
288	380	
288	381	
288	382	
288	383	
288	384	
289	385	
289	386	
289	387	
289	388	
289	389	
289	390	
289	391	
289	392	
289	393	
289	394	
289	395	
289	396	
289	397	
289	398	
289	399	
289	400	
289	401	
289	402	
289	403	
289	404	
289	405	
289	406	
290	407	
289	408	
288	409	
288	410	
287	411	
287	412	
289	413	
289	414	
289	415	
288	416	
288	417	
283	419	
283	420	
279	421	
279	422	
281	423	
281	424	
281	425	
281	426	
281	427	
281	428	
281	429	
279	430	
279	431	
279	432	
279	433	
279	434	
279	435	
279	436	
279	437	
279	438	
279	439	
279	440	
279	441	
279	442	
278	443	
279	443	
278	444	
278	445	
278	446	
278	447	
278	448	
278	449	
279	450	
278	451	
278	452	
278	453	
278	454	
278	455	
278	456	
277	457	
277	458	
278	459	
278	460	
277	461	
278	462	
277	463	
277	464	
278	465	
278	466	
278	467	
278	468	
278	469	
278	470	
278	471	
279	472	
278	473	
278	474	
278	475	
278	476	
278	477	
278	478	
279	478	
279	479	
279	480	
279	481	
277	482	
278	483	
278	484	
278	485	
278	486	
278	487	
279	488	
279	489	
279	490	
279	491	
278	492	
279	492	
278	493	
279	494	
279	495	
279	496	
279	497	
280	498	
279	499	
279	500	
279	501	
280	502	
280	503	
280	504	
279	505	
278	506	
279	506	
280	507	
281	508	
280	509	
280	510	
281	511	
281	512	
280	513	
280	514	
280	515	
281	516	
280	517	
280	518	
279	519	
280	519	
280	520	
280	521	
280	522	
280	523	
281	524	
281	525	
280	526	
281	527	
281	528	
280	529	
280	530	
280	531	
280	532	
279	533	
279	534	
278	535	
278	536	
278	537	
278	538	
278	539	
278	540	
278	541	
278	542	
278	543	
278	544	
278	545	
277	546	
277	547	
277	548	
277	549	
277	550	
276	551	
275	552	
275	553	
276	554	
276	555	
275	556	
276	556	
276	557	
275	558	
275	559	
274	560	
274	561	
274	562	
273	563	
274	564	
275	564	
274	565	
275	566	
271	567	
273	568	
273	569	
270	570	
270	571	
270	572	
270	573	
271	574	
271	575	
270	576	
269	577	
269	578	
269	579	
269	580	
269	581	
269	582	
269	583	
270	584	
270	585	
269	586	
269	587	
268	588	
268	589	
268	590	
268	591	
267	592	
268	593	
268	594	
267	595	
268	596	
268	597	
268	598	
267	599	
268	599	
268	600	
268	601	
268	602	
268	603	
268	604	
267	605	
267	606	
267	607	
268	608	
268	609	
268	610	
267	611	
266	612	
266	613	
266	614	
267	615	
267	616	
266	617	
266	618	
266	619	
266	620	
266	621	
266	622	
266	623	
266	624	
266	625	
266	626	
266	627	
266	628	
266	629	
266	630	
266	631	
266	632	
265	633	
265	634	
264	635	
267	636	
266	637	
265	638	
265	639	
266	640	
266	641	
264	642	
264	643	
265	644	
265	645	
265	646	
265	647	
265	648	
265	649	
265	650	
265	651	
265	652	
265	653	
264	654	
264	655	
264	656	
265	656	
264	657	
265	657	
264	658	
264	659	
265	660	
264	661	
265	662	
265	663	
265	664	
265	665	
265	666	
265	667	
265	668	
266	668	
266	669	
266	670	
266	671	
267	671	
267	672	
267	673	
265	674	
265	675	
267	676	
266	677	
265	678	
267	679	
267	680	
266	681	
266	682	
267	683	
268	684	
268	685	
268	686	
269	687	
268	688	
268	689	
269	689	
269	690	
269	691	
268	692	
267	693	
268	694	
269	695	
269	696	
268	697	
269	697	
268	698	
268	699	
267	700	
268	701	
269	702	
269	703	
269	704	
268	705	
267	706	
268	707	
267	708	
269	709	
269	710	
268	711	
268	712	
268	713	
267	714	
268	715	
268	716	
268	717	
268	718	
268	719	
267	720	
268	720	
267	721	
268	722	
268	723	
269	723	
269	724	
269	725	
269	726	
268	727	
267	728	
267	729	
267	730	
267	731	
267	732	
266	733	
267	734	
267	735	
266	736	
268	736	
268	737	
267	738	
267	739	
267	740	
268	740	
268	741	
269	742	
268	743	
266	744	
268	744	
268	745	
268	746	
267	747	
267	748	
268	749	
268	750	
268	751	
268	752	
268	753	
269	754	
269	755	
266	756	
269	756	
266	757	
268	758	
268	759	
268	760	
268	761	
269	762	
269	763	
268	764	
268	765	
268	766	
269	767	
269	768	
268	769	
268	770	
269	771	
269	772	
269	773	
269	774	
270	774	
269	775	
268	776	
269	776	
268	777	
268	778	
268	779	
268	780	
268	781	
268	782	
271	783	
271	784	
270	785	
269	786	
269	787	
270	788	
270	789	
271	790	
271	791	
270	792	
270	793	
269	794	
269	795	
273	796	
272	797	
272	798	
272	799	
272	800	
271	801	
272	801	
273	802	
273	803	
273	804	
273	805	
272	806	
275	807	
275	808	
275	809	
275	810	
275	811	
275	812	
275	813	
274	814	
275	814	
275	815	
275	816	
275	817	
275	818	
275	819	
275	820	
275	821	
275	822	
275	823	
274	824	
274	825	
275	826	
274	827	
275	828	
275	829	
275	830	
275	831	
274	832	
275	833	
274	834	
274	835	
274	836	
274	837	
274	838	
275	838	
274	839	
275	839	
275	840	
274	841	
274	842	
275	843	
275	844	
275	845	
275	846	
274	847	
275	848	
274	849	
274	850	
274	851	
274	852	
274	853	
273	854	
273	855	
274	856	
274	857	
275	858	
275	859	
274	860	
274	861	
274	862	
275	863	
275	864	
275	865	
272	866	
273	866	
273	867	
273	868	
274	869	
273	870	
274	870	
274	871	
274	872	
274	873	
274	874	
274	875	
274	876	
274	877	
274	878	
274	879	
273	880	
275	881	
274	882	
273	883	
273	884	
274	885	
274	886	
274	887	
274	888	
275	889	
276	890	
275	891	
275	892	
275	893	
275	894	
275	895	
275	896	
275	897	
275	898	
275	899	
275	900	
275	901	
274	902	
274	903	
274	904	
276	905	
276	906	
276	907	
275	908	
275	909	
275	910	
275	911	
275	912	
276	913	
276	914	
274	915	
274	916	
277	917	
277	918	
277	919	
277	920	
277	921	
277	922	
277	923	
277	936	
277	937	
277	938	
277	939	
277	940	
274	941	
274	942	
277	943	
277	944	
274	946	
274	947	
275	947	
274	948	
274	949	
274	950	
264	1064	
264	1065	
264	1066	
264	1067	
262	1071	
262	1077	
262	1078	
262	1079	
260	1085	
