354	89	
289	338	
289	339	
289	340	
289	341	
289	342	
290	343	
289	344	
289	345	
289	346	
289	347	
289	348	
289	349	
289	350	
289	351	
289	352	
289	353	
289	354	
289	355	
289	356	
289	357	
289	358	
289	359	
289	360	
289	361	
289	362	
289	363	
289	364	
289	365	
289	366	
290	367	
290	368	
291	369	
291	370	
290	371	
290	372	
290	373	
290	374	
290	375	
290	376	
290	377	
291	378	
291	379	
292	380	
292	381	
291	382	
291	383	
291	384	
291	385	
291	386	
292	387	
292	388	
292	389	
292	390	
291	391	
291	392	
291	393	
291	394	
292	395	
291	396	
291	397	
291	398	
291	399	
291	400	
291	401	
291	402	
291	403	
291	404	
290	405	
290	406	
289	407	
291	408	
291	409	
291	410	
289	411	
289	412	
289	413	
291	414	
291	415	
291	416	
289	417	
287	418	
289	419	
289	420	
283	421	
283	422	
283	423	
283	424	
283	425	
283	426	
283	427	
283	428	
282	429	
282	430	
282	431	
283	432	
282	433	
282	434	
283	435	
282	436	
282	437	
281	438	
281	439	
282	440	
281	441	
281	442	
281	443	
282	444	
281	445	
281	446	
281	447	
281	448	
280	449	
280	450	
281	451	
280	452	
280	453	
279	454	
280	455	
280	456	
281	457	
280	458	
281	458	
280	459	
279	460	
280	461	
279	462	
280	462	
280	463	
281	464	
280	465	
280	466	
281	466	
280	467	
280	468	
281	469	
282	470	
281	471	
281	472	
280	473	
281	473	
281	474	
281	475	
281	476	
281	477	
281	478	
281	479	
281	480	
281	481	
281	482	
281	483	
282	484	
281	485	
282	485	
281	486	
282	486	
280	487	
281	488	
280	489	
281	490	
281	491	
281	492	
282	493	
281	494	
281	495	
282	496	
281	497	
282	498	
282	499	
282	500	
282	501	
282	502	
282	503	
283	503	
282	504	
282	505	
282	506	
282	507	
283	508	
283	509	
282	510	
282	511	
283	512	
283	513	
283	514	
283	515	
283	516	
283	517	
283	518	
283	519	
283	520	
283	521	
283	522	
283	523	
283	524	
283	525	
283	526	
283	527	
283	528	
283	529	
284	529	
282	530	
282	531	
282	532	
282	533	
282	534	
282	535	
282	536	
282	537	
280	538	
281	538	
281	539	
280	540	
280	541	
281	542	
281	543	
281	544	
280	545	
280	546	
279	547	
279	548	
277	549	
277	550	
277	551	
279	552	
279	553	
277	554	
277	555	
277	556	
277	557	
277	558	
277	559	
278	560	
277	561	
277	562	
277	563	
277	564	
277	565	
275	566	
273	567	
273	568	
273	569	
273	570	
274	571	
273	572	
273	573	
272	574	
272	575	
274	576	
273	577	
273	578	
272	579	
272	580	
271	581	
271	582	
271	583	
271	584	
271	585	
271	586	
271	587	
271	588	
271	589	
272	590	
272	591	
271	592	
271	593	
270	594	
270	595	
270	596	
270	597	
270	598	
270	599	
270	600	
269	601	
269	602	
270	603	
270	604	
270	605	
271	606	
271	607	
271	608	
269	609	
269	610	
269	611	
269	612	
269	613	
270	614	
268	615	
268	616	
269	616	
269	617	
268	618	
269	618	
269	619	
270	620	
268	621	
268	622	
269	623	
268	624	
269	625	
268	626	
269	627	
270	627	
269	628	
269	629	
269	630	
268	631	
267	632	
267	633	
269	634	
268	635	
267	636	
267	637	
268	638	
268	639	
268	640	
268	641	
268	642	
268	643	
268	644	
267	645	
267	646	
267	647	
267	648	
267	649	
266	650	
266	651	
268	652	
268	653	
267	654	
267	655	
267	656	
267	657	
267	658	
266	659	
266	660	
267	661	
267	662	
266	663	
267	664	
267	665	
268	666	
267	667	
267	668	
267	669	
267	670	
267	671	
267	672	
268	673	
266	674	
268	675	
269	676	
269	677	
268	678	
267	679	
268	680	
268	681	
268	682	
268	683	
268	684	
269	685	
269	686	
270	687	
271	688	
271	689	
270	690	
270	691	
269	692	
270	693	
270	694	
271	694	
270	695	
269	696	
271	697	
270	698	
271	698	
270	699	
270	700	
271	700	
272	700	
270	701	
269	702	
270	703	
271	704	
271	705	
270	706	
270	707	
271	708	
270	709	
270	710	
271	711	
270	712	
270	713	
270	714	
270	715	
270	716	
271	717	
271	718	
271	719	
271	720	
271	721	
268	722	
269	723	
270	723	
269	724	
269	725	
269	726	
268	727	
269	728	
269	729	
269	730	
270	731	
270	732	
270	733	
269	734	
269	735	
269	736	
269	737	
270	738	
269	739	
269	740	
268	741	
269	742	
270	743	
271	744	
270	745	
270	746	
269	747	
269	748	
269	749	
270	750	
270	751	
270	752	
270	753	
270	754	
270	755	
269	756	
270	756	
269	757	
270	758	
270	759	
271	760	
271	761	
271	762	
271	763	
271	764	
271	765	
270	766	
270	767	
270	768	
270	769	
270	770	
270	771	
270	772	
270	773	
269	774	
270	774	
270	775	
270	776	
270	777	
273	778	
272	779	
272	780	
273	781	
273	782	
272	783	
272	784	
273	784	
273	785	
273	786	
273	787	
273	788	
273	789	
272	790	
272	791	
272	792	
273	793	
273	794	
273	795	
272	796	
274	797	
274	798	
274	799	
274	800	
274	801	
274	802	
273	803	
273	804	
275	805	
275	806	
274	807	
274	808	
275	809	
275	810	
276	811	
277	811	
277	812	
276	813	
277	814	
277	815	
277	816	
277	817	
277	818	
277	819	
276	820	
276	821	
276	822	
277	823	
278	824	
278	825	
278	826	
278	827	
278	828	
278	829	
277	830	
278	830	
277	831	
277	832	
278	832	
277	833	
278	834	
278	835	
278	836	
278	837	
277	838	
278	839	
276	840	
277	840	
277	841	
276	842	
277	843	
277	844	
277	845	
278	846	
277	847	
276	848	
275	849	
276	849	
275	850	
276	850	
276	851	
276	852	
275	853	
276	853	
276	854	
276	855	
276	856	
276	857	
276	858	
276	859	
276	860	
276	861	
276	862	
277	862	
276	863	
277	864	
278	865	
277	866	
276	867	
275	868	
276	869	
276	870	
276	871	
276	872	
276	873	
277	874	
277	875	
277	876	
278	877	
278	878	
277	879	
277	880	
278	881	
277	882	
277	883	
277	884	
277	885	
276	886	
276	887	
276	888	
276	889	
276	890	
277	891	
278	892	
277	893	
277	894	
277	895	
276	896	
276	897	
276	898	
276	899	
277	900	
277	901	
276	902	
277	902	
276	903	
276	904	
278	905	
278	906	
277	907	
277	908	
277	909	
279	910	
279	911	
278	912	
278	913	
278	914	
278	915	
278	916	
279	916	
278	917	
279	918	
279	919	
279	920	
278	921	
278	922	
278	923	
278	924	
279	939	
279	940	
278	941	
277	942	
279	945	
279	946	
278	947	
277	948	
277	949	
276	950	
277	951	
278	951	
277	952	
279	963	
279	964	
270	1039	
271	1040	
268	1061	
264	1075	
264	1076	
264	1077	
264	1078	
264	1079	
264	1080	
264	1086	
264	1087	
