175	537	
176	538	
176	539	
177	540	
177	541	
177	542	
177	543	
175	544	
173	545	
173	546	
173	547	
175	548	
174	549	
173	550	
175	551	
175	552	
175	553	
174	554	
175	555	
175	556	
175	557	
175	558	
175	559	
175	560	
172	561	
172	562	
175	563	
174	564	
175	564	
175	565	
175	566	
173	567	
173	568	
173	569	
175	570	
175	571	
175	573	
175	574	
176	575	
177	576	
178	577	
179	578	
178	579	
178	580	
178	581	
178	582	
178	583	
179	600	
178	601	
173	616	
171	618	
173	622	
173	623	
173	624	
172	625	
171	626	
172	627	
172	628	
172	629	
172	630	
172	631	
172	632	
172	633	
172	634	
171	635	
172	636	
171	637	
171	638	
172	639	
172	640	
172	641	
172	642	
172	643	
172	644	
172	645	
174	645	
174	646	
174	647	
173	648	
172	649	
172	650	
173	650	
172	651	
172	652	
172	653	
172	654	
174	655	
173	656	
174	657	
174	658	
172	659	
171	660	
172	661	
172	662	
173	663	
174	664	
175	665	
175	666	
175	667	
172	668	
172	669	
173	670	
174	671	
175	672	
175	673	
176	674	
176	675	
176	676	
175	677	
175	678	
176	679	
176	680	
177	681	
177	682	
176	683	
176	684	
177	685	
177	686	
178	687	
177	688	
177	689	
177	690	
177	691	
176	692	
176	693	
177	693	
176	694	
176	695	
177	696	
177	697	
177	698	
