364	95	
297	327	
299	328	
299	329	
299	330	
299	331	
298	332	
298	333	
298	334	
298	335	
299	336	
299	337	
299	338	
299	339	
299	340	
299	341	
298	342	
299	342	
299	343	
298	344	
299	344	
299	345	
299	346	
299	347	
298	348	
299	349	
299	350	
299	351	
299	352	
299	353	
299	354	
299	355	
299	356	
300	357	
300	358	
299	359	
299	360	
299	361	
300	362	
299	363	
300	364	
300	365	
300	366	
300	367	
301	368	
301	369	
301	370	
300	371	
300	372	
300	373	
300	374	
300	375	
300	376	
300	377	
300	378	
301	379	
300	380	
300	381	
300	382	
299	383	
299	384	
299	385	
299	386	
299	387	
299	388	
299	389	
299	390	
299	391	
299	392	
299	393	
299	394	
299	395	
299	396	
299	397	
299	398	
299	399	
299	400	
299	401	
298	402	
299	403	
297	404	
297	405	
297	406	
297	407	
298	408	
298	409	
299	410	
299	411	
295	412	
297	413	
297	414	
297	415	
295	416	
298	417	
298	418	
297	419	
297	420	
297	421	
295	422	
295	423	
293	426	
293	427	
294	428	
293	429	
293	430	
293	431	
292	432	
292	433	
291	434	
291	435	
291	436	
292	437	
293	438	
293	439	
292	440	
292	441	
291	442	
290	443	
290	444	
291	445	
291	446	
291	447	
291	448	
291	449	
291	450	
291	451	
291	452	
291	453	
291	454	
291	455	
292	456	
290	457	
290	458	
290	459	
290	460	
290	461	
290	462	
290	463	
291	463	
290	464	
290	465	
290	466	
290	467	
290	468	
290	469	
290	470	
290	471	
290	472	
290	473	
290	474	
291	475	
291	476	
291	477	
291	478	
289	479	
290	479	
290	480	
290	481	
289	482	
289	483	
290	483	
291	484	
291	485	
289	486	
290	486	
289	487	
290	488	
291	489	
290	490	
290	491	
291	492	
289	493	
289	494	
289	495	
289	496	
289	497	
289	498	
290	499	
290	500	
291	501	
290	502	
291	503	
290	504	
289	505	
289	506	
290	507	
291	508	
290	509	
290	510	
289	511	
291	511	
291	512	
291	513	
291	514	
291	515	
291	516	
291	517	
292	517	
290	518	
290	519	
291	519	
289	520	
289	521	
293	522	
292	523	
292	524	
292	525	
291	526	
291	527	
291	528	
292	528	
291	529	
291	530	
291	531	
291	532	
291	533	
291	534	
291	535	
287	536	
289	537	
289	538	
288	539	
288	540	
289	541	
289	542	
289	543	
288	544	
287	545	
287	546	
287	547	
287	548	
288	549	
289	550	
285	551	
287	552	
286	553	
285	554	
285	555	
285	558	
284	559	
283	560	
283	561	
281	562	
281	563	
282	564	
281	565	
282	565	
281	566	
281	567	
281	568	
282	569	
282	570	
281	571	
281	572	
281	573	
279	574	
279	575	
279	576	
280	577	
281	578	
281	579	
281	580	
281	581	
280	582	
279	583	
279	584	
279	585	
279	586	
279	587	
280	588	
279	589	
279	590	
279	591	
278	592	
278	593	
280	594	
279	595	
279	596	
278	597	
279	598	
279	599	
279	600	
279	601	
279	602	
279	603	
280	603	
278	604	
279	605	
278	606	
278	607	
278	608	
278	609	
278	610	
278	611	
278	612	
278	613	
277	614	
277	615	
277	616	
277	617	
277	618	
277	619	
277	620	
277	621	
277	622	
277	623	
277	624	
276	625	
277	625	
276	626	
276	627	
277	628	
276	629	
276	630	
277	631	
277	632	
277	633	
277	634	
276	635	
276	636	
277	637	
277	638	
277	639	
277	640	
276	641	
277	641	
277	642	
277	643	
277	644	
277	645	
277	646	
276	647	
277	648	
277	649	
278	650	
276	651	
277	652	
277	653	
277	654	
277	655	
277	656	
277	657	
277	658	
276	659	
275	660	
276	660	
275	661	
275	662	
275	663	
275	664	
275	665	
276	666	
276	667	
277	668	
274	669	
274	670	
277	671	
278	672	
274	673	
274	674	
273	675	
277	676	
275	677	
274	678	
274	679	
274	680	
274	681	
276	682	
276	683	
275	684	
275	685	
276	686	
277	687	
277	688	
277	689	
279	690	
278	691	
277	692	
278	693	
278	694	
279	694	
278	695	
278	696	
277	697	
277	698	
278	699	
278	700	
278	701	
279	701	
278	702	
278	703	
278	704	
278	705	
278	706	
278	707	
278	708	
278	709	
277	710	
278	710	
278	711	
278	712	
278	713	
278	714	
278	715	
278	716	
278	717	
277	718	
277	719	
277	720	
277	721	
279	722	
278	723	
278	724	
278	725	
278	726	
278	727	
278	728	
278	729	
278	730	
279	731	
279	732	
278	733	
278	734	
279	735	
278	736	
278	737	
278	738	
277	739	
278	740	
278	741	
279	742	
278	743	
278	744	
278	745	
279	746	
279	747	
279	748	
279	749	
279	750	
279	751	
278	752	
279	752	
278	753	
278	754	
278	755	
279	756	
279	757	
280	758	
279	759	
278	760	
279	761	
279	762	
280	763	
279	764	
279	765	
280	766	
279	767	
279	768	
278	769	
278	770	
278	771	
278	772	
279	773	
279	774	
280	775	
281	776	
281	777	
281	778	
281	779	
279	780	
279	781	
279	782	
279	783	
279	784	
279	785	
279	786	
280	787	
281	788	
281	789	
281	790	
281	791	
281	792	
281	793	
282	793	
282	794	
281	795	
282	795	
282	796	
281	797	
282	797	
281	798	
281	799	
282	800	
282	801	
282	802	
283	803	
283	804	
283	805	
283	806	
283	807	
283	808	
284	809	
283	810	
283	811	
283	812	
285	813	
286	814	
286	815	
286	816	
287	816	
287	817	
286	818	
285	819	
286	820	
286	821	
286	822	
286	823	
287	824	
286	825	
287	826	
286	827	
286	828	
286	829	
286	830	
286	831	
286	832	
286	833	
286	834	
286	835	
286	836	
285	837	
286	837	
285	838	
285	839	
286	839	
285	840	
286	841	
286	842	
286	843	
286	844	
286	845	
287	846	
286	847	
286	848	
287	849	
287	850	
287	851	
287	852	
287	853	
287	854	
286	855	
287	855	
287	856	
287	857	
286	858	
286	859	
286	860	
285	861	
286	861	
285	862	
287	863	
287	864	
287	865	
287	866	
287	867	
286	868	
286	869	
286	870	
286	871	
286	872	
287	873	
287	874	
287	875	
287	876	
287	877	
287	878	
287	879	
287	880	
287	881	
287	882	
287	883	
287	884	
287	885	
287	886	
287	887	
287	888	
287	889	
286	890	
286	891	
286	892	
286	893	
286	894	
286	895	
287	896	
287	897	
287	898	
286	899	
286	900	
286	901	
286	902	
286	903	
287	904	
288	905	
288	906	
286	907	
286	908	
288	909	
288	910	
286	911	
288	912	
288	913	
288	914	
288	915	
287	916	
288	916	
287	917	
288	918	
289	919	
289	920	
289	921	
288	922	
287	923	
287	924	
288	935	
286	949	
286	950	
286	951	
274	1075	
272	1085	
274	1087	
274	1088	
274	1089	
274	1090	
272	1097	
274	1098	
274	1099	
272	1103	
273	1103	
274	1104	
274	1105	
