301	324	
301	325	
301	326	
301	327	
301	328	
301	329	
301	330	
300	331	
300	332	
300	333	
300	334	
300	335	
299	336	
299	337	
300	338	
300	339	
299	340	
299	341	
300	342	
301	342	
300	343	
300	344	
300	345	
301	346	
302	347	
302	348	
301	349	
301	350	
302	351	
301	352	
301	353	
301	354	
301	355	
301	356	
301	357	
302	358	
302	359	
302	360	
302	361	
301	362	
302	363	
302	364	
302	365	
302	366	
302	367	
302	368	
302	369	
302	370	
302	371	
302	372	
301	373	
301	374	
301	375	
302	376	
302	377	
302	378	
302	379	
301	380	
301	381	
301	382	
301	383	
302	384	
301	385	
300	386	
301	387	
301	388	
301	389	
301	390	
301	391	
301	392	
301	393	
302	394	
301	395	
301	396	
301	397	
301	398	
300	399	
300	400	
299	401	
299	402	
299	403	
299	404	
299	405	
300	406	
300	407	
300	408	
299	409	
299	410	
300	411	
300	412	
300	413	
299	414	
299	415	
299	416	
299	417	
297	425	
297	426	
295	427	
294	428	
294	429	
293	430	
294	431	
294	432	
295	433	
295	434	
295	435	
295	436	
295	437	
294	438	
295	438	
294	439	
294	440	
293	441	
293	442	
293	443	
293	444	
293	445	
293	446	
293	447	
294	448	
293	449	
293	450	
293	451	
294	452	
294	453	
293	454	
293	455	
293	456	
293	457	
293	458	
293	459	
293	460	
293	461	
292	462	
293	463	
293	464	
293	465	
293	466	
293	467	
292	468	
292	469	
293	470	
293	471	
292	472	
292	473	
292	474	
292	475	
291	476	
292	476	
292	477	
292	478	
291	479	
291	480	
291	481	
291	482	
291	483	
292	483	
291	484	
292	485	
291	486	
292	487	
292	488	
293	488	
293	489	
293	490	
292	491	
291	492	
292	493	
291	494	
291	495	
291	496	
292	497	
292	498	
291	499	
291	500	
292	500	
291	501	
291	502	
293	503	
292	504	
293	505	
292	506	
292	507	
292	508	
293	509	
292	510	
292	511	
293	511	
292	512	
291	513	
292	514	
292	515	
292	516	
293	517	
293	518	
293	519	
293	520	
293	521	
293	522	
293	523	
292	524	
292	525	
293	526	
293	527	
292	528	
292	529	
291	530	
292	531	
292	532	
292	533	
292	534	
292	535	
292	536	
291	537	
292	538	
291	539	
290	540	
290	541	
291	541	
290	542	
290	543	
290	544	
289	545	
289	546	
289	547	
289	548	
289	549	
289	550	
289	551	
287	552	
285	553	
285	554	
285	555	
285	556	
286	557	
287	558	
285	559	
285	560	
285	561	
285	562	
285	563	
283	564	
283	565	
284	566	
283	567	
282	568	
282	569	
284	570	
283	571	
284	571	
283	572	
283	573	
283	574	
283	575	
283	576	
284	577	
283	578	
283	579	
283	580	
282	581	
282	582	
281	583	
282	584	
281	585	
281	586	
281	587	
281	588	
281	589	
281	590	
280	591	
279	592	
279	593	
280	594	
281	595	
281	596	
281	597	
281	598	
281	599	
281	600	
281	601	
281	602	
281	603	
281	604	
281	605	
281	606	
280	607	
279	608	
280	609	
280	610	
279	611	
280	612	
280	613	
280	614	
280	615	
280	616	
280	617	
280	618	
279	619	
279	620	
279	621	
279	622	
279	623	
278	624	
280	624	
278	625	
278	626	
277	627	
278	628	
278	629	
279	630	
278	631	
278	632	
279	633	
277	634	
279	634	
278	635	
278	636	
279	637	
279	638	
278	639	
279	639	
278	640	
279	641	
278	642	
278	643	
279	644	
278	645	
278	646	
278	647	
278	648	
278	649	
278	650	
277	651	
278	652	
277	653	
279	654	
277	655	
277	656	
277	657	
277	658	
277	659	
277	660	
277	661	
278	661	
278	662	
276	663	
278	664	
276	665	
277	666	
276	667	
276	668	
277	669	
277	670	
276	671	
278	672	
278	673	
278	674	
277	675	
278	676	
278	677	
278	678	
278	679	
277	680	
278	681	
278	682	
279	683	
278	684	
278	685	
278	686	
278	687	
278	688	
278	689	
277	690	
279	691	
279	692	
280	693	
280	694	
280	695	
279	696	
278	697	
279	697	
279	698	
280	699	
280	700	
281	701	
281	702	
280	703	
280	704	
281	704	
281	705	
281	706	
280	707	
280	708	
280	709	
280	710	
280	711	
279	712	
281	713	
281	714	
281	715	
280	716	
280	717	
280	718	
281	718	
281	719	
281	720	
281	721	
281	722	
281	723	
280	724	
280	725	
279	726	
280	727	
280	728	
280	729	
279	730	
280	731	
280	732	
280	733	
280	734	
280	735	
280	736	
280	737	
280	738	
280	739	
281	740	
279	741	
279	742	
280	743	
280	744	
280	745	
280	746	
278	747	
279	748	
280	749	
280	750	
279	751	
280	752	
280	753	
279	754	
280	754	
279	755	
280	756	
280	757	
280	758	
280	759	
280	760	
279	761	
280	761	
280	762	
280	763	
280	764	
280	765	
280	766	
280	767	
280	768	
281	769	
281	770	
280	771	
280	772	
281	773	
282	774	
282	775	
282	776	
282	777	
281	778	
281	779	
282	780	
282	781	
281	782	
282	783	
282	784	
282	785	
283	786	
283	787	
284	788	
283	789	
283	790	
283	791	
283	792	
283	793	
283	794	
282	795	
285	796	
285	797	
283	798	
283	799	
284	800	
285	801	
286	802	
285	803	
284	804	
285	805	
285	806	
285	807	
286	808	
285	809	
286	810	
286	811	
287	812	
287	813	
287	814	
287	815	
287	816	
287	817	
288	818	
288	819	
288	820	
288	821	
288	822	
288	823	
288	824	
288	825	
288	826	
288	827	
289	828	
288	829	
288	830	
288	831	
289	831	
288	832	
289	833	
289	834	
289	835	
289	836	
289	837	
289	838	
289	839	
288	840	
288	841	
288	842	
288	843	
288	844	
288	845	
289	846	
289	847	
289	848	
289	849	
289	850	
289	851	
289	852	
288	853	
289	853	
289	854	
289	855	
289	856	
289	857	
289	858	
289	859	
289	860	
289	861	
289	862	
289	863	
289	864	
288	865	
289	866	
288	867	
289	868	
289	869	
289	870	
289	871	
288	872	
288	873	
288	874	
289	875	
289	876	
289	877	
288	878	
288	879	
288	880	
288	881	
288	882	
289	883	
289	884	
290	885	
289	886	
290	886	
290	887	
289	888	
289	889	
288	890	
288	891	
288	892	
288	893	
288	894	
288	895	
289	896	
289	897	
289	898	
290	899	
288	900	
289	901	
289	902	
288	903	
288	904	
289	905	
289	906	
289	907	
288	908	
291	909	
291	910	
289	911	
289	912	
291	913	
291	914	
290	915	
290	916	
291	917	
290	918	
289	919	
290	920	
291	921	
291	922	
291	923	
276	1085	
276	1089	
276	1090	
276	1091	
274	1093	
