302	323	
303	323	
303	324	
303	325	
303	326	
303	327	
303	328	
303	329	
303	330	
303	331	
303	332	
303	333	
303	334	
303	335	
303	336	
303	337	
304	338	
303	339	
304	339	
303	340	
303	341	
304	341	
304	342	
303	343	
303	344	
303	345	
304	346	
303	347	
304	347	
304	348	
304	349	
304	350	
304	351	
304	352	
305	352	
305	353	
305	354	
305	355	
304	356	
305	357	
305	358	
305	359	
305	360	
305	361	
306	362	
305	363	
305	364	
305	365	
305	366	
305	367	
305	368	
305	369	
305	370	
305	371	
305	372	
305	373	
305	374	
305	375	
305	376	
305	377	
304	378	
303	379	
304	380	
304	381	
304	382	
304	383	
304	384	
303	385	
303	386	
303	387	
303	388	
303	389	
303	390	
303	391	
303	392	
303	393	
303	394	
303	395	
303	396	
303	397	
303	398	
303	399	
303	400	
303	401	
303	402	
303	403	
303	404	
302	405	
303	406	
303	407	
303	408	
303	409	
296	432	
296	433	
295	435	
295	436	
295	437	
296	437	
297	438	
297	439	
296	440	
296	441	
296	442	
296	443	
295	444	
295	445	
296	446	
295	447	
295	448	
295	449	
295	450	
295	451	
295	452	
294	453	
295	453	
295	454	
295	455	
295	456	
295	457	
296	458	
296	459	
295	460	
294	461	
295	462	
294	463	
296	464	
296	465	
295	466	
295	467	
295	468	
295	469	
295	470	
294	471	
294	472	
294	473	
294	474	
294	475	
293	476	
294	477	
294	478	
294	479	
294	480	
295	481	
293	482	
294	482	
294	483	
293	484	
294	485	
294	486	
294	487	
294	488	
295	488	
294	489	
294	490	
294	491	
294	492	
294	493	
294	494	
293	495	
294	495	
294	496	
294	497	
293	498	
293	499	
294	500	
294	501	
294	502	
295	503	
295	504	
294	505	
294	506	
293	507	
294	507	
293	508	
293	509	
295	510	
294	511	
295	511	
294	512	
293	513	
293	514	
293	515	
293	516	
294	516	
293	517	
293	518	
295	519	
295	520	
295	521	
295	522	
294	523	
296	523	
296	524	
294	525	
295	526	
296	527	
296	528	
295	529	
295	530	
295	531	
294	532	
294	533	
295	534	
294	535	
294	536	
293	537	
294	538	
294	539	
293	540	
294	540	
294	541	
294	542	
294	543	
294	544	
293	545	
293	546	
293	547	
289	549	
287	550	
289	551	
290	552	
289	553	
287	554	
287	555	
287	556	
288	557	
289	558	
288	559	
288	560	
287	561	
288	561	
287	562	
287	563	
287	564	
287	565	
287	566	
286	567	
286	568	
285	569	
286	570	
286	571	
286	572	
286	573	
286	574	
284	575	
284	576	
284	577	
285	578	
284	579	
284	580	
283	581	
284	582	
283	583	
284	584	
283	585	
284	586	
284	587	
284	588	
283	589	
283	590	
284	591	
284	592	
284	593	
286	593	
285	594	
286	595	
285	596	
284	597	
283	598	
284	599	
284	600	
283	601	
283	602	
282	603	
282	604	
282	605	
283	606	
281	607	
282	608	
282	609	
282	610	
282	611	
284	612	
282	613	
282	614	
282	615	
281	616	
282	617	
281	618	
283	619	
282	620	
282	621	
281	622	
281	623	
282	624	
282	625	
281	626	
281	627	
281	628	
282	629	
281	630	
282	631	
282	632	
281	633	
281	634	
281	635	
282	636	
282	637	
282	638	
282	639	
281	640	
280	641	
282	641	
280	642	
282	643	
280	644	
280	645	
281	646	
281	647	
280	648	
281	649	
281	650	
281	651	
280	652	
279	653	
279	654	
281	655	
281	656	
280	657	
280	658	
280	659	
280	660	
281	661	
281	662	
281	663	
281	664	
281	665	
280	666	
280	667	
279	668	
279	669	
280	670	
280	671	
278	672	
280	673	
280	674	
280	675	
280	676	
280	677	
281	678	
281	679	
281	680	
280	681	
281	681	
280	682	
282	682	
282	683	
280	684	
280	685	
280	686	
280	687	
279	688	
280	689	
280	690	
280	691	
280	692	
281	693	
282	694	
282	695	
283	696	
283	697	
282	698	
282	699	
282	700	
282	701	
282	702	
282	703	
282	704	
283	705	
283	706	
283	707	
282	708	
283	709	
282	710	
283	710	
282	711	
282	712	
281	713	
282	714	
282	715	
283	716	
283	717	
283	718	
283	719	
282	720	
281	721	
282	721	
282	722	
282	723	
282	724	
282	725	
282	726	
283	726	
282	727	
282	728	
282	729	
282	730	
282	731	
282	732	
283	732	
283	733	
283	734	
283	735	
282	736	
282	737	
282	738	
282	739	
282	740	
282	741	
282	742	
282	743	
282	744	
282	745	
282	746	
282	747	
282	748	
283	749	
282	750	
282	751	
283	752	
284	753	
284	754	
282	755	
282	756	
282	757	
282	758	
282	759	
282	760	
283	761	
283	762	
283	763	
283	764	
282	765	
283	766	
283	767	
284	768	
284	769	
284	770	
283	771	
283	772	
283	773	
284	773	
284	774	
283	775	
282	776	
283	777	
284	778	
284	779	
284	780	
284	781	
284	782	
284	783	
285	784	
284	785	
285	786	
284	787	
286	788	
286	789	
285	790	
285	791	
285	792	
286	793	
286	794	
285	795	
285	796	
287	797	
286	798	
287	798	
286	799	
286	800	
287	801	
288	802	
288	803	
289	804	
289	805	
289	806	
287	807	
287	808	
287	809	
289	810	
289	811	
289	812	
289	813	
289	814	
289	815	
289	816	
289	817	
289	818	
290	819	
290	820	
290	821	
290	822	
292	823	
292	824	
291	825	
291	826	
292	827	
292	828	
291	829	
291	830	
291	831	
292	832	
292	833	
292	834	
293	835	
292	836	
293	836	
291	837	
291	838	
292	839	
293	840	
293	841	
292	842	
292	843	
290	844	
290	845	
293	846	
293	847	
293	848	
290	849	
291	850	
291	851	
291	852	
290	853	
291	853	
290	854	
290	855	
290	856	
291	857	
291	858	
291	859	
291	860	
291	861	
291	862	
291	863	
291	864	
290	865	
291	865	
291	866	
291	867	
292	867	
292	868	
293	868	
290	869	
290	870	
291	871	
291	872	
292	873	
292	874	
291	875	
291	876	
291	877	
292	878	
292	879	
292	880	
292	881	
292	882	
292	883	
291	884	
291	885	
291	886	
292	886	
292	887	
293	888	
292	889	
292	890	
292	891	
292	892	
292	893	
292	894	
291	895	
292	895	
291	896	
291	897	
293	898	
293	899	
292	900	
291	901	
291	902	
292	903	
292	904	
292	905	
292	906	
292	907	
291	908	
292	909	
293	910	
293	911	
293	912	
293	913	
293	914	
293	915	
293	916	
293	917	
293	918	
292	919	
293	919	
294	920	
294	921	
293	922	
293	923	
293	948	
293	949	
291	951	
292	951	
284	1044	
284	1045	
282	1061	
281	1062	
280	1063	
280	1064	
280	1070	
280	1071	
280	1072	
280	1073	
280	1074	
280	1075	
280	1076	
280	1077	
280	1078	
280	1095	
280	1099	
278	1103	
278	1104	
278	1105	
278	1106	
278	1107	
