35	
32	
54	
72	
74	
81	
107	
113	
131	
138	
149	
157	
154	
149	
168	
156	
170	
166	
186	
193	
208	
197	
216	
222	
219	
228	
242	
244	
251	
257	
266	
263	
264	
287	
273	
288	
299	
348	
370	
369	
398	
409	
451	
457	
448	
440	
445	
440	
465	
461	
472	
495	
482	
484	
507	
518	
511	
535	
540	
546	
558	
551	
557	
561	
566	
559	
576	
554	
585	
585	
585	
602	
587	
594	
603	
607	
611	
617	
611	
609	
635	
627	
617	
641	
633	
647	
644	
649	
650	
639	
626	
650	
655	
640	
619	
626	
627	
637	
624	
603	
597	
610	
609	
619	
607	
629	
619	
623	
649	
645	
634	
640	
645	
650	
648	
641	
640	
641	
649	
658	
643	
660	
657	
650	
647	
645	
639	
648	
618	
651	
661	
665	
671	
667	
659	
671	
680	
680	
675	
670	
692	
694	
684	
684	
681	
692	
693	
711	
697	
687	
665	
685	
686	
688	
693	
660	
694	
685	
675	
671	
677	
668	
660	
680	
673	
673	
687	
663	
658	
655	
646	
654	
648	
662	
662	
645	
642	
655	
657	
643	
667	
677	
667	
638	
662	
675	
672	
673	
656	
674	
645	
680	
659	
653	
655	
668	
676	
662	
653	
662	
659	
656	
661	
653	
676	
655	
647	
668	
635	
673	
664	
654	
666	
665	
641	
672	
653	
678	
680	
661	
657	
654	
648	
639	
647	
636	
643	
628	
635	
629	
642	
605	
622	
613	
619	
614	
597	
621	
596	
585	
576	
580	
566	
616	
615	
597	
608	
620	
594	
623	
579	
581	
599	
580	
572	
573	
554	
571	
513	
493	
471	
458	
444	
429	
395	
369	
346	
325	
307	
290	
296	
294	
272	
268	
279	
268	
258	
252	
252	
227	
206	
199	
195	
194	
181	
171	
181	
170	
167	
156	
175	
143	
94		
